(0, 0, 0, 0)
(-0.138373017, 0.7765681, -0.6093492, 0.08055065)
(-0.131729245, 0.7700152, -0.619981766, 0.07311986)
(-0.1360228, 0.7776694, -0.608605564, 0.0795447752)
(-0.137078151, 0.768936455, -0.619604945, 0.0776917562)
(-0.132811517, 0.7780711, -0.6091523, 0.07681093)
(-0.134872526, 0.769182146, -0.620071054, 0.0753664151)
(-0.13260372, 0.7781445, -0.609204, 0.0760128)
(-0.13613221, 0.769221365, -0.6196838, 0.07588475)
(-0.1338857, 0.77834934, -0.6085666, 0.07676912)
(-0.1368207, 0.769646, -0.6189649, 0.0762077644)
(-0.127223119, 0.778227031, -0.610918343, 0.0703974)
(-0.132996932, 0.7692533, -0.6207864, 0.07200957)
(-0.135749653, 0.7600332, -0.6316124, 0.0706215054)
(-0.1357288, 0.7681851, -0.621558666, 0.07165345)
(-0.1275994, 0.773498356, -0.6175028, 0.06410144)
(-0.119922638, 0.770467, -0.6233536, 0.058562614)
(-0.1319521, 0.7499894, -0.6448669, 0.06520114)
(-0.115775965, 0.719481945, -0.6831849, 0.0469052643)
(-0.0979229957, 0.681404, -0.724697948, 0.03021015)
(-0.07665654, 0.6365915, -0.767189443, 0.0171859134)
(-0.0717901, 0.586058855, -0.8066857, 0.0252843723)
(-0.0760311857, 0.5546438, -0.8276343, 0.0401364453)
(-0.08996986, 0.5563876, -0.82420814, 0.0549469776)
(-0.0972620547, 0.57681, -0.8093679, 0.0524774119)
(-0.09594415, 0.591345966, -0.7996233, 0.0413174033)
(-0.08388934, 0.592566133, -0.8008083, 0.0231094211)
(-0.08065518, 0.5789465, -0.811106741, 0.020533381)
(-0.0852654651, 0.5694529, -0.8170389, 0.0300091319)
(-0.0863529742, 0.5806431, -0.8087842, 0.03556498)
(-0.0973243341, 0.576341867, -0.8098148, 0.0505772531)
(-0.09716273, 0.5902217, -0.7996267, 0.05286701)
(-0.0875552148, 0.5998088, -0.7942524, 0.04155379)
(-0.07873677, 0.592356741, -0.8012947, 0.02899761)
(-0.089682, 0.5918409, -0.7997722, 0.0452312119)
(-0.07986706, 0.600983143, -0.794513762, 0.0344736539)
(-0.08475119, 0.611274242, -0.785674453, 0.0433196537)
(-0.08727826, 0.6003163, -0.7936896, 0.04538406)
(-0.09575389, 0.606891751, -0.7868173, 0.0585837364)
(-0.0859996751, 0.6029447, -0.791889369, 0.04441734)
(-0.0821181461, 0.5932075, -0.7999963, 0.03697814)
(-0.0900359, 0.6011087, -0.7925761, 0.0488377064)
(-0.08032145, 0.59741354, -0.797171831, 0.0340984575)
(-0.09020464, 0.6037672, -0.7906346, 0.0471739955)
(-0.0845297948, 0.5956856, -0.797911465, 0.03675347)
(-0.07486912, 0.6043038, -0.7928613, 0.0241378043)
(-0.0863314345, 0.5994791, -0.794825435, 0.0377386548)
(-0.0746902451, 0.6015288, -0.7950685, 0.0212254114)
(-0.08724058, 0.601531565, -0.793231249, 0.03651023)
(-0.08587368, 0.5911066, -0.801384747, 0.0316398963)
(-0.08732184, 0.602534235, -0.7925211, 0.0351812355)
(-0.08321328, 0.592311442, -0.800899446, 0.02833324)
(-0.09053928, 0.6004368, -0.7934973, 0.040499635)
(-0.07912033, 0.6079282, -0.7895722, 0.0271865)
(-0.0906282738, 0.6042188, -0.790498555, 0.04264054)
(-0.0900848, 0.592863, -0.7992168, 0.0406286269)
(-0.09546984, 0.602469146, -0.7908071, 0.05040455)
(-0.0861069, 0.6119904, -0.785153747, 0.03983578)
(-0.083860144, 0.601070762, -0.7939671, 0.03602281)
(-0.08642965, 0.589096367, -0.80245924, 0.03942573)
(-0.09174385, 0.5977499, -0.794820845, 0.0503766239)
(-0.08126581, 0.606418, -0.7900144, 0.03912048)
(-0.09107069, 0.611544, -0.7841126, 0.05373623)
(-0.08633939, 0.602614164, -0.7919986, 0.04625754)
(-0.0889620855, 0.613918662, -0.782608449, 0.05209106)
(-0.0810833648, 0.60747087, -0.789163947, 0.0403122678)
(-0.08590949, 0.596185148, -0.79697, 0.04496295)
(-0.07449992, 0.594959557, -0.799740136, 0.0298117436)
(-0.0853075, 0.58823967, -0.8029749, 0.0439099856)
(-0.09183926, 0.5968768, -0.7951694, 0.0548576973)
(-0.08036914, 0.5959315, -0.798037946, 0.03926797)
(-0.08966045, 0.6017554, -0.7918264, 0.053500846)
(-0.07954948, 0.597330451, -0.797037959, 0.03998268)
(-0.08553344, 0.6060479, -0.78916806, 0.0510273054)
(-0.08263657, 0.595575631, -0.797684431, 0.0464805365)
(-0.08696776, 0.6052247, -0.78934145, 0.05549522)
(-0.08232186, 0.595568836, -0.7976056, 0.0484369174)
(-0.08806852, 0.60434556, -0.7896391, 0.0589951575)
(-0.08268518, 0.5954466, -0.797507644, 0.0508724749)
(-0.08568152, 0.6061584, -0.7885854, 0.05799709)
(-0.08083367, 0.5968204, -0.796690166, 0.0505579524)
(-0.08783308, 0.6044622, -0.7892949, 0.06264424)
(-0.08073223, 0.596654832, -0.796692669, 0.0525926426)
(-0.08360933, 0.6071909, -0.7878811, 0.05976622)
(-0.07618324, 0.599376559, -0.795303345, 0.0493619032)
(-0.08029834, 0.609063, -0.786940455, 0.0576115437)
(-0.07626457, 0.5992705, -0.795260549, 0.0511774346)
(-0.08165041, 0.60852623, -0.7869843, 0.0607018471)
(-0.07805677, 0.5986634, -0.79532963, 0.05440722)
(-0.08014063, 0.6095719, -0.7863982, 0.05981279)
(-0.07762892, 0.5991155, -0.795000255, 0.0548533164)
(-0.0777265057, 0.6105114, -0.7860925, 0.0573848523)
(-0.07612745, 0.5998522, -0.794694662, 0.0533133857)
(-0.06952751, 0.610880435, -0.78727746, 0.04674577)
(-0.07432945, 0.6001382, -0.7947349, 0.05201638)
(-0.0633299, 0.5964628, -0.799260736, 0.03746541)
(-0.0739826038, 0.5986264, -0.795831144, 0.053158015)
(-0.06153583, 0.6032562, -0.7942523, 0.0381896235)
(-0.07275182, 0.599576652, -0.795205534, 0.0535096526)
(-0.06588645, 0.61063695, -0.7877605, 0.047062628)
(-0.0711372048, 0.599854767, -0.7951784, 0.05296274)
(-0.0678323954, 0.589566648, -0.8034682, 0.04742146)
(-0.07096393, 0.6002511, -0.7948053, 0.0542888753)
(-0.07814422, 0.608205, -0.7871777, 0.06581221)
(-0.06922055, 0.6023284, -0.7934699, 0.05305038)
(-0.0801328346, 0.5959867, -0.7961875, 0.0668123439)
(-0.06804022, 0.600601137, -0.794960141, 0.0518379658)
(-0.07911838, 0.5960605, -0.796237, 0.066773966)
(-0.0667723939, 0.600695252, -0.7950027, 0.0517428443)
(-0.0737233162, 0.608587265, -0.787523866, 0.0631877854)
(-0.0656653941, 0.6015932, -0.7944175, 0.05171622)
(-0.0714770257, 0.6105891, -0.7863266, 0.0613399744)
(-0.06426452, 0.602775633, -0.7937007, 0.0507022552)
(-0.06724028, 0.5916521, -0.8016159, 0.0532789081)
(-0.06522121, 0.6037005, -0.792757154, 0.0531775765)
(-0.0745953545, 0.5955135, -0.7972439, 0.0648182)
(-0.06412682, 0.6036315, -0.792947233, 0.0524534136)
(-0.07328897, 0.595143735, -0.797764838, 0.0632758662)
(-0.06359764, 0.6039971, -0.7927532, 0.0518179871)
(-0.07156764, 0.594175756, -0.7988397, 0.060732618)
(-0.06670055, 0.6054716, -0.7910832, 0.0560578927)
(-0.07062982, 0.594026744, -0.7991659, 0.0589713529)
(-0.062014427, 0.6036835, -0.79330194, 0.04891389)
(-0.0731063858, 0.5974374, -0.796110749, 0.06270256)
(-0.06280819, 0.604831338, -0.79228735, 0.050149437)
(-0.0515417, 0.6100846, -0.7898403, 0.03595264)
(-0.0611182563, 0.60123086, -0.795334756, 0.04720858)
(-0.0617491752, 0.612383664, -0.786591232, 0.0494714826)
(-0.0597679541, 0.601555347, -0.7953446, 0.04456535)
(-0.07226619, 0.5984088, -0.795668066, 0.0599737875)
(-0.06087932, 0.5989501, -0.797272444, 0.04369305)
(-0.07299139, 0.5999408, -0.794515669, 0.0590595119)
(-0.0619655028, 0.5985515, -0.7975285, 0.0429506041)
(-0.07382649, 0.59910804, -0.79510814, 0.0585000366)
(-0.06269561, 0.5967719, -0.7988049, 0.0429339074)
(-0.0672157, 0.6070976, -0.790151834, 0.05074087)
(-0.06168134, 0.5982994, -0.7977736, 0.04231586)
(-0.07095328, 0.6042845, -0.791616142, 0.0561234541)
(-0.06867628, 0.59378463, -0.8000404, 0.05136879)
(-0.070209004, 0.6049682, -0.7912036, 0.05550588)
(-0.07011775, 0.593767643, -0.7997952, 0.0533953533)
(-0.06578305, 0.604949653, -0.7919872, 0.04964748)
(-0.069543615, 0.593310058, -0.8002174, 0.0529059842)
(-0.06506047, 0.604757965, -0.7922213, 0.049197)
(-0.07002046, 0.593986869, -0.7995473, 0.05478046)
(-0.069532536, 0.605689049, -0.790594459, 0.05715189)
(-0.0680864751, 0.594281435, -0.799554944, 0.0539043173)
(-0.06628204, 0.5826599, -0.8084509, 0.0502123758)
(-0.06619583, 0.593871236, -0.800084, 0.0529219024)
(-0.0611112677, 0.58423537, -0.8080159, 0.04522019)
(-0.06485585, 0.5946712, -0.799589634, 0.0530678742)
(-0.07106069, 0.6030185, -0.79197973, 0.06393085)
(-0.0642196238, 0.5945031, -0.7997113, 0.0538868047)
(-0.05215991, 0.5988008, -0.7982517, 0.03887566)
(-0.0619955473, 0.591002345, -0.8026161, 0.05177022)
(-0.0720686838, 0.5837044, -0.806132555, 0.0651591644)
(-0.061422307, 0.5915606, -0.8021898, 0.05267695)
(-0.0715970248, 0.5847216, -0.80532974, 0.0664709955)
(-0.0631754547, 0.594980657, -0.799188256, 0.0574889146)
(-0.07332516, 0.5984881, -0.7944653, 0.07252925)
(-0.0640865043, 0.592623532, -0.800718248, 0.05950241)
(-0.0595792457, 0.582611263, -0.808871, 0.0523654781)
(-0.06456991, 0.591778338, -0.8011205, 0.06192737)
(-0.057762742, 0.5832257, -0.808582544, 0.0520146675)
(-0.06420469, 0.5912521, -0.801427543, 0.0633447245)
(-0.05753346, 0.582772434, -0.8088364, 0.0533828028)
(-0.0634260848, 0.5913475, -0.801384032, 0.06378781)
(-0.0558416173, 0.5837048, -0.808342, 0.0524752736)
(-0.06002003, 0.593673, -0.800192058, 0.0603539981)
(-0.0557851568, 0.5836526, -0.808341146, 0.05312497)
(-0.0591827743, 0.5939992, -0.800045133, 0.0599174723)
(-0.0557532236, 0.583589733, -0.808342, 0.0538319051)
(-0.05849188, 0.5943455, -0.7998275, 0.06006706)
(-0.059524145, 0.582965, -0.8080768, 0.06017033)
(-0.0485657565, 0.5903503, -0.804317236, 0.0469208434)
(-0.0591102764, 0.584466934, -0.806925, 0.06145177)
(-0.0491872542, 0.579649866, -0.8119796, 0.0477045327)
(-0.0583095737, 0.584554851, -0.8068363, 0.0625355)
(-0.05367032, 0.596592963, -0.798532963, 0.0595096573)
(-0.05799337, 0.5852603, -0.806183, 0.06462328)
(-0.0496287346, 0.5951569, -0.8001167, 0.05602251)
(-0.0545024462, 0.5837351, -0.807732642, 0.0620553754)
(-0.0489538163, 0.595187068, -0.800026357, 0.0575648658)
(-0.05543953, 0.585124969, -0.80634, 0.0661146641)
(-0.0509214625, 0.597238064, -0.7979352, 0.06334924)
(-0.0540328771, 0.5857455, -0.8059523, 0.06650877)
(-0.0438579656, 0.593912661, -0.801473737, 0.05462822)
(-0.0508580767, 0.5834905, -0.808064163, 0.0631246939)
(-0.0389103219, 0.5860477, -0.807967663, 0.04714122)
(-0.05023966, 0.5869486, -0.805597842, 0.06308266)
(-0.0520004556, 0.5982629, -0.79677546, 0.06727828)
(-0.04907562, 0.5877336, -0.805237651, 0.0612619)
(-0.0600151867, 0.581798732, -0.8076027, 0.07540796)
(-0.04820017, 0.5866119, -0.806200743, 0.0600287281)
(-0.0585048124, 0.589557767, -0.8020916, 0.07515268)
(-0.0493468754, 0.5838876, -0.807982564, 0.0616796948)
(-0.0596259758, 0.5869096, -0.8037729, 0.07701277)
(-0.0479850471, 0.585969031, -0.8066007, 0.0610975921)
(-0.0556996055, 0.592710137, -0.800114036, 0.07355034)
(-0.04632466, 0.5867276, -0.8062192, 0.06012794)
(-0.0559773035, 0.5790367, -0.810115337, 0.072773926)
(-0.0441807248, 0.5844671, -0.8081639, 0.0575975776)
(-0.0552549139, 0.5852484, -0.8056359, 0.073362194)
(-0.0435573123, 0.5852395, -0.807686, 0.0569279641)
(-0.0531625077, 0.5769603, -0.8121348, 0.06875791)
(-0.0428342372, 0.5844186, -0.8084438, 0.0551251248)
(-0.05449651, 0.58125937, -0.8088183, 0.07057447)
(-0.0432583354, 0.5867445, -0.806714356, 0.05541999)
(-0.0427671149, 0.5751167, -0.81525, 0.0527193733)
(-0.04298126, 0.586507857, -0.8069604, 0.0545532368)
(-0.0451540463, 0.574621558, -0.8152603, 0.0558726937)
(-0.0433607362, 0.5865903, -0.8068396, 0.0551496632)
(-0.0312920921, 0.587891757, -0.8074029, 0.0387894362)
(-0.0424929, 0.585055232, -0.8080494, 0.0544151142)
(-0.0356762633, 0.5763752, -0.8152051, 0.0442664)
(-0.0424763, 0.584569037, -0.8083272, 0.05551555)
(-0.05340555, 0.5861513, -0.8052955, 0.0712288)
(-0.0424197353, 0.583599865, -0.8090301, 0.05551565)
(-0.03529313, 0.57543385, -0.8158826, 0.0443379581)
(-0.04126308, 0.5845467, -0.8085036, 0.0540787652)
(-0.0297141671, 0.588580966, -0.8069672, 0.0386451)
(-0.04171511, 0.586432159, -0.807071269, 0.0547104739)
(-0.0325052962, 0.5810726, -0.8121752, 0.0408581756)
(-0.043529626, 0.5842791, -0.808414161, 0.0564764738)
(-0.0322800949, 0.584094, -0.810028136, 0.0405784324)
(-0.0442131832, 0.5838593, -0.808655143, 0.0568361841)
(-0.0382559, 0.5748159, -0.816045046, 0.04683693)
(-0.0478135459, 0.566502452, -0.820544243, 0.0591268875)
(-0.0402978174, 0.5768751, -0.814339, 0.0494288839)
(-0.0402972475, 0.588805735, -0.8056856, 0.05054499)
(-0.0398922376, 0.577190042, -0.8142212, 0.04800053)
(-0.0349670537, 0.56728816, -0.821821, 0.0396441668)
(-0.03975612, 0.577424765, -0.8140462, 0.0482568853)
(-0.0360707529, 0.56711036, -0.821750939, 0.04254784)
(-0.041540727, 0.577033937, -0.8139449, 0.05291548)
(-0.0292380415, 0.5779908, -0.8146869, 0.0368389525)
(-0.0370288379, 0.5852015, -0.8085094, 0.04980546)
(-0.0254521575, 0.5817944, -0.8121984, 0.0346591771)
(-0.0347063, 0.5742334, -0.816511333, 0.0485854447)
(-0.0419370234, 0.5816984, -0.809970737, 0.06177197)
(-0.03024334, 0.5813868, -0.8117251, 0.0466597751)
(-0.0403194129, 0.585596561, -0.807191551, 0.06239262)
(-0.0322659, 0.57825017, -0.81362474, 0.0509948432)
(-0.0430086255, 0.5805893, -0.810272157, 0.06727089)
(-0.03237452, 0.577526569, -0.814038038, 0.0525084957)
(-0.04388212, 0.577528358, -0.8122253, 0.06946549)
(-0.0323954858, 0.580180347, -0.8120365, 0.05420473)
(-0.0441972427, 0.5793491, -0.8107586, 0.07121726)
(-0.0327364057, 0.5815156, -0.810950041, 0.0559277125)
(-0.04447844, 0.577945, -0.8116303, 0.07250922)
