-11,-2,-10,-10,-9,-4,-4,-3
3,-10,-12,-6,3,3,-2,-1
-2,-24,-8,1,0,0,5,2
-1,48,19,0,0,-7,1,2
1,-9,-10,4,3,16,-6,-1
-3,-7,-4,-1,-5,4,1,-2
0,-10,-15,-11,4,-8,0,2
-6,7,-15,1,-14,1,5,-4
1,4,12,4,0,-12,0,-2
0,-21,3,1,0,1,-5,-2
3,37,-6,1,3,-1,4,-1
1,-11,12,3,3,-3,-4,4
1,21,-17,-10,-2,2,-1,1
-2,-25,-10,0,-4,-4,-5,-3
-13,-4,8,4,-3,-6,2,-4
20,-34,-26,-7,-3,5,-3,1
-1,35,15,-1,0,-2,3,-2
-4,8,17,2,1,0,-7,1
3,-13,32,4,-4,-3,2,-1
-16,15,3,2,3,-1,-2,-5
6,-3,11,2,1,2,-1,1
-1,-4,-24,-6,-5,-7,2,4
-2,-12,-8,-3,-3,-7,-4,-1
7,1,9,1,0,4,-6,1
-4,-38,-3,-8,1,-1,3,-2
-5,31,9,2,0,-2,-1,-4
-1,5,-3,2,0,16,-2,3
-4,25,-1,0,1,0,-7,-2
2,-4,-9,6,-5,-17,-1,0
0,-5,-1,-15,-3,-3,6,2
-1,-7,-16,0,3,9,-5,-3
0,-9,-19,0,0,3,6,-4
-6,6,7,1,-1,0,-3,-2
1,11,14,4,3,-2,7,-1
-1,-3,2,-4,-4,1,-8,-2
-6,-11,14,-1,0,-3,-4,-3
5,-28,-15,-3,-1,-8,-2,1
-5,-7,2,2,-1,-4,1,-2
8,44,-6,-1,-3,-5,1,0
-4,-11,-13,-2,1,1,-2,1
-5,-28,15,-7,-5,5,0,-4
10,23,-29,-2,-3,-3,-11,0
-6,7,8,-2,-3,2,-5,-6
-5,17,32,6,-1,-11,14,-7
2,54,-7,-1,2,20,-9,3
-4,-33,-30,-2,9,0,0,-7
1,-16,10,4,-14,-10,-2,15
4,9,-27,-3,0,-9,-2,-3
-5,-12,6,-3,1,-1,2,16
-2,-20,11,-1,-1,0,1,-35
-4,1,-1,-3,0,-7,0,-2
2,-4,19,3,-4,-1,0,1
-4,-14,-13,-1,-2,-5,-3,-2
-2,7,15,-1,0,10,-8,11
0,45,-29,-5,-2,-16,6,-6
-4,-24,21,0,-1,-10,8,13
-1,4,29,4,2,11,-15,-15
-3,-5,4,9,-3,0,6,6
0,2,-4,-4,11,3,1,-3
1,-27,-20,-4,-14,5,-6,12
-9,-2,-29,2,-2,-18,-7,-17
11,0,-28,-11,3,8,11,20
1,15,82,11,1,3,-3,35
-6,-74,-40,-2,4,2,-3,-14
15,75,11,-7,-7,-5,13,9
-13,25,9,1,-6,-5,-18,-28
-11,-88,-55,-2,-1,-4,-5,-23
3,111,25,-3,-3,4,0,-12
6,-22,1,10,6,0,4,5
-6,24,33,-2,-2,-3,-3,10
-4,-25,-23,2,-3,-2,3,1
-17,11,3,-5,1,0,-2,-35
-5,-42,-50,-3,-7,-3,-5,2
-1,-76,55,-5,2,-4,1,19
-7,-38,-42,-12,2,-2,-3,-26
24,77,-33,20,-10,-7,-11,53
-45,-90,9,-7,9,5,21,1
-2,52,-4,-18,-3,-7,-6,-5
9,97,30,7,-24,-9,-12,-34
-15,-100,-16,-14,18,15,10,20
17,98,42,8,-4,-2,-5,6
-7,-44,-57,9,1,-1,2,15
9,94,1,-5,-6,-4,-2,-44
16,96,-4,-7,-3,-3,-8,-5
-64,-126,-18,8,-8,-5,-3,-15
23,-41,21,-31,3,2,1,-6
-20,70,-3,23,-20,-11,-11,-15
-12,-96,-12,-31,6,3,4,1
42,14,5,2,0,-1,-10,-24
24,94,27,17,-8,-4,8,23
-28,-117,-43,-7,8,3,4,14
5,93,14,5,-15,-8,-10,-31
-23,-16,-19,-17,0,-5,-4,-57
-22,38,-28,-13,-3,3,-11,71
-16,-25,15,1,-8,-5,-9,-30
14,-67,-4,-4,18,7,7,-22
13,54,35,-3,-10,-5,-5,8
12,-4,5,25,0,2,5,-28
-25,-52,-25,-15,3,4,0,11
2,-106,-21,-11,-4,-6,-9,3
19,108,18,-6,9,2,7,14
-24,-75,-47,0,1,-2,-4,-26
40,98,25,-6,8,6,2,45
-32,-69,88,23,-6,-4,2,-31
7,-28,-84,-19,3,0,0,11
-35,-39,34,-5,-1,-4,-1,-5
29,-128,27,19,27,20,18,2
21,12,-18,-8,-2,-2,1,11
-9,18,-108,-21,-7,0,-7,24
26,27,72,22,11,8,-2,27
2,-113,-64,-12,-5,-9,3,2
-46,-27,-29,1,-17,-11,-16,-28
54,70,17,-11,11,5,9,2
-6,28,0,-5,-4,-4,-24,-11
-20,50,28,-5,-15,-7,5,-56
-22,-53,-84,-20,13,8,4,107
1,59,-3,16,-6,-6,0,-10
-30,11,23,9,-4,-6,-6,-33
3,112,-40,-22,-11,-4,-7,12
11,30,-47,-3,5,0,2,-31
-4,-118,84,6,5,5,20,20
-3,25,-72,-18,-4,-6,-29,-30
-29,-92,93,45,6,4,26,17
38,-72,-3,6,10,6,6,34
-6,-99,-28,1,-2,-3,-4,-1
13,75,-23,0,-8,-2,2,-40
-3,57,85,9,6,8,4,14
-36,109,-30,17,2,2,-3,-4
-22,71,53,9,3,-3,-7,-22
-18,-54,-11,-7,-5,-4,5,-79
21,-46,-32,1,0,2,-9,93
-1,39,18,18,-9,-4,-3,-44
-2,94,-41,-12,-1,1,-4,11
23,-47,3,6,-9,-4,6,-1
18,31,-80,-17,10,3,1,1
8,-20,20,7,-10,-9,-13,-13
-30,-85,-37,13,-16,-8,13,24
2,-6,-33,-14,-2,-7,-4,5
10,-11,-61,-7,-3,1,0,4
6,74,52,-3,12,2,-4,-2
13,42,35,13,-22,-2,-17,-19
30,-62,-21,-2,1,-1,9,22
-9,39,-1,-9,7,-1,2,6
-2,16,-1,-4,-9,-5,-12,-20
28,-64,-6,-1,8,0,5,14
-6,61,0,12,-7,-1,1,6
-47,-55,-17,13,-9,-5,-16,-36
1,-86,85,-24,18,9,19,34
-19,50,-87,-6,-2,-1,-9,-38
2,56,-2,8,6,0,7,12
26,-52,-1,18,9,6,8,-10
-8,23,7,-11,-3,-2,6,-6
-3,-58,21,-1,-4,0,-8,12
-5,-100,-1,-6,7,3,2,-15
7,15,-17,-15,-4,-2,-6,-16
-7,-21,26,44,-16,-6,7,-28
-10,66,57,-34,16,1,-2,-16
-16,39,-5,0,-7,0,-11,2
51,-82,85,20,5,2,1,16
5,-3,-55,-5,-8,-2,4,13
-15,23,-88,11,-17,-7,-14,-22
18,99,105,6,16,1,16,-3
43,13,-46,-15,-10,-1,-4,-4
8,116,-2,0,4,-3,-9,-8
22,65,-17,9,5,1,9,7
-10,-49,-20,-13,-7,-2,-4,7
-42,95,-33,-10,-8,-11,-12,4
19,-54,-24,-14,2,3,7,-102
2,-80,73,11,0,1,-8,56
20,-30,12,2,2,1,-3,3
-28,86,-13,-19,-3,-5,6,-10
-16,-56,-18,-6,-5,-5,-3,4
-29,-19,15,3,-10,-10,-5,-30
5,-36,-33,-10,0,2,-11,-9
-13,32,87,1,4,1,26,50
-16,-29,2,-2,-4,-2,-8,7
10,-77,22,-4,5,-1,-4,-7
-17,40,-21,1,-9,-3,10,23
-27,-97,1,-4,-2,-3,-17,-23
-4,-77,-21,-2,-6,-7,-6,-12
-34,-50,-69,-29,6,2,8,-7
7,80,62,26,11,2,2,-3
-41,-46,-56,-6,-18,-6,-14,-50
-6,76,7,-11,7,1,4,80
7,-53,-4,5,-4,-2,-5,-19
-2,70,-48,-8,-3,-2,0,2
13,68,-6,6,-4,-5,-9,-4
36,127,34,-9,9,6,7,13
14,98,39,14,2,3,4,5
-32,-120,-31,-3,-2,-1,-1,3
2,17,11,-2,-12,-13,-12,-26
68,-54,-22,18,15,20,23,57
8,-12,7,-9,5,-2,-8,-41
9,-18,-30,0,-11,2,1,-2
2,-41,0,-6,5,-1,-6,-4
-17,-90,13,11,-10,-14,-8,-4
-12,-126,-22,-6,5,3,5,-14
-32,17,-40,2,-6,-8,10,54
5,-3,-3,-10,8,17,-5,-16
-35,125,34,-10,-17,-11,-19,-34
-2,115,-6,2,0,-5,-13,2
15,54,87,10,3,1,2,10
7,-33,-75,-3,3,-1,19,20
-3,4,-63,-9,2,1,-2,8
-3,35,-7,0,-8,-2,-8,-4
-1,-90,60,12,6,5,10,-4
15,57,19,-10,-8,-5,-3,-19
-16,-7,11,11,-2,-2,-8,-8
11,23,-40,1,-3,-6,-3,3
-2,42,-41,-4,5,5,-1,-3
-6,-1,13,1,4,-1,-1,-18
-22,-12,-70,-11,-14,-10,-7,-16
4,-15,55,11,-1,5,-3,11
0,99,-42,-3,-3,-6,-11,-21
22,30,104,-1,-5,-4,6,14
-16,-3,-24,-2,10,7,7,-30
-11,-93,-18,-4,-2,-2,1,36
10,14,51,5,-3,0,-4,-11
38,35,5,17,2,1,3,18
18,5,15,-4,0,-2,-6,-14
-10,78,-19,11,-3,-5,-2,-54
2,5,16,-8,-2,5,12,78
-16,-10,-55,-6,-3,-7,-8,-19
-3,-58,0,10,0,2,-1,-3
-12,-58,2,10,-9,-2,-3,-3
-14,-114,-45,-18,-1,-9,-24,-48
-24,16,12,5,6,-1,0,0
2,46,-5,-3,-11,0,-4,17
34,-57,7,-6,14,7,23,22
4,-70,-43,-2,-2,3,20,-11
-6,15,26,9,4,-2,-32,3
-13,-33,16,-17,-1,-2,6,-21
8,21,-12,-3,-2,1,4,-9
-3,-12,-13,-4,4,-2,1,21
-25,-53,-67,12,-17,-11,-5,-21
3,63,82,-11,4,1,0,26
-33,16,-22,-4,-12,-6,-9,-22
51,82,-42,-9,9,2,8,8
-19,1,-50,-2,-1,-1,6,12
-4,25,21,13,-8,-3,-10,-2
-3,-61,-10,-8,-2,-1,3,6
-7,-85,21,-3,-2,1,-6,-20
2,-56,-9,-9,0,3,-6,-7
-6,-47,-24,-6,4,-2,5,-19
-30,-1,40,-3,7,0,-2,49
-13,65,-99,-5,-1,1,8,-23
9,15,94,0,6,0,6,-6
-14,-8,-28,1,5,3,-21,-5
-7,60,19,11,-13,-7,-1,26
-10,-86,-14,-12,10,1,-10,2
7,118,43,-2,-7,5,6,18
-7,114,18,-2,0,-6,3,-24
5,-82,-27,8,4,1,-3,-1
-13,-24,49,2,-7,-1,26,-5
10,-29,-10,-15,5,-1,-42,15
1,-39,-13,9,0,-2,7,28
32,50,0,7,-1,2,1,-11
-7,-85,-19,-4,-6,-4,-4,-16
14,-89,-21,11,3,7,17,40
43,-42,5,7,8,7,9,-28
-8,49,-47,-12,-2,-5,-18,3
20,-20,-28,8,3,5,8,-27
4,87,85,6,6,-1,18,19
-8,-60,-51,7,-2,1,-28,-41
20,12,-2,-3,9,2,16,70
-5,-22,-10,-1,-12,-5,-2,5
-14,-78,-18,-4,1,-3,4,-32
17,103,0,-4,-6,-7,14,19
-37,-66,-2,-4,-4,1,-12,-32
-20,-10,1,-8,-2,-7,-17,-11
-2,-2,17,-3,2,-1,1,-4
-25,48,-25,-3,-16,-6,-2,9
5,21,-45,-5,3,-1,11,-21
6,63,69,-6,-2,0,-29,-12
-7,-40,-58,-11,-3,1,8,-4
3,45,7,14,-3,-5,-4,1
3,106,-10,-7,-3,-3,6,-14
-12,-2,18,-7,1,-2,-5,6
33,39,-71,2,5,-2,17,24
-15,-21,29,-3,-4,15,-7,0
6,-35,1,-3,-2,-4,-3,-4
-24,90,-15,1,-12,-6,-5,3
-6,81,-15,-12,0,-1,-5,-40
0,88,4,-5,2,-6,2,49
15,-83,44,5,8,6,8,7
-17,13,-29,2,-5,-2,-12,-3
-12,8,-10,-2,-8,-5,1,-23
26,-2,-45,-3,3,-1,10,34
-5,52,64,1,-1,4,-11,-17
6,-54,-28,6,-3,-8,2,-7
8,99,13,-6,8,2,-10,10
-15,-128,-41,-10,3,0,7,-6
-5,103,41,-1,-11,-6,-5,-21
13,71,-33,2,-1,-9,32,28
-12,34,8,-1,-9,9,-12,-8
-31,42,-3,-4,-1,-3,22,-41
-13,-80,-22,-6,-3,-5,-13,43
-14,31,11,-3,1,-8,-35,-1
7,22,-19,-5,1,5,18,23
-5,24,40,4,-3,-6,4,-28
-5,40,3,-3,-3,4,4,8
39,-6,31,-16,2,-2,1,-2
31,38,15,24,6,1,-2,27
-5,-95,-31,-5,-6,-2,-11,2
21,69,32,-4,-9,-9,-4,-22
-11,83,-10,-9,1,6,-5,4
-10,-3,-8,-6,-6,-9,-1,-12
2,-53,21,-2,4,3,-5,-30
2,61,-31,17,-1,-3,-8,-23
-2,99,-14,4,-1,3,4,15
-4,-128,-9,2,2,-1,-1,10
12,52,16,-5,4,-3,-4,11
-17,-113,2,-11,0,-4,-7,-15
-13,-112,-39,-7,-9,-4,-1,-12
17,-31,62,6,15,2,8,37
-3,-85,-36,-1,-13,1,-11,-8
1,105,-17,-1,4,-2,7,-3
10,12,-7,4,4,9,5,0
-9,38,32,-1,-4,-9,-2,-20
18,-45,40,3,-1,-6,0,19
13,68,-62,0,0,9,4,10
9,69,82,19,0,-7,1,-21
-7,-54,-94,-5,-7,-4,-7,-8
19,61,-1,-9,16,9,0,20
-18,-75,-69,-10,-4,-4,5,-4
7,-43,108,14,6,8,-3,-34
-21,-31,-74,-10,-12,-9,-14,-16
8,-61,4,-4,-3,-17,12,15
2,-15,35,-4,-3,18,-10,2
0,4,-51,2,2,2,5,-5
-1,33,69,12,4,7,0,1
-17,5,-65,-12,-2,-12,0,-16
-1,39,46,9,-4,-8,-7,21
-18,-28,-3,-3,-3,-5,-1,16
10,34,5,-7,2,11,8,-1
-7,90,-16,2,-6,-5,-12,-8
3,-38,47,6,3,-3,12,23
-6,12,-3,-7,-5,2,-6,-32
-7,-75,-19,0,-9,-23,-18,-74
-9,27,23,0,-1,17,-7,59
32,-84,-9,-15,10,1,4,-27
-5,44,-99,-1,-7,-9,-25,14
-8,74,-22,-8,-1,3,10,-9
3,-77,73,11,-4,-5,-17,-21
-13,-43,-17,-3,-1,-5,11,-8
-3,-125,23,2,-1,0,-8,5
0,65,-37,-8,-1,0,8,20
5,-75,11,-6,-2,2,-1,1
2,3,-76,-2,1,-4,3,2
-1,88,11,-2,-12,-11,-4,-6
39,-48,54,6,14,12,25,27
-22,-2,-27,1,4,5,-8,-48
0,-43,20,0,-4,-5,-6,-6
-4,-23,-3,-6,3,-4,-1,-1
-15,-128,-12,8,-3,-3,13,-7
-19,32,-21,-8,-5,-5,-4,-6
5,42,-20,3,-1,2,1,5
13,41,33,11,4,3,-1,14
-3,68,-18,2,-1,-4,11,4
5,7,13,9,4,-1,-13,16
-18,-45,28,1,-7,3,-6,-13
-8,32,-24,-4,3,-6,23,2
-11,88,-8,-1,-6,-6,-23,-8
14,-25,15,19,5,2,5,17
-7,-18,5,-15,-4,-2,-9,27
8,-71,7,0,-2,3,2,-11
20,-59,20,0,-3,-2,-12,-20
-4,85,-44,-9,1,-2,8,43
5,-58,-22,-1,-1,-3,-6,6
11,-34,79,15,7,9,13,13
-27,75,-77,-9,-9,-7,-6,16
-8,15,20,-1,-3,-19,3,-28
-7,35,-8,-2,5,9,-11,-30
-8,-62,-27,-10,-4,-4,-9,25
-8,15,-2,-4,6,8,0,9
5,64,8,8,0,-3,3,-7
14,89,24,15,2,-2,2,26
-2,-75,-42,-9,-1,4,1,-22
-15,-74,52,-6,-5,-9,-10,-8
29,-4,-14,-4,5,12,-18,9
-27,-58,-23,-8,-17,-13,0,-24
16,-36,8,-3,3,5,14,18
5,-87,-6,-5,3,7,-21,1
-17,56,50,14,-7,2,32,-20
-1,46,-8,-5,1,-6,-7,-22
-1,-7,-9,8,-3,1,-11,-3
-8,4,-34,-12,3,-2,20,7
5,-80,-6,-1,-7,-4,-33,-18
1,-26,16,0,9,7,17,11
-14,59,-11,-4,-9,-12,0,2
-21,-69,43,-9,-5,-5,8,-12
-3,-25,-46,-20,4,3,-8,25
1,51,72,6,-3,-1,-2,-25
2,-19,-69,-2,1,-1,-3,-11
-2,-34,61,1,-5,-1,-12,-14
4,80,-37,-1,-3,2,19,6
27,-59,-16,3,6,2,7,21
-12,-39,-20,-5,-9,-18,-6,-19
-27,-78,20,5,-1,8,-15,-28
-6,15,-4,-25,8,-1,11,-99
-2,-40,-35,4,-6,-10,-16,55
-9,67,51,16,-7,-15,-16,16
13,91,-52,1,9,10,-2,-44
-7,16,33,3,-9,-1,-6,-10
-6,-36,0,-8,-3,-2,8,-14
0,-33,-8,-8,1,1,-10,-6
19,88,55,12,5,-2,-4,31
8,-32,-57,3,-1,3,19,32
1,127,100,2,3,-1,-29,-45
6,122,-10,-2,0,5,12,22
-2,29,-25,0,-7,-5,-1,2
-2,81,52,14,0,4,8,23
-3,43,-39,-4,2,-2,11,-5
-12,26,49,0,-8,-3,-23,-9
0,43,19,0,0,-4,0,9
16,-6,-37,5,10,6,8,56
-6,-65,-44,-11,-5,-1,-21,-42
-7,4,-7,2,5,3,-6,0
-3,3,-14,-3,-10,-3,11,14
-19,-73,-30,-11,-9,-6,-15,-18
-7,34,32,17,2,0,10,14
1,-106,5,-13,-1,2,5,-18
53,-70,34,30,19,9,25,0
-8,43,-7,-9,-6,7,-11,21
2,49,1,-2,-9,-3,5,-7
2,-26,30,2,5,6,10,24
-4,0,-35,3,-4,-5,-10,-9
-11,17,52,-2,-1,-6,-15,13
3,-16,-51,-3,0,-3,28,-15
33,-55,-16,-3,7,8,-11,73
-18,46,42,-10,-13,-8,-2,0
-7,-36,-42,-5,-7,-19,-1,-27
-10,-38,-16,-3,-3,7,-18,13
-4,21,33,3,0,-1,30,-62
-14,14,-24,-8,-2,-11,-24,45
56,-57,89,16,8,16,8,11
4,25,-58,0,3,-6,11,-56
-7,3,4,0,-4,12,1,-11
8,-114,-26,-6,-1,-2,2,13
-12,90,-47,-2,-9,-8,-4,-31
-29,45,52,8,-4,-8,-5,29
-11,-35,-1,-16,5,-1,-4,-12
-33,49,-21,-11,-21,-5,-6,-25
-2,-67,-29,-3,2,-1,0,20
-3,15,-49,-9,1,2,-6,-22
1,69,-27,0,-5,-9,-1,29
15,70,-15,4,5,6,1,-11
8,30,-7,0,-4,-4,-3,42
1,-96,18,-7,3,0,-8,53
-19,44,29,5,-4,-4,-1,-70
10,-4,-33,-6,-2,-4,-4,16
6,14,15,2,4,10,-4,-62
15,34,3,-11,1,-5,-12,31
-2,-36,43,4,-3,-4,-13,4
-18,47,-15,-10,1,11,-13,-19
-15,-63,70,4,1,-5,13,-25
-15,46,-6,-1,-9,-13,-1,-5
0,-36,-34,-7,-2,8,2,7
13,-81,61,-4,6,-5,10,1
-21,-9,-70,-14,-1,-5,-1,14
-1,-26,45,5,0,3,-8,-11
4,-4,-39,5,-7,-6,2,17
4,-42,37,4,0,2,22,10
0,-16,-18,-8,-8,-5,-3,-6
-20,25,-21,7,2,2,7,-5
33,0,57,-1,24,13,36,18
-20,53,-44,-8,-9,-5,-37,-48
-37,-4,48,30,-11,-7,4,-28
14,75,-50,-37,-5,-5,2,40
-13,11,-10,4,-5,-3,4,0
2,-9,-24,-3,7,0,-16,10
-7,10,9,13,-8,-1,-7,-5
1,20,25,11,-2,1,6,-25
-6,70,-36,-7,0,-3,-27,-13
-4,15,-49,-4,-6,-7,43,28
-4,71,13,-3,-3,8,-26,-66
6,-46,-37,2,0,-2,1,62
14,23,65,-6,6,7,-3,-26
-27,80,-45,3,-8,-4,13,-5
8,32,-18,-9,3,-3,19,28
17,0,-33,2,5,4,-15,-13
-7,-58,32,5,-7,-3,6,2
0,-36,15,1,3,-4,-19,-9
9,28,-43,-7,2,-1,29,4
18,-35,-46,-1,8,10,1,-3
-18,66,46,6,-2,-4,-5,4
3,-15,15,-1,-2,2,7,31
7,0,-3,-11,1,-1,-30,-20
-6,-3,0,0,-9,0,6,-33
-7,19,-65,2,-4,-2,-1,6
68,-27,83,9,8,9,1,14
-11,5,-28,-7,2,-5,-6,1
-1,-50,91,15,1,10,26,13
1,7,-41,-8,-7,-5,-17,-25
-15,42,3,1,-6,-8,-12,-25
4,-41,10,-8,-1,-2,-13,33
-16,-1,-17,-2,0,-18,21,2
-2,8,-10,0,2,14,1,15
2,114,-61,-1,-8,-4,-12,8
-4,11,19,4,-2,-5,17,11
-14,15,40,3,-4,-4,-30,-12
11,-86,4,-1,4,-1,15,-29
-24,-42,8,-11,1,-3,-7,-14
13,5,9,5,-1,1,-15,39
1,-43,55,1,-1,3,5,-44
12,-7,-4,4,-1,0,14,3
-6,12,16,2,0,1,-10,10
-7,66,29,9,-3,-3,-5,-36
52,35,-11,-6,12,9,10,50
-12,57,-27,-7,-5,-7,21,16
-14,-117,-58,-5,-2,-13,-25,-36
-3,70,67,1,-6,7,19,38
0,70,-68,-5,-5,-5,-8,-18
2,2,-31,-2,-1,-4,-15,-2
15,99,89,9,-7,-3,10,0
4,-105,-71,-14,4,0,-8,4
-11,-38,27,-1,-7,-2,-8,-1
10,-19,-58,-4,-2,-7,6,4
-1,-31,64,-3,9,17,-3,-25
1,-27,5,-2,0,9,9,15
-20,49,-1,-2,-7,-21,-8,-12
6,-52,-8,8,0,-3,-5,7
10,-16,-45,-1,1,8,11,14
-1,-35,60,1,6,31,6,-26
5,-46,-23,-8,-6,-5,-2,-12
11,7,19,4,1,-29,-12,12
-1,-68,-12,3,-4,-4,-1,7
-4,-48,-26,-7,1,-7,15,-9
-5,89,-14,1,-7,3,-29,-9
-5,10,64,3,5,10,-7,-3
8,-39,-46,-4,6,9,13,3
-5,44,-29,-6,-3,-11,-1,-2
-7,-23,7,1,-1,4,3,4
5,69,19,3,0,-5,-16,-78
-13,-21,-36,1,7,6,19,22
32,25,14,3,-2,-7,-15,-23
-9,-47,-33,-2,7,-1,7,22
-10,69,59,-4,-8,4,-18,-18
-4,43,15,4,0,-3,12,25
0,-67,-46,1,-13,-6,-8,-59
1,14,20,-5,4,-6,-15,10
-7,31,52,3,0,-3,15,14
-31,-68,-79,-15,-6,18,-42,-71
13,83,8,-4,0,-18,12,110
6,-4,31,-2,-4,3,-23,-15
-17,-5,-45,-5,-6,14,-2,12
2,33,64,10,-9,-35,4,11
-14,35,3,-1,-3,-2,-22,-72
-2,-57,-104,-11,3,8,33,24
6,46,57,7,4,3,-2,10
26,-5,-9,-5,-1,-2,0,6
-1,-26,2,-2,4,5,1,-8
-6,21,-25,4,-5,-4,7,1
-4,-114,-55,-9,-11,-5,-5,-7
-6,111,84,-3,3,-1,8,2
-13,3,-71,1,4,-6,-7,11
-5,-4,-41,-4,-5,3,0,-19
11,-7,66,12,2,-1,-4,18
-8,-14,-39,-3,-8,-1,-4,-2
14,-100,7,-4,1,-2,7,24
-8,45,25,4,1,-6,-47,-47
-1,-42,-65,-12,-3,3,33,24
-15,-37,18,2,1,-4,-3,3
-3,-73,11,-4,-3,-1,6,1
3,-77,40,4,4,5,16,-5
-6,21,-47,-9,-3,-4,-17,36
3,-22,-95,-12,-2,-1,1,-11
-8,11,-40,0,3,1,4,-3
-5,-50,69,8,1,-1,11,0
-10,58,-47,-8,-2,16,1,-14
-2,72,7,-8,-2,-4,0,4
-3,57,-20,5,-10,4,-15,-20
10,84,-8,-2,4,-19,7,16
-6,-36,-17,-1,-3,8,-5,7
0,-18,-3,-1,3,-5,3,-8
-4,14,31,3,-9,2,-6,-12
6,16,45,6,1,4,2,3
-3,-6,-30,-8,3,-7,-2,2
6,29,28,7,-1,2,-6,3
-7,14,-25,-5,5,1,5,13
-8,-25,-17,-4,-8,2,-1,-5
-27,49,-9,1,-5,-7,5,-18
-1,-76,-7,1,8,5,-3,5
1,-49,-19,-7,1,-3,-1,5
-1,67,11,9,-6,-2,3,-1
4,60,-9,-10,-1,7,2,-15
2,73,101,14,-6,-8,1,-3
-5,1,-49,3,2,13,9,16
0,24,-18,-3,7,-9,1,-5
2,-27,2,1,-13,-3,-6,-9
18,49,13,-4,-3,-21,0,10
18,78,65,3,10,13,0,22
3,12,-5,3,1,0,-13,-20
-1,-52,-38,-9,9,4,0,16
-7,73,14,3,-9,-15,-30,-20
-24,-30,34,2,-3,-13,6,42
0,-10,-20,-2,-1,2,13,-12
5,6,-5,-5,5,-7,-18,5
4,17,-76,6,-5,4,-8,-1
11,-21,-8,-7,-4,-6,1,-27
-12,-7,17,-4,1,3,-6,7
-9,63,28,0,-7,-4,19,9
-7,-48,-54,-9,6,8,10,1
-6,-34,-17,5,-10,-4,-12,-7
17,27,49,-3,3,-10,6,20
5,-80,-18,1,-3,-4,-10,-11
-3,-82,-7,-3,3,6,9,2
-23,-43,18,-5,-6,5,-5,-24
2,9,5,-5,0,-9,-4,5
7,8,-8,9,-1,-9,-25,18
-10,104,-50,-11,2,7,8,-69
-16,-32,17,10,7,4,-1,40
-6,14,-1,-4,-6,12,18,-16
-4,-14,-5,-2,1,-14,-15,-24
16,-85,-12,11,-6,1,-3,3
-4,127,-47,-14,2,-9,-8,-11
-2,53,32,11,-3,9,9,-11
-6,-26,9,0,-1,-5,24,2
-12,-40,39,-3,-1,-4,-22,3
4,-25,-42,-3,-1,1,15,31
-10,-7,-4,-2,-7,-4,-6,18
-3,-15,-31,-3,-1,5,3,-20
-5,-3,24,-1,5,3,8,28
6,-89,10,4,0,-6,-4,-22
-4,20,-35,-12,2,4,-5,-5
6,63,53,15,-5,-5,-2,9
-2,-34,-31,-8,1,4,7,1
-6,-72,22,3,-1,-2,-3,-12
-10,-25,-31,-4,-3,-4,1,-3
0,26,8,-5,11,2,-2,-7
0,21,10,1,-13,0,6,13
1,91,9,-2,-4,-8,-8,-23
-3,-110,-3,1,-3,-1,-1,2
8,24,-15,-7,2,-1,-2,-3
-8,95,-31,2,-2,1,1,3
-3,50,16,-4,0,-3,3,-6
-3,-5,-8,-2,-4,0,-4,-4
30,-6,-25,-6,3,3,0,10
-5,-61,52,4,-1,-3,-1,-2
1,43,5,0,-9,-5,-3,2
4,-3,6,2,3,4,6,6
-8,-40,-44,-6,-5,-5,-21,7
1,-47,23,-4,3,4,14,3
21,-85,-3,-3,11,3,20,23
-5,49,-13,3,-1,3,-6,-10
-13,11,18,4,-3,-3,10,10
-2,15,-24,-11,-1,-3,-5,-19
-8,-42,-13,-2,-2,-7,-5,-15
-3,90,-21,4,-5,-3,-24,3
5,-100,3,-1,0,0,8,-8
8,-29,13,4,5,6,2,14
2,-36,-6,-5,-5,-11,-12,-43
-2,-56,4,-6,6,-3,-11,3
-5,70,15,-3,-1,12,-1,10
-6,71,-17,-5,-6,-1,0,0
5,60,-3,6,-1,2,0,1
-1,-45,-9,-6,0,-3,2,-7
-3,-58,5,2,-3,0,-2,-4
14,-52,24,1,4,0,1,6
-4,-9,2,-6,1,3,0,6
-3,16,33,3,0,-2,3,5
-14,-49,-2,-1,-4,2,-19,-11
16,-22,-14,-2,4,-7,20,13
-6,-39,-1,-3,-5,0,-29,-15
2,-45,-36,-4,-1,3,7,-6
3,111,-16,-1,4,-4,5,-54
-10,31,62,9,-8,0,1,1
0,104,-1,-1,-7,-6,-19,-2
-1,-41,-40,2,4,5,22,35
-1,16,29,-3,-6,-3,-4,-7
-8,6,-20,-2,2,-4,-13,-5
-7,-13,-29,-1,-5,-1,12,-9
0,52,89,2,-7,-8,4,-3
-8,-81,-20,-4,5,15,-25,-3
-6,14,-4,-5,-5,-5,18,11
-6,55,25,6,-2,-3,15,14
0,56,2,0,0,3,-17,-8
-1,74,-5,-1,-2,-3,13,6
-2,7,-18,-2,0,-4,-13,-3
-4,11,-3,0,0,1,-6,-8
4,-43,-16,-5,-1,-4,5,-6
4,-3,38,1,-5,-8,7,0
-6,-12,-53,-2,7,1,-13,-2
3,28,47,5,-8,-2,7,2
5,-38,-49,-8,3,2,-2,-1
-7,30,43,9,-5,-8,-4,8
2,35,15,6,2,4,-1,1
2,31,-3,-2,0,1,-1,2
-2,-45,-9,-7,-7,-5,2,-5
-5,-49,-3,-4,-2,-2,-18,6
-8,-10,-15,-3,-2,-2,1,-9
3,-51,-12,-5,7,1,1,-2
-4,65,72,13,-6,2,-1,-5
19,68,-62,-4,-2,-10,-17,13
13,-52,24,-3,-3,2,9,3
-10,9,-18,-1,-2,-4,-14,-14
2,-23,-5,0,2,1,5,3
7,29,-8,4,-1,-1,4,-2
-3,-24,26,-2,-8,-3,14,3
5,1,-12,-4,3,-7,2,8
-4,-49,0,-5,-10,-4,-6,3
-9,51,-5,1,0,-6,5,-22
-26,-57,-19,-16,3,-1,-2,9
5,29,12,0,-5,13,-2,-6
2,-53,32,0,6,4,5,-20
-4,-16,-30,-4,0,1,-3,4
-5,34,13,3,-4,-6,6,-4
-12,-44,-42,-3,-1,0,0,2
-8,84,-15,-4,-8,-6,-6,-4
-12,-60,28,-10,2,4,10,7
-17,34,-26,-1,-5,-2,2,14
4,49,-9,-1,5,3,-7,-19
-3,-22,51,2,-5,1,7,-4
-8,13,0,2,2,-2,-2,-7
6,81,2,2,-7,-8,-6,-19
-28,-68,3,-18,-4,-3,5,18
-1,-19,-46,-5,3,-1,-10,-23
9,16,45,8,-4,2,9,80
2,-11,-4,0,2,-1,-12,-13
24,-70,15,5,4,3,0,0
10,39,-22,-1,-1,-1,0,4
-1,-27,-10,-4,-1,-4,5,-11
8,54,8,6,-12,-4,-21,-13
-12,-51,15,-9,12,6,17,21
-2,46,-5,-5,1,-2,-5,9
5,-57,-36,-1,2,0,3,-12
1,23,46,4,1,4,-5,1
3,36,-27,4,-5,-5,-5,-17
5,-7,3,0,0,-2,-2,0
-3,-40,0,-6,0,1,1,-3
14,-92,-10,-2,4,1,-28,38
-4,2,15,-1,-1,-3,29,23
-1,-38,-25,4,2,2,-6,9
-2,27,56,5,-2,-2,-7,-14
19,-33,-60,-7,-1,-2,10,-21
6,62,7,4,-3,-3,-13,-4
-12,-29,-28,-11,5,0,11,-27
-1,-30,-5,-3,-8,-2,-9,3
28,93,25,10,17,8,8,-8
-16,47,-69,9,-13,-4,-9,-11
-2,61,-8,0,0,-4,2,-9
-7,87,16,6,-2,-3,0,-17
-19,-25,18,-4,-1,1,2,-25
-7,-70,-28,0,-7,-6,-14,-12
0,41,50,-1,2,2,1,24
-2,-66,-44,-7,2,2,6,8
-4,-1,13,1,-5,-2,-6,-1
-4,1,8,0,2,-2,4,17
2,38,1,-2,-8,-6,-11,-9
9,-20,10,-7,7,3,4,-24
-24,29,-23,-6,-3,-2,4,-14
-6,127,-9,-7,-3,-9,-3,5
5,41,-6,2,6,17,5,16
4,11,7,-3,-2,-4,-26,-15
-4,-32,26,-2,-3,0,36,23
13,4,5,3,-4,-7,-7,-17
6,-73,4,4,-5,-10,-28,8
-6,69,-10,-1,-2,17,15,-18
-12,-67,-41,-5,2,3,-6,40
1,-61,50,6,6,0,-2,4
2,-53,-3,-2,-8,-4,12,-9
-6,-97,-2,-5,1,-5,-2,12
-1,57,-8,-3,-12,-6,-14,-18
-18,-55,-7,0,5,11,6,15
1,85,3,1,-4,-3,-4,-9
-10,8,4,5,-3,-7,1,4
-12,77,-44,-5,3,2,2,-1
12,71,13,-5,-2,-1,0,-20
-3,-7,0,-3,1,-2,-4,-6
-4,-32,3,6,-8,-7,4,7
15,37,12,7,-6,-3,-5,-11
-25,-6,-15,-11,-5,-5,-8,-17
-4,-12,-17,-4,0,0,2,18
-3,-23,0,-3,2,0,-1,-10
16,-82,-39,2,-2,-1,-18,27
8,12,59,0,8,4,28,-32
-4,-33,24,-5,-12,-2,1,0
-3,-57,-23,2,2,-5,20,6
-16,-11,1,-3,0,-5,-34,-17
6,-8,-34,-1,-1,12,-11,15
16,38,5,1,3,4,-3,-14
7,-42,-4,0,3,3,12,12
-8,-12,14,-1,0,-2,5,-5
14,84,0,4,-8,-6,3,1
-39,-39,-9,-2,-1,-5,-11,-6
24,10,-24,-6,4,4,2,16
3,-12,15,-4,-2,-2,1,-23
-3,0,14,-1,-1,-4,-11,7
-4,-19,-42,-1,-6,-3,3,-6
-3,47,27,3,-2,-4,-5,-1
-19,-48,-25,-4,-1,-2,2,-4
20,-19,2,2,4,5,4,17
0,-74,-13,-5,2,-2,4,5
-6,52,20,-4,-6,-6,-12,-15
1,35,-33,-2,-5,-2,-1,7
-3,47,70,11,-3,-5,-5,-6
0,-39,-42,-5,6,-2,6,4
8,122,-10,-4,-2,-3,-2,-14
6,4,20,1,-3,-10,11,50
-8,-3,-22,-7,-6,8,-7,-22
3,119,33,7,-3,-3,3,4
16,52,1,0,-1,-5,-15,-6
25,69,-2,8,0,-4,0,-15
-2,-8,12,7,3,5,7,3
-5,71,21,-2,3,-3,-3,-15
-10,-25,-48,0,-8,3,1,7
-13,-21,45,4,3,2,2,-14
-1,0,-18,-1,0,-3,-1,19
4,-61,-13,-5,-3,2,-7,-7
-6,4,-8,1,2,-4,4,4
-34,-17,22,2,-16,-6,-15,-25
14,-44,-30,-22,8,-1,8,0
0,18,-29,-4,-6,-2,-13,-4
-2,25,42,4,2,0,1,1
-5,-39,13,-5,-5,2,7,-7
-8,-20,-32,-6,-6,-10,-10,-12
1,57,-7,1,3,-1,-7,9
-2,-2,2,-6,-4,-2,1,45
2,-23,-20,-4,1,3,12,-19
-2,-110,32,-3,1,-1,-5,-2
-7,-41,-3,-5,1,1,12,-4
3,32,-30,-2,-5,-2,-23,-11
15,-23,26,5,4,6,7,37
-5,-26,-25,-4,5,-2,-1,2
-5,-14,41,7,-16,-3,4,1
-2,-5,-11,-5,10,2,8,-5
0,-2,-41,-6,-2,0,-7,-11
5,66,28,12,-4,-3,-10,-4
1,-62,-21,1,7,6,-8,3
-6,-26,8,2,1,0,9,-10
8,24,39,0,1,0,-6,-4
-22,66,-18,2,-8,-5,-2,-7
-10,-69,-20,-12,8,-8,3,15
-8,12,-44,1,-13,5,-5,-49
4,91,38,-3,8,2,15,16
1,56,-25,12,-8,-3,0,-9
-5,57,-9,-6,-1,-4,0,-4
3,75,20,0,-1,-4,-4,-4
8,47,-15,1,1,2,7,-6
2,72,-2,1,1,-1,-26,16
1,-13,7,4,1,1,-3,-2
2,56,39,2,-2,-3,2,-6
-5,-78,-73,-17,3,3,2,7
4,-39,20,-8,3,-3,-9,0
3,20,-12,4,-4,-4,3,-20
-1,-37,8,-1,3,-7,-7,24
-13,-28,5,-3,-4,2,-18,-12
3,6,22,0,-5,1,34,40
12,5,3,-3,6,-3,0,-7
-3,-55,-19,2,-12,11,1,19
-1,10,7,-2,-2,-11,4,5
18,31,-26,-18,11,13,-20,-44
6,18,70,5,-8,3,6,28
-11,-60,-19,-1,3,-6,6,6
-2,-100,-12,-3,-8,-5,-6,-7
13,13,4,-2,-5,-4,5,-2
1,-81,-16,1,0,-1,16,-11
14,17,53,-11,4,4,-51,-5
-30,25,47,10,0,3,31,25
-1,-32,-37,-3,0,-7,10,-3
-6,12,-12,6,-7,8,3,6
-16,69,18,4,-4,-3,5,-13
-7,-16,17,9,-6,-7,0,14
-6,83,10,-7,3,4,-23,20
19,-61,-28,11,5,-2,42,34
-8,29,9,-6,-1,13,-25,-20
4,3,-41,-8,9,-2,-12,-47
-5,9,91,8,-18,-10,8,-1
-21,83,-15,-7,-4,-8,-20,-17
-5,13,-39,-9,1,-7,16,-29
17,-22,18,9,0,1,-8,53
-11,-104,-22,3,-7,-2,-4,-9
12,38,14,-13,-2,-1,-1,-23
17,-89,6,2,5,1,-15,19
0,2,-13,-7,1,-1,-3,-18
-7,-85,-29,0,-9,-6,10,-9
8,39,1,2,2,4,-22,10
-13,-96,-27,-8,4,-3,17,-50
11,18,-7,-2,0,24,-20,8
-3,26,15,7,-9,-8,-13,-30
-15,-76,8,-27,10,-2,-5,-10
11,36,62,7,-4,-6,13,9
3,36,-38,1,-8,-11,-6,-18
3,-57,-20,-16,5,7,5,5
19,127,28,14,-8,0,-9,21
-8,-61,-19,-4,1,-4,9,-1
-3,82,5,3,-6,-5,18,2
9,-46,18,-2,18,4,7,26
3,-66,-39,9,-8,0,-7,-5
3,-53,-34,-3,-5,-3,5,54
4,101,58,-1,4,-1,-5,-15
-12,-1,-48,0,-3,-2,-4,12
-9,76,35,18,-5,-2,-2,-38
18,78,1,2,-7,-3,13,-8
-6,-1,-20,-10,2,-1,-8,7
-4,-6,-14,3,-2,-4,-2,-7
-8,-2,16,-6,0,-3,-6,8
-15,4,-36,5,-2,-1,8,1
21,37,57,3,-2,-11,2,-8
-3,-21,-14,-9,4,4,5,-14
-11,47,8,3,-5,14,3,-5
15,-12,-41,-1,7,4,18,2
-12,-53,23,-8,0,-2,-3,26
13,95,-20,8,4,-4,-8,0
16,54,-5,-9,-12,-6,8,33
-9,-10,25,-1,4,0,-3,6
-2,-13,-40,1,0,1,-10,-28
-16,-27,18,7,-6,-5,1,66
-9,-25,14,-2,8,-2,-11,-16
1,45,0,-2,-2,0,-9,0
-7,-33,-45,-4,-6,-5,10,-9
3,5,26,8,-3,-1,-12,-6
0,13,-42,-9,-1,-5,-1,-2
-11,-21,9,1,-1,1,13,-4
-14,-52,-26,-11,0,0,-8,-10
5,69,-9,-4,-3,1,1,-9
1,-81,-23,-4,2,-2,-3,2
-19,72,64,6,-6,-6,-26,-10
3,60,-20,-6,2,-5,8,-7
0,-3,7,-5,-2,6,-1,-13
2,65,-28,1,-3,-5,-10,-10
-21,15,4,-4,-8,-7,-3,-1
-3,-40,-37,2,12,3,6,6
-7,12,-9,-4,-7,-10,6,-8
-2,31,12,3,3,32,2,42
-6,53,-28,-5,-3,0,-6,-43
2,-57,-30,-9,-3,-5,-10,1
9,-88,54,4,11,10,18,-13
4,-118,39,2,4,-6,4,12
8,-58,-20,-2,0,-2,20,28
3,-23,2,2,-3,5,-40,-34
-21,62,-4,-5,-7,-10,-11,-16
18,-56,28,3,-1,-10,-8,-13
7,-44,25,-3,8,7,28,12
5,7,-11,0,-6,-5,-13,-2
-4,-5,-24,6,-6,-3,-4,-6
-13,21,-5,-5,-3,-7,3,5
-1,-82,-22,-10,7,1,0,-43
-10,57,45,11,-10,1,2,18
3,-33,-24,-10,7,-5,-2,-13
-7,-28,-36,-9,-2,-3,-4,-32
1,-35,4,-3,5,0,-7,-13
7,23,-1,5,-4,-3,6,52
-2,-47,5,-9,-1,-2,-2,-18
-11,-10,-11,1,0,-8,2,-22
14,80,15,5,-4,1,-4,48
-3,42,1,8,3,3,28,24
-4,95,-38,-5,-5,0,3,-18
-5,67,38,2,-6,-8,-31,18
9,-68,-22,5,-6,-10,2,-61
-3,-5,4,-9,0,11,-11,9
-3,-45,8,2,3,9,7,16
-5,-38,15,1,3,3,10,-12
14,73,24,0,-4,-8,-17,10
26,2,4,1,-3,-3,14,-1
-3,-11,-23,0,2,-3,-6,-2
-3,20,8,1,2,2,-9,-13
-1,10,4,0,-3,2,2,-3
-2,-4,10,-1,1,-4,18,-10
7,-4,1,5,5,4,-23,5
0,-52,-18,-5,-3,-2,9,-17
-13,-81,-3,-3,0,-3,-4,17
-9,-2,20,-4,3,3,-4,-36
4,-26,11,4,-4,-2,3,21
10,-40,1,-1,1,-2,1,1
-4,25,-24,-3,-3,-1,-7,44
0,-46,-10,-8,-5,-1,-11,-25
12,50,53,11,-1,-1,32,23
-6,-5,-38,-4,-2,-3,-17,5
-21,-21,12,-2,0,2,-7,8
-6,11,2,0,0,-3,2,10
-10,21,-21,-1,-3,-2,-3,0
-4,32,-9,2,-7,-7,9,14
-3,-25,-6,-11,4,-1,-24,-22
1,97,49,10,-3,-5,-9,-2
-1,5,-11,-11,3,1,-6,-60
9,14,-8,-1,-2,0,3,12
-6,41,12,-5,-8,-2,9,5
-3,47,-21,4,1,-2,4,25
0,23,14,-1,-2,-2,-3,-7
-2,43,-16,-2,3,3,9,-35
11,67,-2,5,-6,-5,6,39
-19,35,-26,-4,-4,-5,2,-10
4,29,24,-1,-1,4,15,31
-13,14,-35,-3,1,-1,-2,1
1,-11,29,7,2,1,-2,2
15,43,-4,5,8,4,18,0
-7,104,-7,-6,-8,-5,-32,3
1,0,5,1,5,-2,4,7
7,17,-15,-1,-6,0,2,-13
-3,-112,-29,-5,4,0,-5,-49
6,2,-26,3,0,-1,18,9
4,-20,21,1,0,4,-15,8
-20,-73,-25,3,3,2,-3,-5
