0,14,-10,-1,1,0,4,2
-3,0,-9,-5,-3,2,-12,-2
-3,-1,0,-2,-4,-3,14,-2
-1,-19,-32,-4,7,0,-22,0
0,-38,12,4,-5,2,-7,-1
0,-7,-6,0,-4,-6,55,-3
-1,27,25,-1,4,7,-68,-1
-3,-10,-28,-5,-3,6,21,-3
2,7,15,-1,1,7,-12,2
-1,-9,-26,-1,2,-3,6,-1
0,-16,-15,-3,-3,-7,28,2
2,12,18,4,-5,-11,-15,2
-5,-36,-8,-4,-2,5,-20,-3
4,57,22,3,1,4,8,0
-4,-8,-25,-3,-1,-3,32,-3
-2,-4,2,-1,0,-10,-20,-4
-5,-11,-2,2,4,13,5,1
2,-13,-5,-2,-3,-1,-26,-5
-4,-65,-43,-10,-2,-6,-18,-2
4,61,61,4,-2,-3,21,0
1,40,-5,2,5,-9,25,0
-3,-14,-13,-2,-5,-3,-35,-3
0,12,13,1,-2,1,27,-2
-1,-27,-33,-4,-2,-9,-40,-2
-2,-7,3,-2,2,-2,8,-4
-4,-15,13,0,-1,2,-3,-1
-3,15,-5,-6,4,3,24,-3
-1,-11,-12,7,-2,-14,13,-2
1,23,17,-1,-5,-4,-7,-3
0,-20,-20,-5,-3,-3,-8,-4
4,-2,15,4,1,17,-45,9
-10,-21,-25,-8,4,29,43,1
6,7,17,8,-1,-4,-44,-2
-5,1,-6,0,-8,-9,28,-1
-5,6,18,2,-1,-25,5,-3
1,11,-14,-5,0,1,-25,-9
-5,-26,-38,-9,-4,5,4,4
6,35,48,12,13,22,21,3
0,8,4,-1,-9,-11,7,2
2,-4,-12,0,-3,-20,-34,7
-6,-3,-19,-8,-14,-25,-5,-41
3,-8,-6,-4,2,-17,50,17
3,2,13,1,4,28,-58,-2
-6,-11,-13,-3,4,7,44,-17
3,1,14,4,-7,-14,-38,30
1,11,-1,3,5,21,-45,-24
11,17,15,3,-2,-48,-3,41
-10,-29,-16,-6,-7,-34,81,-13
-2,29,11,4,13,56,-19,-44
-6,-25,-11,-2,-6,14,-52,-99
-1,10,-4,-10,-22,-50,43,80
1,47,11,8,12,54,-125,87
-5,-19,-3,-8,-1,5,-14,-49
-16,-16,-15,-11,0,-8,-28,-63
-12,12,-7,-1,1,38,59,-113
8,-21,14,14,0,-26,24,-1
1,-83,-20,-12,-4,-14,-66,69
-12,62,8,4,-15,-35,72,113
-2,53,11,4,16,-33,-22,-56
-2,14,3,1,-8,-50,127,-17
19,56,5,-3,9,20,-67,-38
6,-79,-10,0,-20,-94,-81,127
-19,28,5,6,14,62,-76,-77
28,65,12,-2,-28,0,85,44
3,-50,-16,-11,13,-36,127,19
10,54,13,1,-15,-15,91,-105
7,30,-6,2,23,51,82,108
-22,2,-14,-6,-19,26,-62,-85
-7,18,23,0,7,-43,76,57
-7,-44,-21,2,23,26,18,-82
-19,-69,6,-2,-6,-7,-113,76
53,78,-8,-1,21,-70,70,64
-24,-64,7,-2,-21,59,57,-59
-7,0,-16,0,0,-10,28,-53
3,-58,-2,1,15,18,5,89
-11,39,2,-5,-10,28,-128,-41
15,46,-30,-6,-44,47,-128,-16
26,19,-25,2,20,-39,97,126
10,-56,7,0,0,-17,43,7
-15,-28,20,8,0,4,-32,26
-1,18,39,7,-2,35,37,-20
-12,25,-30,-8,-9,-11,-40,-7
18,19,-34,4,-7,50,73,19
11,-73,-16,-3,23,80,-80,32
12,69,6,12,6,97,-9,-95
-24,-105,-12,-9,22,-13,-110,-44
-20,60,14,-10,-38,-12,118,-27
-30,-128,-16,-15,2,74,71,-88
28,127,20,17,8,-114,86,-20
-6,-91,-4,-10,-35,85,18,-36
7,-79,29,5,11,-66,-41,-41
-14,47,-7,1,5,19,-22,-85
0,-26,-12,4,6,-3,-87,127
8,51,39,11,7,9,83,-50
5,17,-6,-1,-7,-79,-76,50
-21,-90,-34,-4,3,6,-43,29
-20,-79,-31,-10,-10,33,57,-48
26,-35,29,5,9,1,-21,110
9,99,9,8,12,61,92,-82
-15,-3,10,-3,-1,-43,-106,-57
-9,11,-26,-4,3,-81,125,45
-26,-17,-17,-9,-9,-32,-7,-14
-14,-71,-1,-7,-9,-100,-1,-66
-7,86,27,-5,-9,-19,-41,-40
5,7,-1,-7,-2,-53,-115,25
-8,19,-17,-4,-21,-55,99,-28
24,-56,17,8,1,85,-53,-78
21,5,5,2,5,-37,101,-80
-22,-77,-1,-1,6,-29,-106,4
11,-93,-7,5,11,-26,43,72
5,119,19,2,-21,-58,64,-32
-2,-100,-12,-9,-14,-55,74,74
2,28,-4,-6,0,-42,80,-16
2,44,-16,-9,-1,-18,12,-111
-7,-7,7,-10,-12,56,-123,-13
13,64,0,18,10,-90,127,-39
-17,53,11,-7,-3,-58,-72,-44
-4,-25,5,1,-2,18,4,40
0,-40,5,-11,-20,-86,62,108
-1,21,-20,-7,-1,20,12,49
-8,-77,6,12,6,63,12,-96
-5,76,17,-3,-4,40,-82,51
-14,-81,-36,-6,-11,-26,-3,-6
-13,15,15,-5,-3,8,-118,-26
-8,-17,-6,-6,4,-30,48,99
-3,3,-13,-13,-20,90,-128,-33
3,-44,-7,-9,-2,-37,127,-14
1,43,2,6,3,-1,-14,79
13,113,19,6,1,-41,27,-7
-2,56,13,0,12,36,15,27
25,44,-16,-3,7,52,-30,90
-15,0,-18,-2,-8,-11,2,78
16,-27,18,0,4,64,121,16
-8,-39,11,4,-11,-13,60,14
-8,-1,0,1,36,38,35,-71
15,-60,-25,-1,-13,-22,107,31
-6,19,7,-3,-1,-25,-40,63
17,4,16,3,5,-31,78,22
-15,-75,-32,-6,0,-12,19,3
29,24,21,0,2,4,-78,19
-2,-112,-26,2,3,64,-8,56
2,84,31,12,-2,37,-2,-75
-7,80,8,8,-1,-66,-7,-24
-5,-119,-19,-10,4,31,68,-84
-4,-14,10,4,2,-25,18,-7
-9,-61,-13,1,13,4,-127,-15
4,-12,9,9,2,69,95,-26
13,117,36,4,15,-28,-58,-24
-6,-40,-21,-11,-14,-25,5,-41
1,-48,-51,-8,-1,13,-52,102
8,-30,12,0,0,-8,-47,-21
-9,-75,-15,2,-6,20,-12,77
4,6,2,-8,-6,1,23,-41
14,60,-3,0,11,-20,-104,44
-12,-13,-13,-1,-13,-22,57,19
-14,-39,12,-1,-5,71,-24,0
-8,-24,-8,1,7,17,-53,-26
-24,17,4,-6,-27,1,127,5
14,43,8,-2,14,-36,6,-42
5,-26,14,-6,-26,-47,-86,-92
-11,27,-38,-1,6,-5,17,-15
-5,59,57,5,1,21,50,-55
-12,-39,28,-6,-9,0,-121,36
-1,97,-42,3,-2,86,15,-5
4,-35,17,8,22,-40,-74,47
-13,-3,-17,-10,-14,-41,30,-10
6,-50,-10,0,13,16,1,-7
-15,60,13,-1,0,-37,8,26
10,0,2,1,-14,5,-32,40
2,26,-4,2,12,16,40,-22
-8,-25,-4,-3,6,59,-77,3
3,-55,-6,3,1,-53,127,26
10,50,0,-1,-14,10,99,53
5,-111,-1,-12,-18,-88,-25,-75
-12,76,-4,2,-2,8,51,-2
3,-23,-7,-4,12,-37,37,-2
4,-38,-4,-1,-12,10,-14,-14
1,-7,4,-1,4,-8,-89,-42
-7,4,-10,3,11,56,11,9
5,-92,2,6,7,22,66,17
-6,50,2,-4,-7,10,-15,5
0,-3,-4,-1,8,27,-65,57
15,3,-6,-2,-1,-44,3,-8
2,37,-1,-3,3,-17,-60,33
-2,-12,-1,-3,-3,41,-37,-99
7,56,7,11,11,51,-59,28
-20,-13,-16,-14,-4,-7,-83,-29
0,1,10,3,-12,-7,15,5
-6,-44,-4,-3,1,-28,91,-3
-17,-42,-8,-9,-12,-33,-40,-49
4,41,4,5,-7,54,7,-36
-5,107,11,0,-2,20,-7,61
1,-55,-4,-7,-2,-61,-9,21
-4,-75,-16,7,13,33,26,41
-7,61,-10,1,-13,44,-7,5
-6,-49,-3,-3,-4,-77,-10,-83
-1,93,8,0,4,39,-61,-11
13,18,5,-1,-4,-16,49,60
3,1,-9,0,2,-79,12,-21
-4,22,0,-6,-12,-19,-32,-48
-4,-29,-8,1,2,31,-12,0
6,-6,-1,0,7,-30,-8,-52
-18,-54,-10,-2,-12,-6,-44,40
3,20,7,-2,4,10,-26,-39
-11,-28,-9,-3,-19,-68,55,-36
8,5,-2,-5,0,-23,43,-6
-5,-118,6,3,4,-3,-66,-15
-11,-15,3,-2,7,22,-57,-2
-1,23,0,3,7,-53,10,5
-6,11,-22,-4,2,0,13,-83
-8,-27,-1,1,-4,-13,45,31
5,-23,3,-1,-5,-41,6,-74
0,2,-3,-3,15,10,73,-36
5,82,18,4,-7,-21,-23,-53
14,-2,-6,-5,-15,-39,11,45
-1,-7,-4,1,-2,41,-44,62
1,-50,5,-5,-4,41,-30,36
14,0,1,2,-8,1,8,115
3,43,5,1,8,9,38,34
-6,11,1,1,-7,-20,50,21
0,11,3,-2,-10,-24,-55,2
-3,-49,5,-4,7,57,55,3
-11,-2,-2,-4,-4,69,-98,-66
11,-17,-5,2,-3,12,127,79
5,77,14,2,12,-27,-6,-81
-4,-24,-4,-6,-6,-35,-52,50
-1,42,-5,-4,0,25,39,-30
-12,-119,-16,-2,17,24,-56,-35
3,64,13,4,-3,-50,9,-38
5,12,-1,-4,5,15,19,8
7,-16,0,2,-4,-23,3,-76
-5,11,-3,-7,-1,26,-11,22
1,-57,-10,3,-7,53,-79,49
-3,57,4,3,0,-36,103,-9
7,21,12,0,-3,-46,-31,7
-4,-8,-14,2,1,-47,82,-36
-1,94,15,-4,-3,12,-3,31
1,-56,-3,0,-3,-23,-43,30
7,-54,-8,-1,-1,-16,-31,69
32,22,16,9,-2,43,-53,25
2,69,5,2,7,-16,85,91
-7,-16,-5,-5,0,48,-66,-5
-11,34,-6,-4,-6,-48,63,-36
2,-28,-4,-6,-5,-18,19,-6
-16,-86,-6,-2,7,-22,-6,0
0,-7,3,1,-9,8,-96,-39
-6,89,17,-2,-9,4,10,-59
-8,-72,-18,-7,-2,-26,32,-22
-1,-12,-5,-4,3,25,-93,17
-3,54,-6,-6,-10,-67,101,-22
-3,-23,-2,-3,-2,6,73,-45
-4,27,0,-1,-14,-21,-128,40
-3,-35,-7,0,7,60,67,81
-3,-90,-6,0,1,-31,13,46
3,83,21,7,9,76,-87,-52
1,1,-4,-9,-6,-6,-78,0
-18,11,-7,-3,-2,7,-3,-122
-12,-62,-5,3,3,-11,36,-58
-1,-35,-11,-6,-11,-73,89,52
-12,85,2,-1,-3,26,-16,-43
11,60,8,4,-4,28,-21,-5
0,-65,-4,-4,5,8,36,25
4,-95,-11,6,11,18,-18,30
-4,35,6,0,-3,-6,16,23
-4,-67,-10,1,-4,-5,59,44
11,49,6,1,-7,21,-8,-17
-11,-24,-14,-4,-5,46,-12,32
-5,21,-6,-8,0,-26,127,-85
-2,8,-4,-6,-14,-103,85,61
4,-56,-9,-8,-5,48,-44,9
-2,80,11,7,9,-5,76,-3
-1,-23,2,-2,1,-13,-69,-2
5,-52,-9,-1,-5,37,54,28
-1,63,4,2,3,6,102,-62
9,-4,-2,-5,-2,-29,60,24
-3,-26,1,2,-8,5,-7,51
0,-39,-2,-7,2,-13,-39,-54
-16,51,3,5,-2,51,-107,5
29,-100,-2,2,3,-34,-67,56
-9,56,13,0,13,51,74,6
9,-43,3,-3,-8,28,-65,-61
0,87,6,5,6,-21,-79,-26
-18,-51,-3,-6,-11,-76,26,-46
0,8,4,-3,-4,-15,7,-11
5,-8,-7,1,-2,-16,-23,4
-10,47,10,-1,-2,3,-7,-3
-10,-28,-14,2,14,-3,12,32
20,-29,-2,0,-12,-24,5,-6
-18,46,9,-1,5,13,-23,-82
3,-97,-14,-1,0,-42,63,65
-3,27,3,-6,-4,-14,-128,-91
-2,44,2,5,8,-12,92,-30
-2,-22,-1,-6,3,19,-111,-28
2,-21,-5,1,-7,-32,59,-82
9,75,0,3,-4,46,47,33
-21,-47,1,0,32,37,52,-100
4,4,-4,-4,-25,-28,87,73
-6,-29,0,-9,-18,-15,-81,-87
3,97,11,6,12,6,-60,-20
5,-77,-12,-5,-3,11,-11,38
0,-6,-3,6,19,17,53,47
4,-16,-1,-7,-8,-56,-31,-1
-8,-97,-11,-10,-11,41,-64,-10
-12,6,-2,1,-10,-9,-106,92
-6,-60,-4,-1,5,-26,-17,-36
9,52,8,5,0,74,-50,0
-7,-15,-6,-3,-2,23,52,-41
7,50,-1,0,0,-93,18,8
-7,-23,-13,-9,-3,33,-50,-20
-7,44,10,9,15,76,25,-73
12,-91,-10,-4,-6,-40,36,117
2,-69,-4,0,2,-21,14,-33
-5,115,7,-1,0,-7,16,-24
10,-24,-7,-1,11,-12,34,24
-9,56,4,-5,-3,49,-34,14
-3,-10,4,8,-6,-27,-8,-16
15,-26,-2,2,4,-8,8,87
15,-13,-1,-4,2,-35,-74,99
0,21,-1,-3,1,39,-71,-27
-7,-11,-5,-6,0,10,11,-13
-20,18,0,1,-16,23,-6,42
-1,20,1,1,4,7,93,23
1,-2,0,-2,4,-11,-46,43
-3,-21,-9,-7,-6,-14,-23,6
1,109,16,10,8,20,-1,-48
2,-41,-14,-4,-5,-8,-17,46
0,-29,7,5,-2,-79,106,-26
-9,-46,-5,-5,6,104,-116,-29
20,36,6,-3,-19,-61,5,-57
-11,1,-5,-2,-5,-19,43,-5
3,-1,-2,1,4,23,30,16
4,15,-3,1,8,45,85,-33
-4,-67,-7,-1,2,60,-74,-28
5,48,11,5,1,12,5,-18
11,-26,-2,-4,-15,-19,64,63
6,67,9,3,-7,-13,45,-14
14,-12,-9,1,20,19,-71,51
-10,-1,3,2,-1,-17,10,-5
-12,-69,-9,5,25,84,-94,-95
5,67,2,4,-26,-26,22,79
6,13,5,-2,5,-36,54,22
-7,-27,-12,-1,-4,-5,-9,-25
-9,34,14,0,-5,-2,4,-52
-7,-49,-14,-3,5,7,3,17
5,4,1,-1,4,-34,53,67
-7,-53,-5,2,-14,48,94,52
-9,23,-2,-6,-15,-52,-2,42
-6,-25,-6,0,3,42,6,-7
-2,37,4,0,-7,-28,-65,-48
9,-16,2,-1,12,32,-19,10
-6,22,-7,-4,-11,-26,14,45
3,24,-7,-3,-4,-8,-41,-39
-9,-46,13,3,7,-44,66,-110
-3,14,-9,-2,-10,-3,-10,-28
-4,69,3,-6,-10,-7,-24,21
6,15,2,-1,-4,-30,-112,-42
-7,-45,-12,-8,-8,79,27,-48
10,14,-2,-1,-5,-13,-12,98
-19,5,-2,8,0,-23,65,-63
5,-29,6,-4,-6,-23,7,16
-9,4,7,5,-7,-23,69,-19
-4,21,4,-2,-1,-37,18,-73
3,-74,-6,2,-3,5,-27,11
-6,17,-2,-4,7,-11,33,33
0,34,-5,-1,-2,-7,-26,35
-4,-1,4,-1,8,-18,38,-37
7,-3,-1,-4,-3,-48,17,35
2,4,1,2,-2,27,-65,-8
1,-24,-5,-2,3,2,-40,59
-10,20,1,-3,-15,-9,-1,19
7,5,0,4,6,18,-28,6
6,-10,6,2,3,11,8,36
-6,-11,-5,0,5,-27,63,5
3,-15,-3,-3,-3,88,-121,25
-8,46,15,5,6,8,28,-75
-4,56,-5,-5,-12,-4,55,-46
1,-56,-8,1,9,5,4,-27
-5,24,9,3,15,2,19,-17
4,-3,-7,-7,-12,-14,62,-20
-6,3,-2,-2,7,-3,-14,-60
-15,24,0,-3,-16,19,-56,-42
-6,-102,-8,-1,10,-8,-28,-54
1,109,0,-5,-8,23,-18,-18
-2,-55,-9,-1,-1,48,42,19
5,52,10,6,-2,-21,53,-8
-3,-30,-6,-10,-17,-69,-13,-19
-3,29,1,-2,0,-35,39,35
0,-5,3,1,-9,9,-75,46
9,-98,-5,3,14,-7,15,-10
-3,127,15,3,-2,-46,98,-2
2,-71,-9,-5,-2,8,-4,-12
-10,1,-4,-1,3,-8,2,56
1,-6,-7,-1,-2,16,10,-1
-2,-36,2,1,6,31,29,-46
3,-27,-8,-3,3,-1,5,-5
-5,10,7,2,-11,52,97,-34
-6,-25,-10,-9,-11,12,-34,5
-5,-27,-7,-4,-5,-37,104,9
11,-24,4,2,9,32,-14,18
2,-3,-6,-3,6,-29,83,-17
-3,32,11,0,-16,-19,-15,-30
-6,1,-3,4,3,-20,27,84
-2,50,-1,4,8,67,31,-53
3,-11,-7,-1,-3,-21,-18,-11
6,17,3,-6,-25,-18,-25,7
-9,-18,-5,-2,12,-46,-7,-72
-10,-31,-9,-6,-18,-23,-28,20
21,52,6,6,5,12,-54,8
-7,-30,-3,-1,6,20,23,-27
13,44,6,2,10,44,-7,11
-2,-30,-3,-6,-10,-71,8,8
2,46,7,-1,2,6,-24,8
0,3,-9,-1,2,39,-14,15
6,25,1,1,-4,38,-32,-22
2,-9,6,4,16,57,-52,-26
3,1,5,3,5,-67,31,65
1,-27,-8,-4,0,2,-7,26
-5,-15,-3,-1,5,8,-98,-35
-8,27,-3,-1,-6,-26,51,13
-14,-61,-7,-4,-6,15,-13,-35
7,10,6,-1,3,13,6,18
4,-30,-6,-2,-7,-7,-13,70
-1,-44,3,4,5,2,0,-16
-4,28,1,-1,1,-43,2,-26
-1,4,-3,-3,-5,-68,91,1
6,-19,4,2,-1,21,-28,-9
-3,-48,-5,-6,6,4,6,-14
-9,-15,-2,-2,-3,-7,-3,-78
4,66,8,3,-8,-21,-2,-15
-2,1,-10,-7,-3,4,24,41
7,-18,1,0,-1,-8,4,-32
-5,-8,-2,-1,4,10,-35,-21
7,-12,-8,1,-2,23,-20,-26
-6,-21,-1,-5,-4,6,26,34
19,101,10,4,-1,-6,-92,-37
-14,-11,-3,-3,-1,7,-6,-7
-9,-79,-9,-6,7,8,-91,9
4,47,5,-2,-8,64,-60,-23
-5,-21,-6,-3,3,-25,10,25
2,12,3,2,5,-2,9,20
2,31,6,7,15,-16,26,-4
8,-39,2,0,-8,-45,-65,70
3,38,0,-6,1,-4,14,34
-5,-39,-10,-5,-10,24,4,-48
2,35,-1,-2,10,12,-5,26
-6,-4,0,-1,-6,-13,2,-40
7,60,-2,1,-24,3,43,-3
-6,-47,-6,0,2,-11,-88,32
0,-6,3,-3,6,-4,12,-14
-5,42,-4,-5,-9,-7,6,-32
-13,-43,-11,-1,4,31,-21,5
19,-3,1,-6,-7,-35,53,-6
0,-5,-8,-2,-16,7,-2,-8
-3,17,2,3,21,11,-15,-29
-2,-12,1,2,-2,-7,-3,27
4,41,3,1,1,-10,67,27
-9,-43,4,1,-4,21,-3,-32
-1,0,-12,-2,5,-7,28,-34
-3,-7,9,2,4,17,-3,39
2,-61,-5,2,-4,27,-3,47
1,81,6,-1,-5,-3,-9,10
-2,4,0,3,-3,-46,50,13
5,2,-4,3,-3,39,-25,44
0,27,-3,-4,-1,14,-80,4
-6,-64,-5,-2,-3,-2,78,20
11,70,7,4,5,-14,20,-17
-9,8,-7,-6,-20,-48,-30,47
11,22,7,3,4,44,-17,-41
-8,-7,-6,-2,0,0,-11,-60
-6,-55,-5,-4,0,-4,14,46
-1,-18,4,-2,1,-45,16,-61
-2,-8,2,1,4,6,54,80
-2,-13,2,-7,-2,15,-86,-4
1,-11,-5,-5,-2,8,-64,-20
1,4,-3,0,3,29,67,-16
8,-20,3,3,0,-15,-19,-24
-3,0,-3,1,5,-3,-20,-15
1,-18,3,0,-6,14,22,19
0,-1,-1,-3,-4,-29,-9,-8
-10,5,-1,0,0,-7,8,-29
4,-56,-10,-4,1,-20,-28,10
-12,36,1,-2,-9,-6,0,-57
-2,-4,1,1,-1,-19,1,7
-5,1,-2,-3,13,36,4,-41
-3,-4,0,-2,-10,-28,23,9
-10,-42,-8,0,0,-8,59,-79
6,5,9,3,11,14,11,48
-3,-8,-3,-4,-10,-23,-42,16
0,15,5,0,2,3,23,9
0,-15,-7,3,-2,9,18,12
-1,-29,-1,-4,-7,15,-39,-31
2,-24,-4,-5,-4,-20,46,0
-7,65,4,2,4,-1,4,-35
14,50,-1,-4,-8,17,-18,2
-3,-3,1,0,9,-12,36,-7
-4,-35,-2,1,5,35,-15,19
-2,-65,-6,-3,-13,-22,-43,-9
4,90,12,7,6,-11,82,42
-5,-76,-11,-5,15,31,-39,-18
4,71,5,-1,-12,-25,30,-14
4,16,-1,1,-3,22,31,24
-1,-55,-1,3,2,-12,-43,9
-6,8,-1,1,4,17,32,3
0,-33,-2,-3,-7,-35,-66,86
-2,24,0,-1,-4,-4,5,1
1,-37,-3,-6,-1,43,-52,7
-3,-2,-1,0,-3,-26,-5,-34
-4,30,5,1,-4,6,16,-34
4,1,-2,-4,-6,10,-13,-7
-5,-19,0,2,4,-7,-2,-14
-2,59,-1,-1,-9,-25,-9,-16
-7,-10,-3,-4,2,4,-4,-68
6,-34,-4,-1,11,24,-5,18
-4,-14,4,-6,-13,-3,44,-61
2,-23,-2,2,1,-1,-6,-13
-5,-22,-6,-1,1,1,-16,-24
-2,57,4,3,0,-11,49,29
3,-31,-6,-2,7,14,-89,-5
1,-38,-2,-2,-7,-12,11,-4
-11,-65,-12,-2,5,10,9,-14
4,42,12,1,1,-10,21,16
-10,14,-6,-3,-4,-6,2,26
1,25,6,-1,-11,-9,5,58
4,6,-4,0,5,11,-2,2
2,-16,-2,-2,-1,-19,15,-28
6,-16,1,1,-5,-60,28,-4
-11,10,-6,-2,3,36,-71,16
4,1,-2,-2,-5,-11,87,26
5,-26,4,3,10,35,-90,-4
1,6,6,-2,-4,-31,-40,6
6,-11,-5,-4,-3,6,41,-30
-1,28,5,2,-8,-4,-60,29
-2,-17,-7,-2,-1,11,-27,12
-7,-17,-5,-2,0,14,7,-9
8,18,6,2,6,-6,-12,-15
1,14,-2,-2,-1,6,-45,-91
-14,-25,-1,-4,-6,21,-38,-36
11,19,-4,-1,8,-18,3,34
-8,14,-2,0,-18,-27,21,-2
-4,-8,3,1,2,-52,43,17
3,48,0,3,5,30,45,19
-12,14,-1,0,-5,53,-53,-76
-1,38,-7,-3,1,15,39,-34
-8,-24,0,-1,1,-2,21,47
-2,-20,-7,-6,0,-12,12,-39
7,23,2,1,-4,-25,36,30
-5,-53,-5,1,6,-33,-57,-25
-14,-44,-2,-6,-9,2,-48,7
-10,70,9,3,2,-8,-22,-62
2,-1,0,-4,0,10,33,36
-5,-40,-6,-1,-4,-3,-28,-1
4,26,-1,-1,0,-15,58,-32
-1,-28,-2,-1,-3,7,-25,15
-4,10,5,2,5,-2,20,6
0,9,1,-3,-13,33,-23,33
1,14,0,-1,-1,-10,-8,13
1,-24,-6,0,6,-23,-37,7
6,-4,-8,-3,-12,26,-5,39
-4,-11,2,-1,13,3,51,8
4,11,-1,-2,7,22,-37,-7
-5,27,-3,-2,-7,-24,35,22
2,-11,3,2,-4,35,-86,-8
-2,-30,-1,0,3,-2,32,-56
-4,35,2,-3,2,10,21,-96
-1,-30,-2,2,0,25,4,12
1,-12,-2,0,-1,-30,55,-33
1,12,3,2,7,21,-36,17
-2,-6,-3,-1,-4,-17,5,17
2,-4,-4,2,-5,22,19,9
-1,-8,5,2,-2,-16,7,2
-9,-7,-1,-8,1,-11,8,-31
7,24,-6,-2,0,9,-6,45
-6,-15,-6,-5,-2,10,-18,72
0,17,-4,-2,-4,-16,21,17
-3,-8,-6,2,5,1,1,3
0,30,3,-4,-11,-9,-36,-13
5,-15,-1,6,4,30,-9,44
-9,-28,-4,-1,4,47,-23,-73
-7,36,3,-2,4,-13,-16,55
-5,-40,-5,-2,-4,-34,-13,20
1,-8,0,-2,-3,25,57,-49
7,70,12,3,8,-14,-12,22
7,5,-3,-2,-1,-13,-35,-9
7,12,1,4,0,1,17,-14
-4,-32,-1,2,-8,-29,9,39
-8,22,-4,-5,-6,-5,70,23
-2,16,3,3,-5,-5,22,-5
7,4,3,3,4,9,9,14
0,-15,-5,-1,1,-5,7,-30
1,-93,-12,-1,-2,3,39,-27
-2,103,16,3,1,12,-11,-12
0,-2,-1,0,-7,5,-31,30
-2,19,1,-2,9,-14,44,-13
-12,-49,-4,0,6,-15,-31,-36
6,-7,-5,-6,-15,-33,-53,73
-4,-7,-7,-4,2,5,2,13
8,21,-1,-2,2,-16,-5,-11
5,24,-3,-6,-8,-2,1,-49
-5,-48,-8,0,1,15,-6,-68
9,2,1,0,-2,0,50,2
-9,-30,-9,-3,2,-16,-44,5
-3,-5,10,-2,-4,-7,-12,20
2,16,1,3,0,5,-21,-40
-9,-17,-7,-5,-6,11,46,-18
-3,1,5,0,2,-8,-11,-31
0,-65,-10,-4,4,28,-4,11
0,81,11,1,-8,-26,37,-19
-1,-21,-5,-1,-9,-44,4,28
7,61,8,5,-2,14,-34,3
-15,21,-4,-6,-2,-7,-36,-6
-4,-95,-12,-2,2,23,35,6
8,11,3,2,-2,-24,6,41
-1,-5,0,0,-4,-35,11,15
-2,17,-4,0,-5,-14,9,58
5,-8,-5,0,7,-12,22,19
-2,-3,9,-1,5,31,-76,-35
-3,-24,-9,-2,-1,-22,71,-43
3,-66,0,-3,-8,-11,-43,3
2,56,5,-3,4,3,18,14
-3,-10,-6,3,-2,-3,47,16
-9,6,-7,-11,-6,-4,-15,-31
19,-3,4,4,3,-33,23,75
5,19,0,-1,-9,-13,-13,-12
-10,29,-1,1,3,14,14,-23
2,-16,1,1,6,-6,-29,5
-5,29,-3,-3,-6,19,-6,-11
8,-36,-4,-1,-10,14,24,0
3,16,8,-1,7,10,-61,-50
-4,-43,-1,2,-5,-6,-22,-40
-9,22,-4,-3,5,15,-4,-3
7,-35,-8,-2,-2,-25,20,-21
-11,12,-3,-4,-3,14,-23,-30
10,-33,-2,-3,-1,-14,5,27
-7,23,3,-1,-3,18,-17,-7
-13,-37,-5,-1,2,3,-34,-17
1,34,-1,1,0,11,28,3
5,21,6,-1,7,-12,8,15
-8,17,-1,-5,-8,-43,-51,11
-2,-44,5,2,7,-1,-25,16
7,-9,-5,0,-2,-1,-39,-15
-2,5,3,1,-10,19,32,22
1,27,-4,-6,6,-18,-36,-22
-1,20,-7,-5,-8,-28,14,-30
3,-70,-3,-1,1,4,1,24
-12,90,2,-6,-11,-12,5,-52
7,-14,2,4,4,22,3,-33
5,-22,-6,-4,-1,-1,32,29
-5,40,2,-1,5,-15,-4,-2
6,-51,4,3,-6,44,44,26
-8,-1,-1,1,12,9,-20,-13
-4,36,4,1,-9,31,-10,0
0,-21,1,-1,-2,-29,4,-80
-10,-10,-5,-5,7,7,-60,5
0,-36,-4,-1,-4,-21,53,16
-4,44,3,1,2,-11,22,7
0,18,2,0,1,7,6,13
-5,-22,-11,-4,-12,-25,-16,-4
-6,1,-2,-5,0,11,9,10
-4,-11,-3,6,-2,-11,-2,23
-4,-5,2,-4,-12,-15,32,-11
5,-4,1,0,2,36,11,12
7,-8,-6,5,0,-9,56,8
2,-14,0,-1,3,-15,-51,-26
-2,1,-3,0,-3,-8,-37,-42
-5,-35,-5,-6,-4,-3,-59,-25
2,84,17,1,-4,-6,25,-5
8,-31,-2,-3,4,14,-34,12
0,-20,-6,-4,-1,32,-2,-2
5,42,0,-1,7,-16,40,18
-4,-21,1,2,-10,2,37,10
-5,5,-8,-2,-4,-7,14,1
-5,-40,-4,-5,7,10,-68,22
-5,70,19,6,-2,-26,23,-34
3,-14,-6,2,-1,19,22,56
-9,-16,-6,-2,0,-1,79,3
1,-9,-2,1,-2,-18,-2,-3
0,-13,-11,-3,-15,-30,-25,-10
6,-71,1,-1,-5,-5,-24,-23
-6,64,3,-1,4,28,-7,-12
0,-30,-5,-1,-10,-5,40,78
0,6,-3,-3,6,-4,-51,6
-3,22,-3,2,4,-32,52,-95
-3,-56,-6,-2,-5,6,-67,24
2,-11,5,2,2,22,32,4
-4,12,1,2,0,-11,64,10
2,-45,-11,-2,-9,-8,-8,-7
-10,45,0,-3,3,-19,-55,-29
-5,1,-4,-4,8,-4,-13,18
-2,-23,-5,-1,-14,12,32,-28
-7,16,-4,-6,5,19,-71,-3
1,-16,7,3,-5,-14,25,2
1,-9,0,2,-4,3,-13,17
0,69,4,0,-3,-1,-12,-33
-2,9,-3,-1,1,4,27,8
-4,-39,-6,-5,-1,4,-94,7
3,51,7,4,5,25,17,-25
-6,-39,-5,-6,-2,-16,27,5
0,-13,1,-5,-3,8,-23,20
7,42,3,0,0,-34,61,48
-9,3,-3,0,-6,10,-9,-55
8,-8,6,5,15,23,7,27
-3,-54,-11,-2,-24,0,-11,-24
-1,-9,-5,-5,1,6,14,-31
-1,4,1,0,0,-11,4,-14
-7,-31,-4,-2,-2,-6,20,4
-5,3,-9,-3,2,22,30,9
-6,7,4,-2,-8,-10,-111,-31
-4,-18,-6,0,-7,-31,52,21
-1,-6,-6,-5,5,31,-7,-12
-2,21,4,0,10,7,-12,8
0,-23,0,1,2,31,12,-48
3,50,3,-2,-5,-29,31,23
3,-16,-1,1,-7,-9,-38,68
3,15,8,3,9,-16,-9,37
6,-13,1,0,-3,1,53,11
0,-51,-4,-3,5,-12,-63,-6
-3,42,2,3,1,13,-15,-5
5,22,1,-4,-3,-26,-58,-10
-12,-5,-3,-1,4,9,3,13
11,9,-3,1,-4,23,104,5
-8,-38,-6,-4,-16,-59,-65,29
5,14,2,2,5,-10,6,7
4,37,6,-1,-1,-13,0,-12
1,30,5,-3,0,31,6,44
0,14,-3,-2,5,5,0,-18
-5,-53,-10,-2,-3,4,43,22
-2,-63,-1,-4,-3,-12,28,1
-1,94,10,2,4,7,-41,11
-4,-31,-10,-5,-7,-23,16,-3
-3,-1,-1,-7,-10,-4,-42,4
4,17,-3,5,1,14,18,5
-4,-34,-3,-1,5,-11,1,-22
0,-17,-2,-3,-3,2,11,4
3,22,3,1,10,69,-37,-29
-2,-4,-4,-9,-14,-69,46,15
-4,-5,-5,1,-18,-18,20,-10
-2,-9,-5,-4,13,48,-81,-10
1,5,5,1,-5,-56,50,-11
2,10,4,7,4,18,1,10
-8,-27,-8,-4,3,5,-34,-42
6,53,7,3,2,8,50,8
-6,-20,-7,-1,0,-9,12,6
-5,-36,-4,-2,2,19,-36,-12
10,59,-1,0,-3,-12,27,18
2,-61,-2,-1,1,13,-25,13
-4,23,-3,0,2,-3,-39,57
5,3,-1,-1,-2,1,45,23
-5,-40,-2,1,-8,1,-49,-5
-4,-65,-8,-4,-6,7,76,14
6,59,15,2,4,-15,-20,-34
-6,-16,-7,-3,-11,-15,34,-20
-9,4,1,4,-1,15,-75,21
-2,-10,0,0,0,-12,3,-31
-7,9,-5,-3,4,17,1,8
-9,-1,1,4,1,23,-20,-46
2,19,2,-5,4,-31,33,6
-1,19,1,1,-4,29,-39,-2
5,5,-1,3,3,16,10,-43
5,-16,4,0,1,4,-31,73
-8,40,2,-3,1,-6,9,-43
10,-27,1,2,1,4,-7,4
-2,17,1,0,-7,-12,40,11
0,-4,-3,-2,5,15,8,-11
1,-35,-1,2,4,6,45,3
6,15,3,-3,-1,-28,0,-8
3,2,1,0,-9,14,-26,33
-7,-1,-2,-2,0,3,21,-15
0,-49,-5,-2,-2,-2,-13,12
-2,14,-1,1,4,-8,-13,-21
0,14,2,-1,-3,7,-82,-6
-4,35,0,-4,3,3,7,-39
4,-26,-9,-5,0,5,36,8
-9,-3,3,2,2,33,-9,-47
-3,-20,-2,-6,1,-22,-1,-24
0,3,1,1,-8,31,-49,11
3,-12,-1,-1,9,11,-76,2
-5,8,-2,-4,-6,-19,13,13
0,-18,-2,3,12,4,28,7
-3,22,-4,-1,-13,-12,2,-9
-3,9,4,-1,-2,-1,26,-20
-2,-4,-4,0,6,-1,15,-14
-5,-44,-7,-5,-9,-2,4,-8
3,1,-7,-2,2,-20,49,34
-6,-28,-5,-3,0,26,-37,-57
6,38,3,1,-2,-6,1,39
1,-6,-1,2,2,13,27,23
7,-50,-5,2,-4,-4,-4,-13
-1,17,5,-7,-2,-22,10,-7
-7,-54,-6,0,-7,-15,-51,-22
-4,93,8,0,-6,-18,23,-49
0,10,-2,-4,3,-4,-36,13
6,-21,-5,4,6,29,31,31
0,11,0,-4,-4,-23,28,-7
-6,-52,-1,0,4,-35,24,-11
-8,5,-1,0,-9,77,-73,0
-4,22,3,2,-1,-6,26,10
-9,6,-4,0,1,-7,39,-68
0,-35,-3,-2,-1,1,-21,15
2,61,8,2,5,-19,21,15
-11,-40,-1,1,-6,26,-18,-39
1,-41,-7,0,1,5,11,12
5,37,3,1,0,4,-7,1
-8,-9,-2,-2,-2,-15,5,-7
3,0,-6,-2,-2,-8,8,10
2,-14,1,-2,-2,-8,-1,27
-4,-3,-5,0,4,20,-52,-15
2,4,-4,-3,0,3,62,36
12,-6,-3,-3,1,-32,50,-1
-9,4,-6,-6,-9,14,-76,8
-3,-9,-2,2,-6,9,9,-1
0,-6,-1,-1,1,27,22,-24
-4,31,3,1,-5,-39,-54,7
-3,7,-4,3,7,2,34,-10
8,10,0,1,-5,-6,3,-6
4,-9,0,1,-4,-15,40,7
-7,-22,-6,-5,-4,-14,-22,-5
2,4,0,-4,-6,-22,-54,-29
-3,-30,-5,-2,-1,-5,14,20
2,1,3,2,2,-17,-6,14
-1,7,-2,-5,-3,9,32,16
3,34,9,3,-1,-3,19,-40
1,-18,-10,-5,5,-3,-14,11
-7,-27,-8,-3,-9,-15,-5,-17
3,19,3,0,1,-6,-19,2
-2,-8,-3,-1,-1,20,-8,45
1,6,2,1,-1,-13,54,-18
-3,19,2,-3,-2,-18,-46,-15
1,-19,-4,-2,-8,5,-6,-4
-5,5,1,-1,6,8,-62,-4
3,-12,-5,-4,-8,-41,16,20
10,-16,-1,-1,3,1,-15,-2
-2,1,1,1,-2,16,24,14
6,-3,-5,-1,11,26,-20,-4
-4,4,-2,0,-11,-1,-13,9
-5,-49,5,-1,2,2,-6,-8
4,66,4,0,2,9,16,9
0,-22,-7,-3,14,-21,100,-1
-7,2,1,-4,-23,-14,-73,10
-1,17,-4,-3,-1,-24,17,-13
-3,-27,-8,0,6,-6,-8,0
0,23,8,1,-4,-3,29,5
1,25,5,3,6,13,50,-15
2,-43,-1,1,3,-1,-33,-4
-6,-12,-2,2,-4,-8,16,20
0,67,2,-4,-8,-22,9,28
-5,-27,-5,-6,0,10,-30,-12
-5,46,5,1,0,29,-37,-40
-2,-14,0,4,4,1,-20,-4
3,-18,-1,0,2,1,16,7
-6,9,0,-1,-5,11,13,-2
5,13,-5,2,4,-22,-5,6
-6,-20,-3,-8,-2,-16,-34,-79
-2,46,-1,0,-12,6,24,7
1,-1,-1,2,3,36,2,47
4,-21,-7,-5,-5,-29,40,10
0,22,5,2,1,35,-62,5
3,-25,-7,-5,-7,-14,15,7
-13,-10,-6,1,9,-1,68,-74
2,3,3,1,-1,27,-10,48
-6,-60,-7,-3,-9,-4,29,29
6,24,10,2,3,-5,-72,16
0,-6,-2,-2,0,-14,79,7
-7,-28,-8,-5,0,-1,-38,-30
-2,21,2,-1,-5,-7,-4,-3
-7,-24,-1,1,0,29,7,2
0,-5,-4,-2,-3,-25,-53,-6
-2,32,9,1,4,-7,16,12
14,-1,0,-3,-4,-10,11,13
-4,-23,-2,0,-6,-14,-26,-48
6,39,6,-4,0,-1,-1,20
-4,28,1,2,8,15,-29,-59
-6,-4,-5,-1,-2,25,-9,-8
0,-1,-1,3,-3,7,38,15
3,-31,-3,-5,2,7,-13,-9
-1,10,2,0,-9,-24,6,49
-4,31,6,2,4,-9,-51,34
-11,-25,-3,-3,-4,-3,8,-30
8,-8,-3,0,7,4,3,1
-6,-7,-2,-5,4,2,35,-5
-2,-7,-5,-4,-12,20,-51,22
-2,-4,-4,0,4,-4,-2,32
-3,-26,0,-3,-3,-2,-26,5
2,43,2,-1,0,2,13,7
-4,6,-1,-1,2,-2,78,-33
-4,-19,-2,-3,0,8,-59,-10
0,25,7,5,0,-10,34,23
-3,12,-4,-3,-2,8,13,7
3,-16,-6,-4,1,-16,-3,-6
0,30,2,4,-5,11,45,26
-9,-94,-9,-1,-3,-13,-18,-19
2,38,5,-1,-3,-9,-9,-35
-2,-16,-2,2,3,5,43,57
1,14,-1,-4,4,11,70,-15
-3,-7,-4,-2,-16,-15,-58,-1
-7,-27,-2,2,5,-4,-10,-11
-1,11,-1,-6,4,22,29,-25
-3,-18,2,-2,-8,-46,-27,-25
0,38,0,0,6,20,6,-4
3,-36,-8,-2,-6,-10,-1,5
-8,5,2,2,-2,-13,17,7
7,-18,-3,-5,-1,-5,28,25
-7,-12,-5,-3,-2,0,-43,-5
-2,65,1,3,-1,18,48,-11
-2,-42,2,-3,8,-27,7,-38
-5,1,-2,-3,-16,0,43,-33
2,15,-2,2,5,9,6,-25
0,-36,-6,-7,-3,0,-28,10
-1,1,-1,3,0,6,-3,-2
2,31,5,1,5,-5,-18,1
-5,-24,-6,-2,-3,8,26,-6
2,-23,-2,0,-5,-7,-4,10
1,13,0,-2,0,21,-44,-16
9,7,0,-4,1,7,-29,7
-4,-42,-1,0,-1,-20,82,10
5,52,9,3,5,7,-8,8
-3,-37,-6,-4,-6,-5,-27,-28
-2,36,3,-1,-1,12,-14,28
0,4,0,-1,1,-7,3,20
1,-24,-5,-1,-4,10,20,-4
-5,-3,-3,-3,-12,-46,74,13
-3,-20,-1,1,6,-1,-91,37
-1,21,-1,-3,-3,-26,7,-38
-5,-31,-3,-3,-3,8,-30,0
4,40,2,5,0,-7,14,4
-1,-29,-6,-6,-3,-9,8,10
-4,54,2,0,-6,6,-37,-6
-8,-13,-5,-5,-7,-19,39,-6
3,-11,0,-1,-2,3,8,54
0,-4,-2,2,6,-2,13,-7
-2,-34,-2,-2,5,19,-28,10
5,32,4,-1,0,24,-27,8
-5,-10,-1,0,-3,8,-36,-12
-6,4,0,2,10,14,-26,-1
3,13,-2,-4,-10,8,-6,19
-3,-38,-7,-1,3,-25,76,7
0,-42,1,-2,0,13,-43,-10
6,62,7,4,-12,-18,14,-60
-5,14,0,0,3,18,-36,58
-1,-2,4,-1,-2,-18,17,-3
-3,1,-5,-4,-10,-8,-40,-9
-1,-18,-4,-4,1,5,-3,-6
-2,3,1,0,-2,-10,0,-20
-3,-35,-6,2,-3,-13,-82,39
-1,29,-2,0,11,6,25,-50
-7,-17,-1,-3,-3,17,-22,-2
-6,8,-1,-1,6,9,-1,-7
4,-43,-7,-2,-2,2,-10,-4
1,35,5,4,8,32,67,7
-5,-9,-6,-4,-9,-26,-32,-9
-2,-35,1,0,5,10,48,-22
6,82,9,-2,-3,17,-72,-31
-6,-55,4,3,-1,-2,10,-9
0,-19,-6,-2,0,8,57,8
-2,-6,-5,-3,-4,7,-37,15
1,0,-3,0,1,-7,24,17
-4,22,-1,-3,-4,-13,-58,6
-11,-5,-2,1,-1,-12,-10,16
3,-57,-2,0,3,0,6,-45
2,59,10,2,-2,5,29,54
4,7,-2,-1,0,-3,-23,11
-1,12,-1,-1,7,6,16,30
5,-11,-1,-1,-7,-28,-46,7
-11,-48,-4,2,-4,-35,74,-23
4,42,-4,-5,-1,24,-44,38
0,-14,-2,-2,-3,-12,24,-5
3,24,3,2,4,6,15,-37
-5,-34,-7,-4,-4,-25,32,-1
0,-9,-1,2,2,9,4,-40
-3,47,2,-1,-7,7,-37,-5
0,36,4,0,-2,-3,20,27
-8,-53,-8,-3,2,9,-37,-18
-2,28,5,0,-2,-19,56,43
4,-42,-8,-2,-1,2,-54,-2
1,7,2,5,10,23,-5,25
-2,48,4,2,-6,-2,-24,-28
-3,-62,-6,-3,-2,-23,11,13
-1,31,5,1,-3,-5,39,11
0,9,-3,-1,-3,-30,1,20
-4,-61,-7,-1,0,7,-35,5
-4,37,-4,-7,-9,-12,7,-17
-1,-40,-1,-3,4,-3,-4,-12
-8,10,-3,-4,-4,18,25,-23
5,-12,-5,-6,-2,-16,44,-29
-6,-37,-1,1,0,29,-49,25
6,36,-3,-2,1,-15,-40,27
-10,-19,-1,-5,-3,20,-6,-26
0,0,2,-3,2,7,40,-3
-5,-28,-5,1,1,-3,21,-8
6,59,3,-2,-1,13,-7,2
2,-8,-1,-1,2,-10,5,-20
3,-9,-2,-1,2,13,-46,-24
-5,-1,0,2,7,3,11,-19
-4,-24,2,3,10,12,-23,-33
4,26,-6,-4,-16,-24,-14,12
0,24,3,7,3,36,-14,-9
-1,2,0,-2,-1,-8,3,-5
-4,-39,-5,1,1,-10,78,-21
-5,-8,5,-2,7,13,2,-47
-1,47,7,6,-2,-26,11,33
10,-16,-1,-2,-5,-1,-17,-33
