-1,6,41,6,5,-2,-1,1
-2,-1,-3,-3,-1,0,1,0
1,-2,-17,-2,-1,-5,-8,0
-1,5,13,0,-1,-2,9,-1
-2,-5,-14,-2,-3,0,-6,-2
-2,-6,4,-1,0,-4,-8,-1
0,10,-3,-2,0,-3,-1,-2
1,-1,2,1,1,2,-3,0
-1,-1,-11,-2,-2,-4,6,-2
-1,0,0,2,0,-1,-3,0
-2,0,1,-1,-2,-8,6,-2
0,-6,-11,-4,-3,12,-4,-2
-2,-5,5,0,-2,2,-3,-1
2,4,-17,0,13,3,5,-2
-3,0,41,-1,-16,-7,1,-2
0,-3,-9,-5,1,7,-2,-2
-1,7,-6,-2,-5,-3,3,-2
-1,-10,3,0,3,2,-9,-3
-1,3,-19,2,2,3,4,1
-2,3,-14,-7,-1,-5,3,-3
-1,-3,47,9,-1,-2,-7,-1
2,-8,-21,-2,-4,0,-2,-1
0,10,4,2,1,-3,-8,1
1,-11,2,2,1,-4,5,-1
-1,-20,-20,-7,-1,0,2,0
-2,22,14,-1,-6,-5,-7,0
-1,-9,-5,5,2,-1,-3,-4
-1,-2,-3,-2,-2,-3,15,-1
0,6,-9,-2,2,0,-14,-1
-1,-7,5,3,1,3,-1,0
-2,-9,-23,-9,-3,-1,-6,-2
-1,7,30,4,0,-4,13,-1
0,-5,-27,-5,-2,-2,-4,-1
1,5,3,0,1,0,2,0
-2,2,1,-1,-2,2,-10,-2
1,4,-4,-2,1,-8,-8,0
-2,-8,7,-1,-4,-2,7,-2
-4,14,3,3,-3,-5,-16,-5
3,-7,-6,-5,1,-3,15,1
0,-30,-4,1,-3,-3,-7,-2
-1,-2,3,-6,-3,-2,-6,0
-1,7,27,3,1,0,9,-2
-3,-3,-10,1,2,-3,-3,-1
-6,19,-5,-1,-4,-12,-8,-3
10,-14,-15,3,5,11,1,4
-4,5,5,-7,-4,-3,2,-9
-2,-6,7,-1,1,-1,4,-1
-4,3,-17,-8,-2,2,-7,-5
-2,8,10,3,2,-7,6,6
2,-8,-5,-4,-12,0,7,4
0,12,-48,-6,0,4,-12,-7
-1,15,63,9,1,-2,-6,6
-10,-10,-27,-2,0,-3,0,-5
7,-18,12,-3,4,3,-7,3
-6,-20,-22,-2,-6,-2,9,0
2,2,-13,-3,-5,-1,4,-2
-3,12,-5,-4,-1,-1,-8,-4
-2,-10,15,4,1,-2,-3,1
-1,-34,-24,-3,1,2,-1,-1
-1,27,48,0,-1,0,0,-2
0,-1,-20,2,-4,-12,3,-2
-3,12,-21,-3,-2,5,-4,2
2,-4,29,0,-1,-3,-12,-7
-1,-24,-51,-8,-1,5,-1,1
-2,30,-9,0,-4,-6,20,-12
3,-12,10,7,1,-4,-11,18
0,10,64,0,-2,-2,-8,-27
-8,-29,-50,6,5,-6,2,6
-6,-2,-38,-14,-6,3,-3,-7
-1,8,52,6,7,4,10,3
-3,-7,24,-6,-12,-8,-5,2
4,4,-41,-6,2,-11,-17,-1
-3,-15,-3,0,-1,2,-1,-2
-4,-36,18,16,6,2,-7,-6
-4,-5,-41,-6,5,0,7,6
3,27,35,3,-3,3,18,-2
-3,-14,-42,-10,-3,-1,-13,3
0,11,6,-9,-5,-3,1,-11
-1,-37,-51,6,2,2,7,5
-5,25,88,-9,-7,1,-5,-4
13,45,0,19,7,5,3,5
-8,-14,20,-8,-10,-8,-3,-9
2,24,-28,-4,-1,-1,-2,6
-10,-28,-33,-11,0,-6,-5,-3
14,33,79,40,6,10,-6,5
-3,-19,-61,-36,-6,-2,-5,-3
-1,7,16,11,-1,-3,-1,3
-7,-69,-19,-7,-2,3,-2,-4
-6,-2,-56,-11,-2,-4,15,-1
5,39,-10,0,6,-1,-12,1
-5,-19,53,29,7,3,0,0
4,-12,-2,-9,-11,-11,14,-2
-5,9,14,6,5,27,-15,-1
-2,14,-85,-11,-13,-3,6,-7
-6,-30,-1,-19,-5,-6,-31,3
3,-23,-12,11,-3,3,9,0
-9,-17,-6,-12,-2,-16,5,-3
-3,-1,81,9,4,16,10,-1
5,59,4,17,-1,-4,-8,2
0,-17,-54,-20,3,5,12,0
6,-6,27,-27,-10,-16,-20,-1
-3,-16,-72,18,-1,10,0,0
-6,11,-25,-12,10,9,13,1
5,32,5,21,3,54,-6,0
-8,-61,17,-19,-9,-80,6,-4
-1,21,-57,-16,-18,-24,-22,-7
0,33,52,4,-1,-7,9,3
-1,7,-64,-4,6,5,-4,-4
-8,-62,38,21,11,30,-7,1
5,1,-51,1,6,21,13,5
4,31,-32,-36,-10,-18,-13,-2
-11,12,29,55,-2,-18,-4,-7
0,9,42,2,7,14,-2,0
5,-65,-26,4,-2,12,25,7
3,26,-9,14,7,18,-11,0
7,-50,-5,-35,-6,-34,-9,2
-1,117,-5,20,0,-11,5,-2
-10,-29,42,13,3,21,-5,-9
0,-75,-58,-31,2,-13,9,2
3,42,11,16,7,28,0,0
-3,-34,-64,-5,2,65,36,4
0,11,-11,-47,-4,-63,-51,-1
-4,-15,27,87,-5,15,2,-6
5,22,44,-23,-10,-41,-1,0
-14,-100,-128,-23,-4,43,1,-3
12,71,127,19,11,30,10,5
1,53,31,0,4,-23,-1,0
-2,-18,-36,14,-1,43,-7,-1
0,-19,-33,-25,-7,-100,-23,-7
-10,-17,42,11,-9,-14,1,-5
-9,-70,35,0,-2,16,0,-3
9,29,9,6,2,-5,10,5
3,35,13,-41,8,-7,11,-1
-8,-22,-1,44,-18,-31,-20,-2
1,63,4,-34,-6,-4,11,1
-7,-24,-47,-43,7,16,-3,-2
5,54,125,9,-5,3,-4,0
1,-11,-59,-52,-3,-19,3,-2
3,-8,-29,-9,0,5,9,1
-8,-29,-6,1,-7,0,-16,-7
6,8,-14,14,-1,-1,-6,5
4,14,-7,-8,10,10,10,0
0,79,47,-5,-4,-26,-22,-6
8,56,7,-17,-12,-10,5,5
-5,5,2,2,2,31,-2,-3
-9,-26,-72,-14,2,1,7,-3
14,-52,49,10,10,7,10,5
0,81,-5,6,1,2,-3,2
-4,4,41,25,-5,0,-4,-2
-2,-34,-64,-22,-1,26,-2,-2
-4,14,17,-3,5,-9,1,-2
-1,-26,-18,-12,-7,-12,-1,-5
4,-34,13,11,2,18,-2,1
-1,37,32,-11,1,12,24,2
-8,-61,-72,-41,-9,31,-1,-5
1,43,79,38,6,-12,-23,-2
-4,-20,-51,-21,-14,-47,-14,-5
6,6,2,18,5,-10,18,2
-4,3,-5,-8,1,32,-14,-1
-3,-43,-25,-7,-2,-19,9,0
2,19,6,29,3,31,-2,0
-3,13,40,15,-1,-40,-6,-3
-8,-18,-43,20,-2,23,1,-4
1,26,14,23,7,-39,2,3
-4,-31,-46,-26,-6,-6,-7,-2
0,33,83,42,8,-21,-8,-2
1,2,-24,-4,-4,-6,5,0
-4,-36,-70,-22,-2,12,1,-1
4,9,45,4,3,4,10,-1
-5,-6,-34,-16,-1,2,-15,-2
-13,-75,-34,-30,-17,-7,-3,-11
5,39,70,27,-4,-44,-4,-2
-8,-53,-51,-26,5,47,-4,-3
12,24,38,29,-13,-62,-15,1
-4,6,-10,-1,-11,-14,17,-1
2,-72,-32,-40,3,-25,-7,-2
0,23,79,-23,-13,19,-14,-1
-2,-20,-65,-25,1,-10,4,-1
4,16,19,12,12,25,-6,3
-6,-34,-1,7,-3,-3,13,-4
-5,40,-8,23,5,-7,3,-3
4,-12,8,4,-12,-8,-5,0
6,20,-21,12,2,-6,6,3
-9,-35,29,-1,7,62,4,0
4,14,-10,-5,-7,16,-13,1
-3,17,-32,23,4,-16,-5,-4
-1,-1,5,18,-3,26,-6,2
0,13,44,22,0,14,-3,-2
7,-7,-53,-20,10,9,16,4
-8,-8,21,11,-5,28,-2,-5
-3,-49,-29,-39,-8,-26,-6,-2
4,76,-4,-13,9,11,1,2
7,10,20,13,3,3,5,3
-3,-35,19,-34,-7,17,-2,2
-6,-17,-35,-17,1,-28,0,-3
-3,-43,13,11,-4,-20,-10,-3
3,90,5,18,-4,-24,-1,1
-3,-25,46,31,14,51,18,-2
3,-10,-21,-24,-5,-15,-13,2
-6,-16,-56,-11,-9,3,-3,-4
-7,-115,-4,2,6,36,-10,-4
8,79,87,27,4,7,-4,4
2,17,-1,-29,7,-8,15,-1
-3,-15,-39,24,-2,27,-2,-2
-7,-35,24,-18,4,4,-1,-2
0,-21,-94,-37,-12,1,-1,-1
-2,19,28,17,-1,4,-7,-2
5,10,6,-20,2,4,6,5
-2,-9,11,3,-3,-45,13,1
-5,-17,-26,-42,-6,-13,-20,-3
2,57,-13,20,-6,-32,-11,-2
-1,-8,35,-11,6,16,5,-2
5,13,20,2,-4,31,31,5
-5,-13,-65,-27,-1,20,-22,-3
3,-49,63,14,4,-22,3,1
-5,61,36,7,-4,39,2,0
1,6,-20,-24,-1,-27,-12,1
-7,-38,-16,-6,0,9,6,-4
2,25,85,13,-4,4,3,-1
1,19,43,-1,3,-3,13,1
3,-6,-31,6,-1,5,-14,-4
2,-21,-19,33,1,-49,-3,-5
-5,-1,-39,7,9,36,27,6
-2,-37,-27,-2,-8,-25,-26,-3
3,40,42,26,2,34,27,3
1,5,-22,-36,-5,19,-37,1
-2,-9,6,-20,-12,-14,5,-6
-1,-11,-47,7,2,3,9,1
3,44,41,-1,2,25,-12,2
-3,-13,-45,7,7,-10,21,-5
6,30,73,19,-1,-2,-21,6
1,-4,-3,-1,-4,-7,-2,-2
-5,-32,-28,11,-11,-17,-7,-6
4,34,21,14,0,15,22,7
-6,-13,8,-14,-5,-13,-44,-5
-5,-38,-103,8,-2,-7,8,-5
-4,33,13,10,-2,-40,0,0
2,-46,-36,-8,-6,12,7,2
-3,20,41,21,5,-5,-2,3
-5,-12,-37,-49,-15,-29,-11,-10
2,-25,-28,5,5,3,-6,-1
-4,17,43,12,-4,-29,1,-1
2,22,-34,4,9,21,10,-2
1,14,53,-6,-1,16,-10,-4
-5,-9,-20,-14,-3,-81,4,7
1,20,4,42,7,35,-9,-2
1,-11,-59,-24,-6,-9,-5,-7
3,9,127,72,19,20,-4,6
-7,-37,-104,-84,-18,9,11,-10
5,5,-72,15,1,12,-17,2
-1,-4,42,33,0,-3,13,1
-3,2,-43,-18,-2,-8,-3,-4
-7,-3,-2,8,-1,-2,-16,-7
-10,-69,-54,-37,-11,-10,-2,-1
0,32,-37,-18,3,-20,23,-1
-1,-8,30,-3,-9,27,-29,0
-4,-10,67,23,-3,28,6,-4
0,46,18,-38,2,-68,-1,-3
1,-8,-78,1,-3,52,-1,3
-4,-5,-23,29,3,-20,65,-1
0,-7,25,2,10,-5,-83,-7
-1,14,5,-26,-12,4,29,3
-1,-28,-24,0,1,10,-1,0
-3,6,20,-13,6,0,8,4
3,12,16,19,-17,-3,9,-3
-2,-14,12,1,-3,6,-4,-3
-4,-8,-10,-3,0,-17,-13,-2
4,-13,-61,4,-4,-5,4,2
-4,53,46,6,4,-5,5,-3
-1,-6,-2,-3,6,-23,-15,-1
-1,-19,48,-3,-22,-31,-3,-5
0,-3,-54,-15,-4,-14,-13,-3
3,-15,-33,12,4,41,-2,2
-4,10,25,9,10,0,33,4
0,-30,-36,8,2,59,17,-8
6,29,14,-18,-11,-78,-76,-15
-1,30,56,29,1,8,38,11
-6,-15,5,-26,-5,-10,4,-3
-1,-5,-4,20,1,9,10,2
0,4,-23,-6,-1,4,29,-2
-1,-18,-34,-5,5,-6,3,-4
2,10,2,-21,1,6,-34,-3
5,15,-6,14,6,2,-5,-2
-3,45,16,18,-3,-5,-1,4
-4,-17,-6,-21,0,-15,12,-2
2,1,-37,29,5,8,-16,1
-4,-46,-26,-33,2,-18,-15,-5
3,37,26,24,2,16,23,3
-1,0,6,3,4,-17,-8,-1
-4,-43,-29,-12,-8,22,19,-4
2,29,41,-20,7,0,-8,2
-5,-60,-9,23,-9,32,-8,4
-4,8,-27,1,-8,-22,16,-4
3,-4,-4,-2,-4,-13,-20,-5
-2,7,57,27,6,6,5,1
0,-4,-6,-33,9,33,10,1
2,-14,-31,-3,-16,-26,-33,-2
-3,20,34,24,4,5,23,-7
4,-2,-28,-9,4,4,-30,11
-5,-2,30,-13,-4,-19,5,-4
-5,-61,-74,6,-3,40,-14,-2
7,77,41,35,8,-15,14,3
-9,26,0,-25,-15,-32,23,-7
-1,2,-7,-2,3,7,-40,-4
-4,-76,-8,2,-6,-29,9,-3
8,76,62,-7,6,39,5,5
-6,-12,-21,5,-1,-5,2,-4
-4,-13,-30,-19,-11,-43,-12,-4
-3,9,0,-23,2,3,-4,-3
3,-20,12,4,-2,23,-3,-2
-6,-16,-28,-20,-7,17,-6,-3
7,15,-37,-15,3,0,4,5
-2,24,32,-23,2,-6,25,-9
-13,-42,18,5,-9,-4,-42,-10
9,8,65,24,1,-41,17,15
1,30,-4,21,3,32,26,4
2,12,-20,-30,-5,-38,-13,-2
3,28,9,0,4,37,11,3
-2,15,-13,15,-2,-10,-22,-4
-4,-26,18,-18,-5,-34,-11,-5
2,22,-16,-2,7,26,54,7
4,3,22,6,-6,-16,-65,1
-3,-28,-37,0,-20,-36,-11,-10
-3,-12,-30,-27,2,8,17,1
1,54,34,29,1,8,6,-1
-8,-41,14,3,4,-21,2,2
1,-2,16,-1,-5,24,4,-5
-1,-23,-31,3,-3,1,-12,0
-2,-30,7,8,5,7,4,0
4,66,-15,-1,-9,-14,-5,-1
-2,28,60,-10,4,23,-1,0
-4,-15,10,2,-4,-27,2,-3
0,-2,32,13,0,19,-22,-5
-2,-39,-68,-21,-3,14,59,10
-6,-12,-41,16,2,-5,-65,-5
-3,3,1,19,-1,16,8,-3
-6,14,-20,-19,3,-14,-10,-1
0,-25,-24,2,5,-8,18,-1
5,-16,-28,-5,6,53,16,2
-6,12,10,11,-13,-64,-18,-3
1,21,38,9,-2,-4,-20,-1
-2,7,-26,-18,1,15,13,-2
-4,-8,-32,12,2,9,68,7
3,11,26,-5,-4,-16,-61,-3
-2,-33,-37,-19,-5,4,2,-6
-3,-12,60,2,0,2,-6,-2
2,15,32,-4,4,-2,28,-1
-4,-30,-54,-2,-3,26,-15,-2
-2,-23,87,-9,-10,-18,11,2
-5,-25,-29,-9,1,14,-23,-3
-3,44,19,17,2,-6,5,1
2,-36,-25,-64,-6,2,19,-1
3,0,-11,-19,3,14,-24,3
12,15,-22,27,5,10,4,1
-1,-10,34,-12,0,-42,-11,-2
-2,-8,3,8,-2,51,44,-3
5,29,0,29,3,-39,-34,1
-7,-18,-5,-14,3,18,19,7
-4,-27,-64,-21,-3,11,4,-4
2,9,22,30,3,-23,-11,2
3,1,-1,-10,-9,5,0,-1
-8,-32,23,4,0,-41,-1,-5
2,15,12,29,0,12,2,-7
-4,-29,-3,5,12,40,8,-2
1,-12,-44,11,-4,-39,-15,3
4,58,5,-6,-9,-14,29,-1
-2,-13,8,-3,9,12,-39,0
-2,15,41,5,-4,0,2,-4
0,1,33,27,6,26,-4,-3
-1,-8,-5,13,0,30,16,1
0,6,0,-3,-3,-36,-12,0
-2,17,-19,-58,1,19,41,0
0,-16,-47,-16,-7,-16,-94,-5
2,2,38,33,4,-14,5,-3
0,-24,-14,-16,-13,-19,3,-3
3,-1,69,-14,1,7,-13,5
-7,-9,-74,-9,-9,-2,46,-2
-4,-2,8,8,3,0,-8,-4
5,-76,-50,-16,-2,10,-24,2
-3,27,29,20,2,-9,1,-4
-3,8,-12,10,0,-35,19,2
-4,-11,-51,-11,-18,6,-16,-3
8,22,64,27,11,2,17,1
0,-5,8,9,-4,-19,-1,3
4,2,5,-49,-10,19,14,-2
-3,-12,-55,-33,-3,-25,10,-6
-7,-19,-22,-22,-6,-41,-32,-4
1,58,2,13,11,11,-11,7
-5,5,17,22,0,-21,6,-7
-2,-12,25,-18,-4,3,10,-2
-1,4,-62,-14,1,29,19,2
-1,-13,3,21,1,-11,-60,-2
-2,-21,-25,16,3,10,-4,-2
-3,18,-5,-10,-2,-5,-11,-5
5,62,72,-8,-4,-13,0,2
-1,-36,-91,-44,-9,18,23,-1
-4,-2,38,37,-2,1,0,4
-3,-31,4,-9,-2,12,-23,-5
-3,-7,-51,-15,-4,-12,9,-7
1,-3,14,-3,-2,-10,10,4
-3,26,14,-8,-2,13,11,0
-2,-10,13,24,5,-13,-4,2
1,-11,5,-3,0,41,5,0
4,1,60,22,-7,-45,19,-5
-1,21,-63,-27,8,6,-27,4
7,15,35,-10,3,35,4,2
-8,47,13,10,1,1,-2,0
0,-18,-24,27,-2,-4,17,-2
-6,-25,-21,-18,4,-14,9,-1
0,6,19,5,-4,17,-7,-2
4,23,-24,-7,-11,-28,-35,-1
-3,-15,43,10,12,22,21,-2
-1,7,-15,16,-4,-3,16,2
-3,-32,-34,-28,3,24,-13,-2
-2,20,58,28,-3,-45,32,-3
2,-6,-5,-5,0,40,-21,1
5,12,12,6,-3,3,-5,-4
-5,-18,34,9,-4,-23,0,7
3,-17,-28,6,6,-5,-2,6
-3,-2,53,34,-9,-19,5,-10
5,22,-35,-8,6,14,7,1
-5,-82,-3,17,0,33,-7,-3
-4,56,-2,-2,3,-56,12,-2
3,-19,-57,-3,-5,6,-18,4
-3,-38,60,6,-1,16,-34,-3
-4,-4,-35,0,-1,-29,36,-1
-1,-22,-21,-6,1,40,-38,5
0,0,35,3,1,-18,13,-3
0,4,-16,-17,0,39,6,-2
6,35,8,9,2,-18,-8,0
-2,-25,33,-3,5,18,11,0
0,15,-89,-44,-14,2,-1,3
-4,-4,12,16,1,-6,12,0
1,15,-2,-22,5,26,-9,0
-3,-20,-32,13,-13,-18,0,-11
-6,-4,-30,-13,4,3,-16,3
0,-3,48,9,-6,-24,12,-1
-2,-14,-70,-8,0,4,-5,-7
-1,17,25,3,3,22,-2,8
0,4,5,-5,-1,-33,-2,2
1,18,51,16,1,14,3,-4
3,23,6,12,-7,-65,-13,-6
-11,-36,-23,-18,-5,37,0,-9
2,-1,-2,51,-8,-18,29,0
2,-5,-21,-25,9,-13,-52,4
-2,40,56,25,-1,-2,-5,-3
-1,-18,-10,17,6,18,11,1
-14,-14,-15,-40,-4,16,-14,-4
8,8,9,20,-6,8,20,0
-3,12,-20,12,-16,-66,-4,-1
-4,-14,49,-19,1,16,-28,-4
-1,19,14,8,11,26,5,1
-3,-63,-54,-18,-7,-8,5,-7
1,78,41,20,6,4,-4,5
1,-12,-65,-31,-8,-18,17,1
-1,-7,28,2,-1,-11,-3,-1
-7,-3,-47,-12,4,5,-22,-1
2,-29,45,4,2,26,10,1
1,-17,-29,36,18,18,6,1
-1,12,2,30,-21,-75,-22,-7
-3,0,6,-7,-8,1,20,0
1,-39,-22,7,4,18,6,0
0,37,-22,7,5,3,0,0
3,-6,49,-14,2,6,-7,-5
1,10,-3,0,0,-14,48,4
-4,-18,-1,2,-5,13,-61,-3
-2,-8,-47,-36,-10,-6,3,0
-4,-1,26,18,5,-31,37,-4
-4,-22,8,16,-4,8,-5,0
3,34,-25,-30,3,34,-16,3
3,-1,32,-3,-5,8,3,-1
2,0,-32,-14,0,13,-4,-8
-1,-3,28,5,1,-4,36,15
-7,-54,-50,-14,2,17,6,-7
6,-1,61,37,-3,-43,-15,-3
2,36,-34,-28,-3,17,-13,-1
-3,29,21,27,3,-8,1,-2
-3,-10,-3,3,-6,-20,5,3
-7,-2,47,1,-5,-1,19,-4
2,-9,-55,-1,-2,25,-37,0
2,6,30,4,11,8,-6,4
-1,-11,-13,-21,-4,-19,9,-3
-4,-12,0,0,-4,-12,-29,-6
1,-3,47,6,9,1,3,4
-4,-4,-16,-35,-8,30,0,-4
-5,-6,-6,5,2,7,14,-2
-4,-5,2,10,5,20,14,-3
-2,-15,-23,-24,-4,-2,-14,3
0,9,-18,3,-3,-20,-19,-6
-1,-35,22,5,-6,-7,-2,-2
2,65,23,-8,4,4,1,8
-8,-49,0,-39,-4,-2,6,-7
1,19,-17,5,-6,-2,21,8
1,25,-39,15,2,-5,0,0
2,-8,22,15,4,23,0,-2
-5,-14,-29,-40,-12,2,0,-2
-1,-22,-17,-10,0,-44,-12,-5
2,14,27,-9,2,14,16,0
-3,36,-28,7,-9,0,-16,3
2,13,17,31,21,1,11,1
-5,-24,-3,-3,-10,14,-9,-5
0,25,-42,-45,-12,-17,9,-2
-3,-25,65,19,4,10,-39,-1
2,26,-10,2,9,35,10,1
0,13,-14,-12,-19,-55,12,-8
-5,-7,9,-15,3,41,-23,-4
0,-19,-38,-15,-10,-67,20,2
-1,-9,-19,-5,8,30,3,2
1,46,51,25,7,28,-26,-3
-4,-14,-2,-20,-11,-54,42,-3
5,-10,-72,-19,9,16,-55,-1
-1,-16,83,18,-17,-14,-4,-1
-4,19,-11,20,8,5,13,-2
1,-3,20,12,-2,-1,4,2
2,26,17,-13,-1,-13,3,-3
2,-24,-50,-12,2,12,5,-5
-7,-14,34,-6,0,-15,-6,5
6,28,3,4,3,9,-4,5
-4,-17,-5,8,-5,-5,-5,-13
-7,10,2,-1,-8,-18,19,-2
5,-20,-14,-14,1,7,-11,1
-2,-22,-4,16,7,38,-10,11
2,23,-9,-12,-8,-25,13,-3
-1,18,3,-3,-2,15,-4,1
1,-8,5,-11,-1,-22,-39,-25
-7,-12,-3,0,3,19,9,2
-8,-55,2,-17,-5,2,6,-5
-1,28,-5,19,-1,-11,-7,2
6,-13,-28,-19,-4,10,13,7
0,-7,-5,14,3,-5,-28,-15
-3,-6,4,2,-5,28,12,3
4,31,-21,-8,-1,-27,2,3
-8,-12,46,0,2,18,-2,-6
-3,-16,-49,-39,-15,-42,0,-1
-3,-17,10,-6,-5,-19,14,-1
3,-27,14,17,2,22,11,-3
2,23,-44,-5,2,17,-20,11
-4,-27,45,-11,1,-53,-40,-6
-1,-14,15,2,-8,1,16,1
-3,39,14,2,7,6,24,4
0,-16,-33,-8,4,36,-26,-5
3,9,22,12,-2,7,59,7
0,11,-39,8,0,18,-28,8
1,-5,-3,-10,-9,-1,-20,-15
-7,-9,-13,-9,1,-59,40,1
3,25,0,3,3,35,-12,-2
0,-3,39,-2,6,40,18,-2
-2,-14,-2,-3,-3,-35,-27,3
-3,16,-15,-1,0,21,6,-12
-2,-15,2,27,-9,-20,-14,-9
1,4,-48,-12,-2,-9,13,-1
-8,-18,35,12,6,18,8,-1
-1,-12,-7,-6,-7,-7,-24,-2
-2,28,-4,15,9,-12,0,1
-1,-27,-62,-7,-4,-9,1,-8
6,31,30,22,0,-34,-8,6
-5,-15,-28,-1,-1,-4,3,2
3,7,0,-49,-6,-7,2,-1
-2,-1,-2,18,-4,-21,27,-2
-2,-25,-10,-5,6,19,-31,0
-4,15,40,1,2,4,19,5
1,-11,-37,-1,5,12,-38,-3
-3,11,22,1,5,-4,3,2
4,-8,-20,-7,-5,-15,29,-5
-1,-50,40,20,3,18,-11,15
-7,12,-23,-7,-6,7,22,-4
5,17,41,16,-1,-20,-26,-1
-4,-6,27,1,-2,4,24,0
3,6,-19,6,14,8,-47,-7
-2,-9,16,-16,-6,-12,27,-1
7,10,-67,1,1,12,-13,4
-4,-2,65,-2,-1,5,5,0
1,6,-37,-10,-10,-14,14,-5
-5,0,21,25,11,7,-25,2
-2,-2,65,-22,-8,-4,11,-3
-9,-27,-57,9,-5,-54,-4,-2
3,42,2,-15,-9,9,-35,-3
-3,-8,11,19,-1,-28,1,-5
-6,-25,-33,-10,4,20,5,2
-5,-7,-35,-9,-4,40,-2,-1
-2,-9,53,9,4,-15,31,-1
5,7,-17,3,-5,19,-3,5
-1,-1,-6,-10,2,-26,-20,-5
3,11,-11,-18,-12,4,-29,-5
-5,-16,-50,26,4,4,58,1
7,11,28,0,2,3,-15,0
-10,-8,23,-42,-13,-8,11,-5
-4,-40,-61,0,7,23,-36,-3
8,35,62,5,0,-16,-6,-1
-5,-29,19,-6,-7,-9,22,-2
-1,2,-35,3,6,4,-9,3
1,-13,1,-13,2,-5,16,0
-2,-8,-3,16,2,51,-28,0
1,43,7,-1,-8,-44,-4,2
1,-9,58,5,2,39,33,-2
-6,-21,-66,-12,-2,-34,-24,8
-1,-1,-3,15,2,9,12,-11
-2,19,21,-8,0,15,-2,6
2,11,-9,5,-4,27,-4,-2
0,-10,-17,3,1,-33,5,-2
0,-4,-12,-18,-8,-4,4,7
-5,3,-20,6,-2,4,18,-4
2,-8,7,12,-1,6,-14,-1
2,-12,-6,-1,0,20,15,-3
-6,6,-26,14,-14,-55,-44,-3
4,0,-11,13,9,13,5,-1
-5,-8,-26,-1,-2,-25,33,1
7,60,109,23,3,34,-30,2
-7,-28,-31,-22,2,-4,30,-9
0,10,5,9,-8,4,-4,8
-6,-21,-49,-18,9,-9,-6,1
3,7,-5,9,-16,-1,1,-1
-6,-58,-5,-27,1,1,20,0
7,93,14,-10,3,25,-14,-3
3,2,32,18,0,-5,-2,0
-9,-15,-22,-25,-7,-9,5,-6
2,22,40,21,1,-9,-5,3
-6,-57,-73,-7,3,-9,20,-5
2,12,97,6,-2,47,-47,-21
-2,10,-17,-3,0,-44,-11,7
1,-10,-8,-25,-4,45,6,-9
-5,-25,19,3,-7,-56,7,-1
-2,-18,-15,2,-3,-28,-19,-4
6,35,-30,12,13,34,12,3
7,23,89,-27,-6,32,1,4
-7,-19,-17,-4,2,0,-10,-4
-2,4,-93,-9,-4,-7,38,-4
2,6,104,8,-5,5,0,-3
-3,-13,-105,-3,0,-36,-7,14
2,-3,23,-13,-3,2,-12,-4
-7,-13,-24,3,2,-23,7,0
5,6,-40,6,4,3,19,-4
-7,24,53,24,3,-21,-19,-8
4,-23,-31,-18,0,42,11,3
-4,-25,7,1,-10,-53,-24,0
-2,18,28,7,5,7,13,-1
-6,-54,-14,11,0,-5,1,-1
1,35,43,-1,2,1,-16,-2
-1,65,22,6,3,31,0,-2
2,-38,-16,-21,-4,13,-24,-7
-2,11,-40,-4,-1,-2,6,3
-4,-19,6,0,-3,-37,-11,-1
-5,-15,-35,-6,6,55,50,-4
3,45,21,-12,-3,-42,-38,-6
3,10,-31,4,-9,-27,-21,-4
-1,-14,-3,4,-2,37,16,5
5,-2,52,10,1,-4,-13,8
1,-10,-13,27,1,12,25,-4
5,41,58,-4,-5,13,15,4
3,26,-30,7,12,-8,-19,-2
2,-15,15,-10,-13,-20,-13,-1
-12,-9,6,6,1,4,3,-2
7,-22,-15,-3,2,14,7,1
-8,-22,-10,-7,-7,-76,-7,-10
0,72,52,-27,-9,-5,3,4
1,-19,-58,-39,-2,3,-11,4
1,21,-12,6,6,4,-6,2
-11,-12,45,-2,-5,-13,45,-8
6,-32,-54,-2,4,-35,-74,6
4,0,-26,-1,-5,-6,9,-2
-7,5,5,-24,-2,1,15,-6
2,-7,-9,28,2,35,-8,-7
-4,-35,-43,4,-4,-38,38,15
1,28,63,4,-3,20,-37,-7
-2,-32,-42,-23,3,-28,-27,-7
-1,13,45,42,-6,25,18,10
-4,15,-18,-1,10,11,1,-5
-4,-4,-24,-23,-6,19,13,5
-2,-15,-10,18,0,-11,26,-16
-2,-31,-46,7,1,20,-41,7
1,13,102,-21,2,24,0,-4
-5,-27,-37,-19,-9,-8,6,-3
-1,32,37,2,-4,5,1,-1
-1,9,-16,-13,0,-1,3,-1
2,-9,-7,23,-2,18,5,2
-2,-14,-12,-2,10,-11,6,1
-10,-10,11,6,-11,4,-12,-6
8,12,0,-9,7,14,3,1
-2,-2,13,20,-13,-90,24,-5
-5,12,3,18,5,17,-28,-2
1,0,-29,6,5,35,17,7
-3,-30,-8,-5,-1,-30,-13,-10
3,53,-45,-22,-18,13,-22,1
-6,-25,42,24,2,-16,13,2
8,39,13,-7,5,24,5,7
-3,-7,17,-15,-3,17,7,-2
-7,-1,-25,1,2,-31,-22,-5
-1,-29,-35,-8,-4,-2,11,-4
8,39,100,34,-1,-1,-34,4
1,6,-91,-28,7,13,7,-1
-5,-18,7,1,1,20,5,-5
0,-8,-4,0,-5,6,9,3
2,-15,-67,-16,-2,-61,-10,0
-1,7,92,12,0,15,13,-1
0,-29,-36,-3,5,36,-21,1
-3,10,-10,-2,-12,-41,-9,-9
-4,-21,-36,-24,-5,-7,5,-3
-2,-31,31,26,-4,-4,-4,-1
5,9,-39,-2,6,39,74,6
0,2,19,11,4,19,-78,-11
-6,-33,-25,-7,-10,-26,16,-2
-1,26,15,9,-5,-24,4,-14
-1,-2,37,22,1,18,-26,15
1,-24,-28,-12,5,-42,14,5
3,38,38,14,2,2,4,-1
-4,-4,14,-22,-4,7,1,0
1,-22,-47,9,1,-3,-11,-7
-2,-1,-20,11,5,-3,61,5
-1,13,44,-14,-2,3,-54,-2
3,-27,-98,-4,-1,-6,-3,3
-6,2,74,18,-2,-5,-4,-5
-5,14,-36,-29,3,18,2,0
-3,-27,5,-2,0,29,49,-1
-5,12,-2,18,-5,-26,-64,3
0,-4,20,-11,0,14,6,-8
-4,2,10,-10,-10,-18,30,4
1,0,-42,-13,1,38,-33,-13
0,-4,48,0,-6,-4,33,4
0,0,-54,-17,4,-7,-14,5
-4,3,51,9,2,11,-10,-3
-4,-33,-55,-17,-3,-18,13,-6
3,15,-29,12,-4,3,-3,3
-1,-4,18,8,-5,-6,33,-5
7,15,27,9,7,19,-31,6
-6,-10,-42,-3,-7,-33,6,4
-8,-16,-15,-39,0,2,-12,-5
5,49,56,32,-3,-23,4,-1
1,-11,-76,-3,-3,0,1,2
-1,-3,41,16,5,23,-15,1
-3,25,-7,-43,0,8,18,-4
0,-7,-63,-3,-17,-48,-38,-1
-5,1,39,9,6,26,10,-6
5,33,61,-1,-14,-20,6,7
-1,2,-8,15,12,25,-21,-20
-4,-34,-32,-26,4,40,44,24
3,19,21,14,-3,-5,-5,-3
-1,-14,26,-2,2,-18,21,3
3,-1,10,7,-4,41,-40,-2
-4,-7,27,3,-2,-42,-14,-13
0,27,-18,0,0,11,14,-1
-3,-18,-18,-10,0,10,14,5
7,-28,23,12,-1,-2,-6,0
-5,10,-24,-83,0,23,-10,-6
4,-14,-55,-3,-5,-34,1,8
-6,8,-5,-10,-12,-17,-12,-8
-2,-15,-26,10,4,-23,7,1
2,20,13,12,5,16,17,0
2,-8,10,-43,-14,-11,-31,-8
0,-2,-18,-13,5,9,3,-2
-5,10,31,7,-10,-2,38,10
2,-20,-34,7,0,-42,-20,-1
-1,11,61,-5,5,17,24,-3
-1,-10,-63,6,-6,23,-5,-3
-2,-1,9,6,-2,-53,-23,6
-2,4,60,27,12,17,5,-4
-7,-13,-30,4,-8,-16,9,0
9,5,35,16,-2,-4,3,0
-1,18,-23,-23,-1,6,3,-2
-3,29,49,0,-9,10,9,-3
-3,-20,-11,16,12,8,-30,-2
-4,2,-8,-26,6,-12,4,0
-5,-8,11,3,-10,16,-3,-3
6,0,-15,-32,-1,-3,-16,-4
-6,13,-10,8,-7,-14,14,3
3,-27,-38,-17,5,-5,-9,-3
-3,-15,-21,2,-3,-17,6,-2
-8,-33,-55,-15,-2,21,-10,-5
-1,20,68,11,3,-21,0,0
1,-9,-38,-1,1,9,-3,2
-2,12,-12,-1,-2,7,20,1
-7,-13,35,24,5,46,-45,-4
13,-11,-6,-24,-9,-37,4,3
-4,16,20,-28,-14,-13,-21,-4
1,-14,-56,17,3,-1,23,0
-6,-14,-22,-4,7,21,-32,-9
-2,-2,24,18,-2,0,16,3
-4,-8,-7,3,2,-10,19,-2
-1,13,72,-19,0,25,-45,-8
3,-15,-15,2,-4,-48,27,10
-5,-4,-43,3,-2,42,-30,-5
-1,-4,19,12,3,9,8,-3
0,0,13,-26,-9,-5,3,5
2,-13,-29,15,3,-14,11,-7
-4,-3,6,10,1,9,-13,-5
3,-3,16,-18,0,-9,3,3
0,19,24,13,-5,-13,-3,-3
1,11,-8,-15,-8,3,0,1
-1,2,-38,-22,0,-14,21,-2
-3,0,50,20,3,15,-40,-7
1,-22,-15,6,14,63,26,10
1,7,-36,2,-11,-79,13,-7
-4,3,47,2,-6,-6,1,7
2,12,-15,10,-2,-18,-22,-11
0,-2,-8,25,9,5,2,12
-4,-40,-10,-6,-12,29,-2,-9
3,33,30,0,10,10,27,0
-3,-3,24,9,-15,-14,10,1
-1,-4,7,-34,3,-15,-10,-5
-4,-5,-38,19,4,19,-9,0
11,-25,-18,5,3,-8,-11,1
-4,16,10,-23,-8,17,18,1
0,-7,0,-1,1,-20,-22,-7
-3,5,-18,0,-3,7,25,3
-3,2,49,-4,-7,21,-41,-10
0,0,-49,12,10,-28,-5,8
-2,1,28,2,-7,4,53,-2
0,5,6,-21,-6,-48,-39,2
-1,0,-13,17,8,24,24,-2
0,-6,-70,-15,1,4,-20,-3
-2,54,89,28,1,-16,14,-5
3,0,-28,-25,2,44,-17,-2
-3,-4,-2,-21,-7,-10,5,2
-9,-24,-9,14,7,13,16,-2
1,-5,-67,-7,-8,-7,-13,-1
2,17,49,3,2,6,5,-1
-1,6,-12,-14,-8,-6,-1,-1
-1,-4,33,8,-4,7,3,3
0,14,-17,-3,-6,0,-28,-6
-1,6,64,-3,5,-10,24,0
-2,-19,-96,5,-5,12,-12,-3
2,34,120,21,-4,-15,-8,-3
0,-17,-43,-15,-7,-10,67,4
3,4,-33,-10,0,-23,-63,0
-9,2,10,3,-6,-14,-3,0
-2,-12,-25,10,7,6,11,2
2,-11,-19,9,-7,-14,-4,-10
2,9,44,30,-2,-2,25,4
-6,-26,-27,-9,-8,9,0,-4
3,8,-32,-10,-2,-2,-26,2
0,-17,-11,1,7,4,-15,3
-8,3,2,7,-12,-47,-3,-11
11,-18,-16,7,4,26,-18,2
2,18,-3,-16,0,-16,33,-1
-4,20,2,29,4,5,-16,0
-1,-19,58,-25,-4,38,4,-3
2,10,-47,6,1,-16,-5,3
-2,-5,-22,1,0,3,4,-2
-1,-15,-7,-16,-3,-1,-2,-4
-1,-5,-20,17,-5,24,9,2
-4,-20,26,11,7,-10,0,-7
1,13,-4,2,-5,28,5,2
-1,-24,37,1,-6,-27,-41,-3
1,-3,-21,36,10,19,3,-2
1,18,91,-11,2,-27,8,-1
-2,6,-41,1,-7,-5,18,-1
1,-8,17,-1,2,-23,-28,-12
-2,-18,6,-6,3,6,9,6
-6,14,-9,7,2,51,28,-4
4,9,25,6,3,-18,-31,14
-4,-14,-14,4,-4,-26,-7,-3
1,1,-19,10,1,-3,14,-2
0,3,-28,5,3,0,-11,-3
-4,1,57,6,2,16,12,-4
-1,9,-3,-5,-8,20,-17,2
-5,18,15,2,1,3,-8,0
-7,-38,-28,7,1,-5,-17,0
5,4,-18,12,-2,-9,-2,-5
6,-10,-5,8,5,2,2,6
-3,4,11,7,-5,-9,11,0
0,3,14,-30,-1,-1,-22,-4
-1,-2,-9,-21,-8,15,-8,0
-16,-4,17,0,4,18,2,-4
6,35,-33,-7,-4,-17,-13,-7
7,14,41,1,-14,-29,43,13
2,-13,-34,24,7,41,-19,1
0,12,-8,-19,2,-39,-8,-1
-10,-12,-3,9,-5,9,13,1
1,15,-18,-20,12,22,-31,-7
-6,-19,-7,24,-16,-31,19,-5
1,14,37,11,2,18,33,4
0,-2,5,-24,5,20,-34,-1
-2,-56,-46,22,0,-31,21,-5
-1,34,30,-20,5,11,-19,2
0,-18,-13,31,-6,3,-6,0
0,20,6,-20,0,28,28,2
1,-18,-21,8,-2,-18,-26,-2
-9,-6,-8,21,2,-2,0,-3
0,-10,26,-24,-5,1,-12,-2
13,-2,-25,5,3,6,6,-6
-11,41,32,-3,-6,-80,11,6
-4,-17,-48,-71,-5,7,-11,-5
1,21,-65,-7,2,-13,20,3
-2,-10,9,15,0,18,2,0
-2,38,16,2,7,31,-31,-8
-2,-9,-27,-45,-7,-35,15,-5
1,-16,17,2,-3,2,-24,-8
-4,-7,-66,-5,5,15,20,4
2,2,-2,-7,-10,-26,-2,-1
2,13,65,16,11,-10,80,5
-2,-15,-76,-38,-6,8,-93,-5
-4,-37,51,27,7,29,-30,1
-1,40,57,-11,-9,-16,21,1
4,-7,-42,-24,-3,27,-2,-1
5,-10,-19,-11,-4,-28,33,0
-9,13,9,18,-7,-36,-2,0
4,-39,-38,-4,-2,36,-10,-1
-6,-16,-2,2,1,-8,-17,-5
-3,28,21,-5,-9,-16,33,0
7,29,72,-19,0,-14,-24,-2
-3,-19,-41,11,5,34,19,7
0,-18,-8,27,0,-7,-16,-1
-8,-26,-21,-16,0,-9,7,-7
4,58,46,-17,-8,-21,11,-2
-1,-21,-39,4,6,47,2,-4
2,8,35,29,-1,-45,-16,3
-3,6,20,11,-4,22,16,10
-8,-47,-53,-25,0,-19,-25,-10
1,26,52,-5,-3,17,27,-1
-1,-1,2,-18,-3,21,-43,-2
-3,3,0,-2,-1,7,10,-7
-1,-8,-40,13,-6,-25,8,-2
-2,-9,30,-1,2,10,-9,3
-4,-11,7,4,2,28,17,1
-2,5,-3,-1,3,-10,-3,-9
2,-16,-7,-5,1,-19,0,-10
-1,46,-2,-10,-4,-18,-13,-4
0,-5,-11,5,-2,-11,29,36
-4,-1,46,-5,4,54,-31,-7
-5,-13,-39,-4,-1,-15,-23,15
-3,-4,2,1,-10,-33,-8,-35
-4,-14,-30,-12,-4,-1,-14,-14
6,35,40,50,4,16,29,8
-4,-37,-14,-35,-4,2,8,15
3,2,-11,-7,5,0,-13,-13
-3,15,21,7,5,14,4,9
-1,-19,-17,28,-5,-22,-2,4
2,-4,-3,-23,-7,-7,5,-10
-4,-9,33,14,-1,9,-27,4
0,8,-13,9,3,5,1,-12
4,14,-8,-9,1,-14,14,4
-4,-15,-72,4,-2,8,-20,-10
3,-2,35,-7,-3,33,37,19
4,0,12,-11,-13,-75,-41,-9
-8,-9,-20,-17,1,25,-12,-19
-1,1,14,11,11,9,25,8
0,-38,-13,-54,-6,-13,0,-2
1,8,-34,4,1,39,15,8
4,9,69,2,1,-47,-3,3
3,-2,34,2,0,0,4,4
-6,-4,-41,-6,-2,-3,-4,-7
-3,-5,-15,-9,4,26,-10,-11
0,-13,-43,-47,-6,-38,2,13
-1,16,35,1,-6,-9,-7,-4
-2,-2,-19,12,3,-12,13,12
-1,0,50,-9,7,9,5,4
-2,19,-70,21,-13,29,2,-3
-4,11,85,34,3,-10,-11,-4
2,-27,-52,-7,-3,19,40,3
-1,3,4,28,4,-5,-51,-26
1,-6,8,-21,14,35,-9,22
-1,-1,-18,7,-2,-4,14,-1
-2,26,0,13,-2,2,3,-1
-3,-15,18,-1,5,37,30,-5
-1,-11,-42,12,-1,-26,-24,-7
2,14,42,-2,-2,-31,2,-2
-2,-1,-29,2,6,6,-12,1
-4,-29,13,9,0,-10,-1,-3
0,5,-6,33,-3,-18,24,-8
-2,-3,-2,-23,-3,31,-6,3
2,2,10,3,1,-19,-20,-1
3,-8,-15,-6,-14,-37,6,1
-1,-22,37,6,8,34,31,-10
-1,-7,-23,37,1,6,-1,14
3,18,1,-26,2,-26,-7,-3
0,-1,-66,-3,-7,11,30,1
-4,8,97,-12,-1,1,-84,-4
-2,-1,-50,-19,6,20,8,-11
-2,-10,-19,5,-7,9,-7,6
-9,3,-30,-21,-4,-20,27,-6
8,11,-16,-1,1,16,16,3
-4,-11,-16,-2,1,-2,-23,-3
-3,6,17,15,-5,-28,-10,0
3,-3,54,3,3,30,-5,2
-8,-43,-18,27,1,-14,16,-2
2,9,-53,-25,-7,-18,2,2
1,36,1,-4,4,15,0,-3
-3,1,-13,-9,-12,-21,-15,-2
-2,-7,73,54,-2,-20,17,1
-3,6,-24,-10,-2,-13,-16,-11
-4,-26,6,35,-2,4,32,8
0,1,-34,33,1,-10,-33,3
-1,10,-2,-21,-4,12,7,4
-4,-4,12,-21,-3,16,-10,-15
-3,-4,19,0,-7,1,4,-6
0,19,18,-8,2,2,7,15
0,1,-33,-45,-13,-48,-10,1
4,-16,-54,38,0,23,16,1
-4,-6,29,-18,10,11,-12,-5
1,0,39,31,2,4,8,-9
0,-6,-66,-35,4,25,-10,14
-3,-6,-28,-47,-13,-40,-1,-6
4,-12,-25,8,-3,-10,14,6
-1,3,75,34,8,7,-8,-1
-3,7,-53,-22,2,51,1,-4
0,2,58,31,-3,-54,4,-1
-5,-5,6,19,-12,12,-10,-6
