(0.124450684, 0.0592651367, 0.1876831, -0.9725342)
(0.124450684, 0.0592651367, 0.1876831, -0.9725342)
(0.111999512, 0.0649414063, 0.18939209, -0.973327637)
(0.111999512, 0.0649414063, 0.18939209, -0.973327637)
(0.108032227, 0.0621948242, 0.188598633, -0.9741211)
(0.107299805, 0.0524902344, 0.1876831, -0.9749756)
(0.104980469, 0.05218506, 0.17980957, -0.9766846)
(0.104980469, 0.05218506, 0.17980957, -0.9766846)
(0.105224609, 0.0526123047, 0.17956543, -0.9766846)
(0.105224609, 0.0526123047, 0.17956543, -0.9766846)
(0.104064941, 0.0532226563, 0.179382324, -0.976806641)
(0.104064941, 0.0532226563, 0.179382324, -0.976806641)
(0.103637695, 0.0535888672, 0.178527832, -0.976989746)
(0.10333252, 0.053894043, 0.178283691, -0.9770508)
(0.10333252, 0.053894043, 0.178283691, -0.9770508)
(0.103149414, 0.05419922, 0.177978516, -0.9771118)
(0.103088379, 0.0542602539, 0.177978516, -0.9771118)
(0.103088379, 0.0542602539, 0.177978516, -0.9771118)
(0.103088379, 0.0542602539, 0.177978516, -0.9771118)
(0.103088379, 0.05419922, 0.177978516, -0.9771118)
(0.103088379, 0.05419922, 0.177978516, -0.9771118)
(0.102355957, 0.0546875, 0.1772461, -0.9772949)
(0.102355957, 0.0546875, 0.1772461, -0.9772949)
(0.102172852, 0.05456543, 0.177062988, -0.977355957)
(0.102172852, 0.05456543, 0.177062988, -0.977355957)
(0.101501465, 0.05456543, 0.176757813, -0.977478)
(0.101501465, 0.05456543, 0.176757813, -0.977478)
(0.101501465, 0.0546264648, 0.176757813, -0.977478)
(0.101501465, 0.0546264648, 0.176757813, -0.977478)
(0.101501465, 0.0546264648, 0.176757813, -0.977478)
(0.101501465, 0.05456543, 0.176757813, -0.977478)
(0.101501465, 0.05456543, 0.176757813, -0.977478)
(0.10144043, 0.0548706055, 0.176696777, -0.977478)
(0.10144043, 0.0548706055, 0.176696777, -0.977478)
(0.101135254, 0.05596924, 0.176940918, -0.977417)
(0.103027344, 0.05657959, 0.176879883, -0.977172852)
(0.103027344, 0.05657959, 0.176879883, -0.977172852)
(0.102355957, 0.05670166, 0.176696777, -0.9772949)
(0.106384277, 0.0547485352, 0.17755127, -0.976806641)
(0.106384277, 0.0543823242, 0.177307129, -0.9768677)
(0.106384277, 0.0543823242, 0.177307129, -0.9768677)
(0.106567383, 0.0540161133, 0.177368164, -0.9768677)
(0.105407715, 0.0536499023, 0.1774292, -0.976989746)
(0.105407715, 0.0536499023, 0.1774292, -0.976989746)
(0.105712891, 0.0537109375, 0.176940918, -0.9770508)
(0.105712891, 0.0537109375, 0.176940918, -0.9770508)
(0.104980469, 0.0538330078, 0.176635742, -0.977172852)
(0.104980469, 0.0538330078, 0.176635742, -0.977172852)
(0.104370117, 0.0540161133, 0.176269531, -0.9772949)
(0.103942871, 0.0539550781, 0.1762085, -0.977355957)
(0.103942871, 0.0539550781, 0.1762085, -0.977355957)
(0.104003906, 0.05407715, 0.175842285, -0.977417)
(0.1038208, 0.0543823242, 0.175476074, -0.977478)
(0.1038208, 0.0543823242, 0.175476074, -0.977478)
(0.102416992, 0.053527832, 0.1762085, -0.977539063)
(0.102416992, 0.053527832, 0.1762085, -0.977539063)
(0.103881836, 0.0535888672, 0.176086426, -0.977417)
(0.103027344, 0.05480957, 0.17578125, -0.977478)
(0.103027344, 0.05480957, 0.17578125, -0.977478)
(0.104064941, 0.0532226563, 0.176086426, -0.977417)
(0.103393555, 0.0529785156, 0.176452637, -0.977417)
(0.103393555, 0.0529785156, 0.176452637, -0.977417)
(0.10333252, 0.05267334, 0.177307129, -0.9772949)
(0.10333252, 0.05267334, 0.177307129, -0.9772949)
(0.104248047, 0.0520019531, 0.177307129, -0.9772339)
(0.104003906, 0.0517578125, 0.177185059, -0.9772949)
(0.104003906, 0.0517578125, 0.177185059, -0.9772949)
(0.104003906, 0.0517578125, 0.177185059, -0.9772949)
(0.104003906, 0.0517578125, 0.177185059, -0.9772949)
(0.103637695, 0.05114746, 0.17755127, -0.9772949)
(0.103637695, 0.05114746, 0.17755127, -0.9772949)
(0.10357666, 0.0505981445, 0.178100586, -0.9772339)
(0.10357666, 0.0505981445, 0.178100586, -0.9772339)
(0.104492188, 0.04937744, 0.177856445, -0.9772339)
(0.104492188, 0.04937744, 0.177856445, -0.9772339)
(0.104492188, 0.04937744, 0.177856445, -0.9772339)
(0.104492188, 0.04937744, 0.177856445, -0.9772339)
(0.104492188, 0.04937744, 0.177856445, -0.9772339)
(0.104492188, 0.0494384766, 0.177856445, -0.9772339)
(0.104553223, 0.04949951, 0.177490234, -0.9772949)
(0.104553223, 0.04949951, 0.177490234, -0.9772949)
(0.104553223, 0.049987793, 0.177062988, -0.977355957)
(0.10559082, 0.0499267578, 0.1774292, -0.977172852)
(0.105957031, 0.0495605469, 0.17767334, -0.9771118)
(0.105957031, 0.0495605469, 0.17767334, -0.9771118)
(0.105957031, 0.0494384766, 0.177307129, -0.977172852)
(0.105957031, 0.0494384766, 0.177307129, -0.977172852)
