(0.1741333, 0.0585327148, -0.07556152, -0.980102539)
(0.1741333, 0.0585327148, -0.07556152, -0.980102539)
(0.16229248, 0.06329346, -0.0781860352, -0.9816284)
(0.141540527, 0.06726074, -0.07922363, -0.9844971)
(0.12512207, 0.06933594, -0.07922363, -0.986572266)
(0.105163574, 0.0713501, -0.0784301758, -0.988830566)
(0.0824584961, 0.07342529, -0.07733154, -0.990905762)
(0.0596313477, 0.0758667, -0.07550049, -0.9924927)
(0.0392456055, 0.07873535, -0.07385254, -0.9934082)
(0.0221557617, 0.08227539, -0.07348633, -0.993652344)
(0.0114746094, 0.0855102539, -0.07348633, -0.9935913)
(0.00177001953, 0.09240723, -0.0756835938, -0.9928589)
(-0.0104370117, 0.0949707, -0.07824707, -0.9923706)
(-0.0201416016, 0.09588623, -0.08111572, -0.9918823)
(-0.0211792, 0.09899902, -0.0762939453, -0.991943359)
(-0.012512207, 0.100463867, -0.0764160156, -0.991943359)
(-0.0119018555, 0.0938110352, -0.0814209, -0.9921875)
(-0.009216309, 0.09277344, -0.07989502, -0.992431641)
(-0.009216309, 0.09277344, -0.07989502, -0.992431641)
(-0.00610351563, 0.09289551, -0.07861328, -0.9925537)
(-0.00402832031, 0.08843994, -0.07611084, -0.993164063)
(-0.00164794922, 0.09289551, -0.0741577148, -0.9929199)
