(0.1729126, 0.0614624023, -0.121765137, -0.975463867)
(0.1729126, 0.0614624023, -0.121765137, -0.975463867)
(0.161865234, 0.06237793, -0.1204834, -0.977478)
(0.156799316, 0.0524902344, -0.116760254, -0.9793091)
(0.15447998, 0.046081543, -0.114318848, -0.980285645)
(0.154968262, 0.0437011719, -0.112365723, -0.9805298)
(0.154968262, 0.0437011719, -0.112365723, -0.9805298)
(0.155578613, 0.04284668, -0.112426758, -0.98046875)
(0.155578613, 0.04333496, -0.11328125, -0.9803467)
(0.155578613, 0.04333496, -0.11328125, -0.9803467)
(0.157226563, 0.0443115234, -0.112243652, -0.9801636)
(0.1595459, 0.044128418, -0.11328125, -0.9796753)
(0.1595459, 0.044128418, -0.11328125, -0.9796753)
(0.158935547, 0.04437256, -0.114013672, -0.9796753)
(0.158935547, 0.04437256, -0.114013672, -0.9796753)
(0.158935547, 0.04437256, -0.114013672, -0.9796753)
(0.158935547, 0.04437256, -0.114013672, -0.9796753)
(0.158935547, 0.04437256, -0.114013672, -0.9796753)
(0.158935547, 0.04437256, -0.114013672, -0.9796753)
(0.158935547, 0.04437256, -0.114013672, -0.9796753)
(0.158569336, 0.0443115234, -0.114013672, -0.9797363)
(0.158630371, 0.04425049, -0.114013672, -0.9797363)
