(0.136230469, 0.0616455078, 0.180236816, -0.972229)
(0.1359253, 0.0624389648, 0.179016113, -0.9724121)
(0.1373291, 0.0629272461, 0.177734375, -0.9724121)
(0.1373291, 0.0629272461, 0.177734375, -0.9724121)
(0.1394043, 0.0635376, 0.177185059, -0.972167969)
(0.1394043, 0.0635376, 0.177185059, -0.972167969)
(0.137817383, 0.0643310547, 0.176818848, -0.9724121)
(0.137817383, 0.0643310547, 0.176818848, -0.9724121)
(0.13684082, 0.0649414063, 0.1763916, -0.9725952)
(0.13684082, 0.0649414063, 0.1763916, -0.9725952)
(0.1338501, 0.0659790039, 0.176940918, -0.972839355)
(0.1338501, 0.0659790039, 0.176940918, -0.972839355)
(0.133300781, 0.06604004, 0.176635742, -0.9729614)
(0.133300781, 0.06604004, 0.176635742, -0.9729614)
(0.132507324, 0.0661010742, 0.1765747, -0.9730835)
(0.132507324, 0.0661010742, 0.1765747, -0.9730835)
(0.130859375, 0.06591797, 0.176452637, -0.973327637)
(0.130859375, 0.06591797, 0.176452637, -0.973327637)
(0.130432129, 0.06591797, 0.1765747, -0.9733887)
(0.128234863, 0.0657959, 0.1763916, -0.973693848)
(0.128234863, 0.0657959, 0.1763916, -0.973693848)
(0.12701416, 0.06585693, 0.176330566, -0.973876953)
(0.125793457, 0.06591797, 0.176147461, -0.974060059)
(0.125793457, 0.06591797, 0.176147461, -0.974060059)
(0.124267578, 0.06604004, 0.1762085, -0.974243164)
(0.122070313, 0.06591797, 0.175720215, -0.9746094)
(0.122070313, 0.06591797, 0.175720215, -0.9746094)
(0.120544434, 0.06573486, 0.176147461, -0.974731445)
(0.120544434, 0.06573486, 0.176147461, -0.974731445)
(0.116088867, 0.06591797, 0.176696777, -0.9751587)
(0.116088867, 0.06591797, 0.176696777, -0.9751587)
(0.1161499, 0.06585693, 0.176696777, -0.9751587)
(0.1161499, 0.06585693, 0.176696777, -0.9751587)
(0.115844727, 0.0659790039, 0.1765747, -0.9752197)
(0.115539551, 0.0659790039, 0.176696777, -0.9752197)
(0.115539551, 0.0659790039, 0.176696777, -0.9752197)
(0.115600586, 0.0657959, 0.176452637, -0.975280762)
(0.115600586, 0.06567383, 0.176147461, -0.9753418)
(0.115600586, 0.06567383, 0.176147461, -0.9753418)
(0.115234375, 0.06555176, 0.176086426, -0.975402832)
(0.115234375, 0.06555176, 0.176086426, -0.975402832)
(0.114685059, 0.06549072, 0.176147461, -0.975463867)
(0.111694336, 0.06573486, 0.175292969, -0.975952148)
(0.112487793, 0.06573486, 0.175048828, -0.9758911)
(0.112487793, 0.06573486, 0.175048828, -0.9758911)
(0.112487793, 0.06573486, 0.175048828, -0.9758911)
(0.112548828, 0.06573486, 0.175048828, -0.9758911)
(0.112548828, 0.06573486, 0.175048828, -0.9758911)
(0.112548828, 0.06573486, 0.175048828, -0.9758911)
(0.112548828, 0.06573486, 0.175048828, -0.9758911)
(0.112548828, 0.06573486, 0.175048828, -0.9758911)
(0.112548828, 0.06573486, 0.175048828, -0.9758911)
(0.112548828, 0.06573486, 0.175048828, -0.9758911)
(0.112487793, 0.06573486, 0.175048828, -0.9758911)
(0.112487793, 0.06573486, 0.175048828, -0.9758911)
(0.112487793, 0.06573486, 0.175048828, -0.9758911)
(0.112487793, 0.06573486, 0.175048828, -0.9758911)
(0.112487793, 0.06573486, 0.175048828, -0.9758911)
(0.112487793, 0.06573486, 0.175048828, -0.9758911)
(0.112487793, 0.06573486, 0.175048828, -0.9758911)
(0.112487793, 0.06573486, 0.175048828, -0.9758911)
(0.112487793, 0.06573486, 0.175048828, -0.9758911)
(0.112487793, 0.06573486, 0.175048828, -0.9758911)
(0.112487793, 0.06573486, 0.175048828, -0.9758911)
(0.112487793, 0.06573486, 0.175048828, -0.9758911)
(0.112487793, 0.06573486, 0.175048828, -0.9758911)
(0.112487793, 0.06573486, 0.175048828, -0.9758911)
(0.112487793, 0.06573486, 0.175048828, -0.9758911)
(0.112487793, 0.06573486, 0.175048828, -0.9758911)
(0.112487793, 0.06573486, 0.175048828, -0.9758911)
(0.112487793, 0.06573486, 0.175048828, -0.9758911)
(0.112487793, 0.06573486, 0.175048828, -0.9758911)
(0.112487793, 0.06573486, 0.175048828, -0.9758911)
(0.112487793, 0.06573486, 0.175048828, -0.9758911)
(0.112548828, 0.06573486, 0.175048828, -0.9758911)
(0.112548828, 0.06573486, 0.175048828, -0.9758911)
(0.112548828, 0.06567383, 0.175048828, -0.9758911)
(0.112548828, 0.06567383, 0.175048828, -0.9758911)
(0.112915039, 0.06524658, 0.17401123, -0.9760742)
(0.1126709, 0.06451416, 0.173706055, -0.9761963)
(0.1126709, 0.06451416, 0.173706055, -0.9761963)
(0.1126709, 0.06451416, 0.173706055, -0.9761963)
(0.1126709, 0.06451416, 0.173706055, -0.9761963)
(0.1126709, 0.06451416, 0.173706055, -0.9761963)
(0.112487793, 0.06439209, 0.17388916, -0.9761963)
(0.112487793, 0.06439209, 0.17388916, -0.9761963)
(0.112487793, 0.06378174, 0.17376709, -0.9762573)
(0.112487793, 0.06378174, 0.17376709, -0.9762573)
(0.112548828, 0.06378174, 0.173706055, -0.9762573)
(0.112548828, 0.06378174, 0.173706055, -0.9762573)
(0.112548828, 0.06378174, 0.173706055, -0.9762573)
(0.112548828, 0.06378174, 0.173706055, -0.9762573)
(0.112548828, 0.06378174, 0.173706055, -0.9762573)
(0.111755371, 0.0618286133, 0.173583984, -0.976501465)
(0.111755371, 0.0618286133, 0.173583984, -0.976501465)
(0.111694336, 0.0618286133, 0.173583984, -0.976501465)
(0.111694336, 0.0618286133, 0.173583984, -0.976501465)
(0.111694336, 0.0618286133, 0.173583984, -0.976501465)
(0.111694336, 0.0618286133, 0.173583984, -0.976501465)
(0.11114502, 0.06188965, 0.173278809, -0.976623535)
(0.11114502, 0.0618286133, 0.173278809, -0.976623535)
(0.11114502, 0.0618286133, 0.173278809, -0.976623535)
(0.11114502, 0.0618286133, 0.173278809, -0.976623535)
(0.11114502, 0.0618286133, 0.173278809, -0.976623535)
(0.11114502, 0.0618286133, 0.173278809, -0.976623535)
(0.11114502, 0.0618286133, 0.173278809, -0.976623535)
(0.110290527, 0.06097412, 0.172729492, -0.9768677)
(0.110107422, 0.0607910156, 0.172607422, -0.9769287)
(0.110046387, 0.0607910156, 0.172607422, -0.9769287)
(0.110046387, 0.0607910156, 0.172607422, -0.9769287)
(0.110107422, 0.06072998, 0.172607422, -0.9769287)
(0.1081543, 0.0603027344, 0.171936035, -0.9772949)
(0.107177734, 0.0599365234, 0.170898438, -0.9776001)
(0.107177734, 0.0599365234, 0.170898438, -0.9776001)
(0.107177734, 0.0599365234, 0.170898438, -0.9776001)
(0.107177734, 0.0599365234, 0.170898438, -0.9776001)
(0.107177734, 0.05987549, 0.170898438, -0.9776001)
(0.107177734, 0.05987549, 0.170898438, -0.9776001)
(0.107177734, 0.0599365234, 0.170898438, -0.9776001)
(0.107177734, 0.0599365234, 0.170898438, -0.9776001)
(0.107299805, 0.0600585938, 0.1708374, -0.9776001)
