(-0.6091919, 0.4487915, -0.239990234, 0.608215332)
(-0.611877441, 0.448852539, -0.23638916, 0.6068115)
(-0.611877441, 0.448852539, -0.23638916, 0.6068115)
(-0.6135254, 0.447875977, -0.2341919, 0.6067505)
(-0.6147461, 0.4467163, -0.232543945, 0.6069946)
(-0.6147461, 0.4467163, -0.232543945, 0.6069946)
(-0.616210938, 0.445617676, -0.231140137, 0.6068115)
(-0.616210938, 0.445617676, -0.231140137, 0.6068115)
(-0.6185303, 0.444458, -0.230163574, 0.6057129)
(-0.6185303, 0.444458, -0.230163574, 0.6057129)
(-0.620910645, 0.44329834, -0.229187012, 0.604431152)
(-0.620910645, 0.44329834, -0.229187012, 0.604431152)
(-0.623718262, 0.442688, -0.226989746, 0.602844238)
(-0.6279297, 0.442932129, -0.223510742, 0.5996704)
(-0.638122559, 0.444152832, -0.215759277, 0.590698242)
(-0.638122559, 0.444152832, -0.215759277, 0.590698242)
(-0.6437378, 0.444763184, -0.210571289, 0.585998535)
(-0.6437378, 0.444763184, -0.210571289, 0.585998535)
(-0.649047852, 0.44543457, -0.204711914, 0.5817261)
(-0.6546631, 0.4467163, -0.198547363, 0.5765381)
(-0.6546631, 0.4467163, -0.198547363, 0.5765381)
(-0.6609497, 0.44744873, -0.1920166, 0.5709839)
(-0.6609497, 0.44744873, -0.1920166, 0.5709839)
(-0.6685791, 0.446594238, -0.184753418, 0.565185547)
(-0.6762085, 0.4446411, -0.178710938, 0.5595703)
(-0.682556152, 0.443359375, -0.173706055, 0.554443359)
(-0.6870117, 0.442504883, -0.168640137, 0.551147461)
(-0.6870117, 0.442504883, -0.168640137, 0.551147461)
(-0.691040039, 0.4414673, -0.163696289, 0.5484619)
(-0.698547363, 0.441711426, -0.157592773, 0.5404663)
(-0.70111084, 0.4418335, -0.1519165, 0.538635254)
(-0.70111084, 0.4418335, -0.1519165, 0.538635254)
(-0.7019043, 0.444213867, -0.147521973, 0.5368042)
(-0.7019043, 0.444213867, -0.147521973, 0.5368042)
(-0.7030029, 0.446105957, -0.1430664, 0.5350342)
(-0.7030029, 0.446105957, -0.1430664, 0.5350342)
(-0.7036133, 0.446777344, -0.139282227, 0.534667969)
(-0.703918457, 0.4472046, -0.1352539, 0.534973145)
(-0.703918457, 0.4472046, -0.1352539, 0.534973145)
(-0.704223633, 0.448364258, -0.130493164, 0.534790039)
(-0.704223633, 0.448364258, -0.130493164, 0.534790039)
(-0.704834, 0.449646, -0.125610352, 0.5340576)
(-0.704834, 0.449646, -0.125610352, 0.5340576)
(-0.70513916, 0.4500122, -0.122009277, 0.5341797)
(-0.70513916, 0.4500122, -0.122009277, 0.5341797)
(-0.704895, 0.450317383, -0.11907959, 0.534973145)
(-0.7050171, 0.451599121, -0.114257813, 0.534729)
(-0.7050171, 0.451599121, -0.114257813, 0.534729)
(-0.704589844, 0.4515381, -0.113952637, 0.5354004)
(-0.704589844, 0.4515381, -0.113952637, 0.5354004)
(-0.703063965, 0.45111084, -0.114746094, 0.537597656)
(-0.703063965, 0.45111084, -0.114746094, 0.537597656)
(-0.7022095, 0.450927734, -0.115478516, 0.5386963)
(-0.7022095, 0.450927734, -0.115478516, 0.5386963)
(-0.702331543, 0.4510498, -0.1161499, 0.5383301)
(-0.702880859, 0.450439453, -0.117126465, 0.5378418)
(-0.702880859, 0.450439453, -0.117126465, 0.5378418)
(-0.703063965, 0.4494629, -0.118103027, 0.538208)
(-0.703063965, 0.4494629, -0.118103027, 0.538208)
(-0.7030029, 0.448669434, -0.118530273, 0.5389404)
(-0.7050781, 0.4454956, -0.121826172, 0.538085938)
(-0.7050781, 0.4454956, -0.121826172, 0.538085938)
(-0.7062988, 0.444335938, -0.1239624, 0.5369873)
(-0.705993652, 0.4440918, -0.12487793, 0.5372925)
(-0.705993652, 0.4440918, -0.12487793, 0.5372925)
(-0.7060547, 0.444335938, -0.12487793, 0.53704834)
(-0.7060547, 0.444335938, -0.12487793, 0.53704834)
(-0.706665039, 0.4449463, -0.124328613, 0.5358887)
(-0.7062378, 0.444824219, -0.125061035, 0.5363159)
(-0.7062378, 0.444824219, -0.125061035, 0.5363159)
(-0.7058716, 0.445251465, -0.125061035, 0.536499)
(-0.7058716, 0.445251465, -0.125061035, 0.536499)
(-0.7057495, 0.445861816, -0.12487793, 0.536193848)
(-0.7057495, 0.445861816, -0.12487793, 0.536193848)
(-0.7053833, 0.446105957, -0.125366211, 0.536376953)
(-0.7053833, 0.446105957, -0.125366211, 0.536376953)
(-0.7047119, 0.446105957, -0.125854492, 0.5371094)
(-0.704406738, 0.446472168, -0.125732422, 0.5372925)
(-0.7045288, 0.447021484, -0.125244141, 0.536743164)
(-0.7045288, 0.447021484, -0.125244141, 0.536743164)
(-0.704406738, 0.447143555, -0.125427246, 0.5368042)
(-0.7038574, 0.447021484, -0.125915527, 0.5374756)
(-0.7038574, 0.447021484, -0.125915527, 0.5374756)
(-0.7036133, 0.44708252, -0.126098633, 0.5377197)
(-0.7036743, 0.44732666, -0.125915527, 0.5374756)
(-0.7036743, 0.44732666, -0.125915527, 0.5374756)
(-0.7034912, 0.447265625, -0.127197266, 0.537414551)
(-0.7034912, 0.447143555, -0.127746582, 0.537414551)
(-0.7034912, 0.447143555, -0.127746582, 0.537414551)
(-0.7033081, 0.446777344, -0.128479, 0.537780762)
(-0.7033081, 0.446777344, -0.128479, 0.537780762)
(-0.702880859, 0.446655273, -0.128845215, 0.5383911)
(-0.7027588, 0.44708252, -0.128540039, 0.538208)
(-0.7027588, 0.44708252, -0.128540039, 0.538208)
(-0.7022095, 0.447265625, -0.12890625, 0.5386963)
(-0.701477051, 0.4477539, -0.128967285, 0.539306641)
(-0.701965332, 0.447814941, -0.128479, 0.538635254)
(-0.7017212, 0.44744873, -0.129272461, 0.5391846)
(-0.7015991, 0.447509766, -0.129760742, 0.5390625)
(-0.7015991, 0.447509766, -0.129760742, 0.5390625)
(-0.701660156, 0.44744873, -0.130187988, 0.539001465)
(-0.701355, 0.446960449, -0.131835938, 0.5393677)
(-0.701355, 0.446960449, -0.131835938, 0.5393677)
(-0.7015991, 0.447021484, -0.132202148, 0.5388794)
(-0.702148438, 0.4468994, -0.132507324, 0.538269043)
(-0.7034912, 0.4456787, -0.133728027, 0.5371704)
(-0.7034912, 0.4456787, -0.133728027, 0.5371704)
(-0.703552246, 0.4453125, -0.1340332, 0.5373535)
(-0.703735352, 0.4451294, -0.134338379, 0.5371704)
(-0.703735352, 0.4451294, -0.134338379, 0.5371704)
(-0.704223633, 0.4446411, -0.135192871, 0.5366821)
(-0.704223633, 0.4446411, -0.135192871, 0.5366821)
(-0.704284668, 0.444396973, -0.135681152, 0.536743164)
(-0.704223633, 0.444335938, -0.135864258, 0.5368042)
(-0.704223633, 0.444335938, -0.135864258, 0.5368042)
(-0.704284668, 0.444335938, -0.135864258, 0.536743164)
(-0.7039795, 0.444030762, -0.1362915, 0.537231445)
(-0.7039795, 0.444030762, -0.1362915, 0.537231445)
(-0.7039795, 0.444030762, -0.1362915, 0.537231445)
(-0.7039795, 0.444030762, -0.1362915, 0.537231445)
(-0.704101563, 0.443969727, -0.136352539, 0.5371704)
(-0.704223633, 0.443786621, -0.136352539, 0.5371094)
(-0.704223633, 0.443786621, -0.136352539, 0.5371094)
(-0.7044678, 0.4437256, -0.136413574, 0.536865234)
(-0.7046509, 0.4437256, -0.136474609, 0.536560059)
(-0.7045288, 0.443786621, -0.13671875, 0.5366211)
(-0.7045288, 0.443786621, -0.13671875, 0.5366211)
(-0.704589844, 0.443847656, -0.13671875, 0.536560059)
(-0.704895, 0.444030762, -0.136657715, 0.5359497)
(-0.704834, 0.444030762, -0.137023926, 0.536010742)
(-0.704895, 0.443847656, -0.137451172, 0.5358887)
(-0.704895, 0.443847656, -0.137451172, 0.5358887)
(-0.704895, 0.443847656, -0.137451172, 0.5359497)
(-0.704895, 0.443603516, -0.137695313, 0.536010742)
(-0.704895, 0.443359375, -0.138305664, 0.5361328)
(-0.704834, 0.44317627, -0.13861084, 0.5362549)
(-0.704834, 0.44317627, -0.13861084, 0.5362549)
(-0.704834, 0.44317627, -0.13861084, 0.5362549)
(-0.704834, 0.44317627, -0.13861084, 0.5362549)
(-0.704834, 0.44317627, -0.13861084, 0.5362549)
(-0.704834, 0.44317627, -0.13861084, 0.5362549)
(-0.704834, 0.442993164, -0.138793945, 0.536376953)
(-0.704834, 0.442993164, -0.138793945, 0.536376953)
(-0.7047119, 0.4423828, -0.139526367, 0.5368042)
(-0.7047119, 0.4423828, -0.139526367, 0.5368042)
(-0.7047119, 0.4423828, -0.139526367, 0.5368042)
(-0.7045288, 0.442321777, -0.139831543, 0.53704834)
(-0.7045288, 0.442321777, -0.139831543, 0.53704834)
(-0.7045288, 0.442321777, -0.139831543, 0.53704834)
(-0.7046509, 0.442260742, -0.140075684, 0.536865234)
(-0.7046509, 0.442260742, -0.140075684, 0.536865234)
(-0.704589844, 0.4420166, -0.14050293, 0.53704834)
(-0.704589844, 0.4420166, -0.14050293, 0.53704834)
(-0.704406738, 0.441955566, -0.140930176, 0.537231445)
(-0.7040405, 0.4420166, -0.141357422, 0.5375366)
(-0.7040405, 0.4420166, -0.141357422, 0.5375366)
(-0.7036133, 0.4421997, -0.141784668, 0.5378418)
(-0.7036133, 0.4421997, -0.141784668, 0.5378418)
(-0.7034912, 0.442321777, -0.142028809, 0.5378418)
(-0.7034912, 0.442321777, -0.142028809, 0.5378418)
(-0.703735352, 0.442138672, -0.142089844, 0.5376587)
(-0.703735352, 0.442138672, -0.142089844, 0.5376587)
(-0.703735352, 0.442077637, -0.142150879, 0.5376587)
(-0.703735352, 0.442077637, -0.142150879, 0.5376587)
(-0.7036743, 0.442077637, -0.142272949, 0.5377197)
(-0.7036743, 0.442077637, -0.142272949, 0.5377197)
(-0.7036743, 0.442077637, -0.142272949, 0.5377197)
(-0.7036743, 0.4421997, -0.142211914, 0.5376587)
(-0.7036133, 0.4421997, -0.142272949, 0.5377197)
(-0.7036133, 0.4421997, -0.142272949, 0.5377197)
(-0.703735352, 0.4421997, -0.142333984, 0.5374756)
(-0.703735352, 0.4421997, -0.142333984, 0.5374756)
(-0.7036743, 0.442138672, -0.14251709, 0.537597656)
(-0.7038574, 0.4420166, -0.14276123, 0.537414551)
(-0.7038574, 0.4420166, -0.14276123, 0.537414551)
(-0.7040405, 0.441894531, -0.142822266, 0.5371704)
(-0.7040405, 0.441894531, -0.142822266, 0.5371704)
(-0.7040405, 0.441894531, -0.1428833, 0.537231445)
(-0.7040405, 0.441894531, -0.1428833, 0.537231445)
(-0.7041626, 0.441955566, -0.1430664, 0.5369873)
(-0.7041626, 0.441955566, -0.1430664, 0.5369873)
(-0.7041626, 0.441894531, -0.143127441, 0.5369873)
(-0.7041626, 0.441894531, -0.143127441, 0.5369873)
(-0.7039795, 0.4418335, -0.143310547, 0.5372925)
(-0.704101563, 0.44140625, -0.143371582, 0.537414551)
(-0.704101563, 0.44140625, -0.143371582, 0.537414551)
(-0.7041626, 0.441040039, -0.143493652, 0.537597656)
(-0.7041626, 0.440917969, -0.1437378, 0.5376587)
(-0.7041626, 0.440917969, -0.1437378, 0.5376587)
(-0.7043457, 0.440856934, -0.143859863, 0.537414551)
(-0.7043457, 0.440856934, -0.143859863, 0.537414551)
(-0.7043457, 0.440856934, -0.1439209, 0.537414551)
(-0.7041626, 0.440856934, -0.144042969, 0.537597656)
(-0.7041626, 0.440856934, -0.144042969, 0.537597656)
(-0.7041626, 0.440856934, -0.144042969, 0.537597656)
(-0.704406738, 0.4407959, -0.144165039, 0.5373535)
(-0.7044678, 0.440734863, -0.144287109, 0.537231445)
(-0.7044678, 0.440734863, -0.144287109, 0.537231445)
(-0.704223633, 0.4411621, -0.143615723, 0.537414551)
(-0.704223633, 0.4411621, -0.143615723, 0.537414551)
(-0.704223633, 0.4411621, -0.143615723, 0.537414551)
(-0.7036743, 0.441772461, -0.143188477, 0.5377197)
(-0.7036743, 0.441772461, -0.143188477, 0.5377197)
(-0.703552246, 0.4418335, -0.1430664, 0.537902832)
(-0.7007446, 0.444519043, -0.1418457, 0.539672852)
(-0.7006836, 0.4446411, -0.142150879, 0.5395508)
(-0.7006836, 0.4446411, -0.142150879, 0.5395508)
(-0.7007446, 0.444702148, -0.142578125, 0.539306641)
(-0.7007446, 0.444702148, -0.1437378, 0.539001465)
(-0.7007446, 0.444702148, -0.1437378, 0.539001465)
(-0.7008667, 0.4446411, -0.144226074, 0.5387573)
(-0.7008667, 0.4446411, -0.144226074, 0.5387573)
(-0.700927734, 0.4446411, -0.145263672, 0.5383911)
(-0.7003784, 0.444763184, -0.147644043, 0.5383301)
(-0.7000122, 0.4449463, -0.148498535, 0.538452148)
(-0.7000122, 0.4449463, -0.148498535, 0.538452148)
(-0.6999512, 0.445068359, -0.148986816, 0.538269043)
(-0.6999512, 0.445068359, -0.148986816, 0.538269043)
(-0.699890137, 0.4449463, -0.149597168, 0.5383301)
(-0.699768066, 0.4446411, -0.150146484, 0.5385742)
(-0.6999512, 0.444335938, -0.150268555, 0.5385742)
(-0.700256348, 0.444030762, -0.149841309, 0.5385132)
(-0.700256348, 0.444030762, -0.149902344, 0.5385132)
(-0.700256348, 0.444030762, -0.149902344, 0.5385132)
(-0.700256348, 0.443786621, -0.150024414, 0.538635254)
(-0.700256348, 0.443786621, -0.150024414, 0.538635254)
(-0.7001343, 0.443603516, -0.150085449, 0.5389404)
(-0.7001343, 0.443603516, -0.150085449, 0.5389404)
(-0.7001343, 0.443603516, -0.150085449, 0.5389404)
(-0.7001343, 0.443603516, -0.150085449, 0.5389404)
(-0.700256348, 0.443481445, -0.149841309, 0.539001465)
(-0.7005615, 0.442993164, -0.149536133, 0.5390625)
(-0.7005615, 0.442993164, -0.149536133, 0.5390625)
(-0.700927734, 0.442749023, -0.149108887, 0.5389404)
(-0.7010498, 0.442565918, -0.149169922, 0.5388794)
(-0.7010498, 0.442565918, -0.149169922, 0.5388794)
(-0.70111084, 0.442565918, -0.149169922, 0.538818359)
(-0.7011719, 0.442626953, -0.149169922, 0.538635254)
(-0.7011719, 0.442626953, -0.149169922, 0.538635254)
(-0.7011719, 0.442626953, -0.149169922, 0.538635254)
(-0.7011719, 0.442626953, -0.149169922, 0.538635254)
(-0.701355, 0.442688, -0.149047852, 0.5383911)
(-0.701355, 0.442688, -0.149047852, 0.5383911)
(-0.701416, 0.4428711, -0.149291992, 0.538147)
(-0.7011719, 0.4430542, -0.1496582, 0.538147)
(-0.700805664, 0.44329834, -0.149902344, 0.5383911)
(-0.700805664, 0.44329834, -0.149902344, 0.5383911)
(-0.7006836, 0.443603516, -0.149963379, 0.538269043)
(-0.7006836, 0.443603516, -0.149963379, 0.538269043)
(-0.7006836, 0.4437256, -0.150146484, 0.538147)
(-0.7006836, 0.4437256, -0.150146484, 0.538147)
(-0.7006836, 0.4437256, -0.150146484, 0.538147)
(-0.7006836, 0.4437256, -0.150146484, 0.538147)
(-0.7006836, 0.4437256, -0.150146484, 0.538085938)
(-0.7006836, 0.4437256, -0.150146484, 0.538085938)
(-0.700622559, 0.443786621, -0.15032959, 0.538085938)
(-0.700439453, 0.443969727, -0.150756836, 0.538085938)
(-0.700439453, 0.443969727, -0.150756836, 0.538085938)
(-0.7001953, 0.444030762, -0.151306152, 0.538208)
(-0.7001953, 0.444030762, -0.151306152, 0.538208)
(-0.6998291, 0.4440918, -0.1519165, 0.538452148)
(-0.6995239, 0.4442749, -0.152282715, 0.5385742)
(-0.6995239, 0.4442749, -0.152282715, 0.5385742)
(-0.699401855, 0.444458, -0.152587891, 0.5385132)
(-0.699401855, 0.444458, -0.152587891, 0.5385132)
(-0.699035645, 0.444519043, -0.153625488, 0.538635254)
(-0.699035645, 0.444519043, -0.153625488, 0.538635254)
(-0.698730469, 0.444702148, -0.153930664, 0.538818359)
(-0.6986084, 0.4449463, -0.15423584, 0.538635254)
(-0.6984863, 0.4453125, -0.154785156, 0.5383911)
(-0.6983032, 0.44543457, -0.155395508, 0.5383301)
(-0.6983032, 0.44543457, -0.155395508, 0.5383301)
(-0.6980591, 0.4454956, -0.155822754, 0.538452148)
(-0.6980591, 0.4454956, -0.155822754, 0.538452148)
(-0.697998047, 0.4456787, -0.155944824, 0.5383911)
(-0.6976929, 0.445800781, -0.156311035, 0.5385132)
(-0.6976929, 0.445800781, -0.156311035, 0.5385132)
(-0.6976929, 0.445739746, -0.15612793, 0.538635254)
(-0.6976929, 0.445739746, -0.15612793, 0.538635254)
(-0.6976929, 0.445739746, -0.15612793, 0.538635254)
(-0.6976929, 0.445739746, -0.15612793, 0.538635254)
