(0, 0, 0, 0)
(0.217346087, 0.617830455, -0.6451211, 0.3935287)
(0.2046357, 0.615158439, -0.6445106, 0.405352026)
(0.220221028, 0.621313632, -0.6413074, 0.3926791)
(0.207099482, 0.616605341, -0.642906249, 0.404449463)
(0.206772014, 0.6070904, -0.6534909, 0.4020402)
(0.208763555, 0.617302239, -0.6424215, 0.403299481)
(0.213243321, 0.6285684, -0.6303517, 0.402598768)
(0.2072554, 0.618297, -0.640540063, 0.4055397)
(0.216190562, 0.6299129, -0.6295116, 0.400233239)
(0.221004471, 0.622678936, -0.6387934, 0.3941712)
(0.208464652, 0.6155148, -0.6435947, 0.40431428)
(0.221155137, 0.625808537, -0.6348664, 0.3954728)
(0.214304566, 0.6154621, -0.644548535, 0.399796218)
(0.213639036, 0.624768853, -0.633287668, 0.403694183)
(0.217344731, 0.61720866, -0.642531037, 0.39870888)
(0.227772236, 0.628083766, -0.6325878, 0.391743839)
(0.227494, 0.6180804, -0.6432006, 0.39053303)
(0.218990371, 0.6229491, -0.6349955, 0.400946856)
(0.21120739, 0.6123486, -0.644317, 0.406541944)
(0.216439858, 0.6230099, -0.633098543, 0.405214369)
(0.2301369, 0.631711364, -0.626046658, 0.395023227)
(0.224322826, 0.6209403, -0.6368672, 0.398136228)
(0.2198131, 0.6284325, -0.627213657, 0.40417552)
(0.221633, 0.6199672, -0.6373282, 0.400415152)
(0.235370725, 0.6223798, -0.6374909, 0.3883934)
(0.226436868, 0.627277732, -0.6295009, 0.398720026)
(0.217570126, 0.616736352, -0.638839543, 0.405195624)
(0.230399862, 0.6259459, -0.6312194, 0.395815343)
(0.221457049, 0.630983353, -0.622661233, 0.4063369)
(0.218735725, 0.6210151, -0.632944643, 0.4072789)
(0.233666092, 0.6255067, -0.6309656, 0.3949988)
(0.232387468, 0.6153012, -0.641847968, 0.394248366)
(0.223180935, 0.619850338, -0.634541631, 0.4041445)
(0.2202723, 0.6285381, -0.623759747, 0.40907678)
(0.233478785, 0.628997445, -0.626256168, 0.397055656)
(0.219408616, 0.6220018, -0.6312646, 0.408017784)
(0.233181387, 0.629682243, -0.62575233, 0.396939129)
(0.21874103, 0.625063956, -0.627883852, 0.40891242)
(0.228770688, 0.6217993, -0.6341738, 0.398563951)
(0.228488758, 0.631311, -0.6232938, 0.400929034)
(0.223314911, 0.620616853, -0.634461641, 0.403018177)
(0.228380486, 0.6312714, -0.6235434, 0.400665075)
(0.215789318, 0.622305155, -0.6309133, 0.410024136)
(0.2302211, 0.6278916, -0.628145158, 0.3977237)
(0.215997308, 0.6207026, -0.633321941, 0.408627927)
(0.230189815, 0.6255779, -0.6314987, 0.39607355)
(0.2266083, 0.633731663, -0.621284068, 0.4012966)
(0.215808943, 0.623693347, -0.6300994, 0.409154952)
(0.228575438, 0.6325618, -0.6228774, 0.399552882)
(0.226925656, 0.6224925, -0.6342689, 0.398385346)
(0.236825988, 0.6328717, -0.6249646, 0.390904248)
(0.222503155, 0.6262076, -0.6295981, 0.402445823)
(0.225330725, 0.636495769, -0.6183063, 0.402239442)
(0.2246766, 0.6265877, -0.6297091, 0.400468171)
(0.236426115, 0.6358807, -0.6216218, 0.391592562)
(0.224425957, 0.6264084, -0.629911959, 0.400570184)
(0.221450984, 0.634778559, -0.619471252, 0.405303419)
(0.2246307, 0.6265991, -0.6296332, 0.4005954)
(0.23909007, 0.631858647, -0.626702964, 0.388373554)
(0.22472614, 0.626849234, -0.629275143, 0.400713176)
(0.225683436, 0.6175828, -0.639841735, 0.3978204)
(0.22631219, 0.62737906, -0.6288919, 0.3995913)
(0.2247002, 0.6173958, -0.639699161, 0.398895025)
(0.2245443, 0.6268209, -0.628905237, 0.40143922)
(0.211162955, 0.625677049, -0.6268018, 0.413591623)
(0.223037392, 0.6244894, -0.631160259, 0.402372926)
(0.231653214, 0.6201245, -0.6380882, 0.3932249)
(0.224489257, 0.6260195, -0.629787266, 0.401338041)
(0.223713383, 0.635092735, -0.6188478, 0.4045207)
(0.224737227, 0.62585634, -0.6295476, 0.401829362)
(0.239199266, 0.6316186, -0.6259435, 0.389918476)
(0.224948451, 0.6254535, -0.629905343, 0.401777983)
(0.219641909, 0.6148259, -0.640683055, 0.404068947)
(0.225717843, 0.6256583, -0.6300174, 0.4008506)
(0.229240164, 0.6176795, -0.6399394, 0.395472378)
(0.224982142, 0.6254619, -0.6303888, 0.400986731)
(0.236163, 0.6353882, -0.621563137, 0.3926426)
(0.224017978, 0.626177549, -0.629632831, 0.401596874)
(0.2296498, 0.619415939, -0.6387305, 0.3944719)
(0.221784577, 0.6248414, -0.630962849, 0.402828485)
(0.231239229, 0.6211166, -0.637373745, 0.393061548)
(0.225294039, 0.6276933, -0.6284497, 0.400368243)
(0.214284509, 0.6299133, -0.6230483, 0.4112206)
(0.225215629, 0.627249, -0.628664255, 0.4007716)
(0.231024414, 0.620495856, -0.6376529, 0.393715084)
(0.22574006, 0.6277221, -0.628383, 0.400176585)
(0.214767188, 0.617589951, -0.637182653, 0.407990247)
(0.225482613, 0.6277239, -0.6281893, 0.400622725)
(0.211595923, 0.6201014, -0.6334388, 0.411651134)
(0.225958124, 0.6265216, -0.6296457, 0.3999498)
(0.220295861, 0.6157445, -0.640395045, 0.402768731)
(0.225361943, 0.626431763, -0.6295243, 0.400617629)
(0.224880576, 0.6167291, -0.640406132, 0.398690224)
(0.225775614, 0.6266584, -0.6295547, 0.3999821)
(0.224243954, 0.616688251, -0.6404376, 0.3990614)
(0.224637643, 0.6263998, -0.629452646, 0.401186258)
(0.21533893, 0.630305469, -0.6226611, 0.4106548)
(0.224429116, 0.6260091, -0.6299317, 0.401161224)
(0.23361139, 0.622019351, -0.636608243, 0.3914685)
(0.224020153, 0.626151145, -0.629860461, 0.401279777)
(0.214330122, 0.6158384, -0.639144838, 0.4077983)
(0.2212559, 0.6267227, -0.628371358, 0.4042449)
(0.230381683, 0.6224047, -0.63536936, 0.3947688)
(0.221596718, 0.6271598, -0.6281068, 0.4037913)
(0.231184781, 0.6237372, -0.63420856, 0.3940622)
(0.222992972, 0.628946245, -0.6264544, 0.402809858)
(0.231567249, 0.624119163, -0.633866966, 0.393782377)
(0.2194252, 0.6248691, -0.630355239, 0.40502274)
(0.230119586, 0.6225494, -0.635649145, 0.394242674)
(0.221352041, 0.627580345, -0.6280212, 0.403405)
(0.235397652, 0.630392134, -0.6278156, 0.391205)
(0.221219942, 0.626597345, -0.6290659, 0.4033778)
(0.234291822, 0.6269317, -0.6317184, 0.391146779)
(0.221580029, 0.627245843, -0.6286571, 0.402809054)
(0.2348975, 0.6286614, -0.6299749, 0.390819162)
(0.220763013, 0.6256351, -0.6301354, 0.403452516)
(0.234902263, 0.627848446, -0.6305841, 0.3911403)
(0.221371889, 0.625909567, -0.629754663, 0.4032874)
(0.230851173, 0.621952355, -0.636441052, 0.393479079)
(0.224199265, 0.628162563, -0.62776494, 0.4013198)
(0.229405448, 0.6210844, -0.6368442, 0.3950403)
(0.223805979, 0.6278926, -0.627794, 0.401915848)
(0.22746861, 0.6199019, -0.6377653, 0.3965287)
(0.22233054, 0.6270491, -0.6285907, 0.402805477)
(0.2287775, 0.6209086, -0.63707006, 0.395316184)
(0.223843068, 0.6283613, -0.627491, 0.4016358)
(0.221715614, 0.618167758, -0.638469636, 0.401331931)
(0.223710209, 0.628090441, -0.627663136, 0.401864469)
(0.2282475, 0.620524764, -0.6373157, 0.395829231)
(0.2227569, 0.6276224, -0.628100038, 0.402442366)
(0.227280408, 0.6203925, -0.6373132, 0.3965965)
(0.22374855, 0.628341, -0.6273478, 0.401943684)
(0.238323346, 0.6320476, -0.626125336, 0.389467418)
(0.224153578, 0.625302255, -0.63092643, 0.400854468)
(0.230819926, 0.61952734, -0.6391177, 0.392984062)
(0.225297391, 0.626641452, -0.629765034, 0.399947047)
(0.215946853, 0.630398, -0.623019457, 0.409648716)
(0.226631448, 0.627290368, -0.6290289, 0.3993341)
(0.226890162, 0.617848933, -0.6397038, 0.396941483)
(0.2257043, 0.6271861, -0.6288707, 0.4002707)
(0.216701388, 0.616689, -0.6385251, 0.40622744)
(0.227485448, 0.626839161, -0.6295715, 0.398701429)
(0.21314247, 0.6220522, -0.631465256, 0.410941482)
(0.227593854, 0.626039267, -0.630345464, 0.398673356)
(0.213202327, 0.6209831, -0.6324925, 0.4109476)
(0.227586657, 0.6248096, -0.6315369, 0.39872098)
(0.214045331, 0.616660535, -0.6373797, 0.4094648)
(0.227824748, 0.6243238, -0.6320146, 0.3985892)
(0.215305671, 0.6246874, -0.628455162, 0.410430551)
(0.228275746, 0.6249694, -0.6311588, 0.398675233)
(0.213790864, 0.61843425, -0.6351272, 0.410421729)
(0.22791402, 0.6237593, -0.6326897, 0.398350716)
(0.213441387, 0.620107234, -0.6333151, 0.410879463)
(0.227579921, 0.626555264, -0.6293455, 0.3994497)
(0.217274338, 0.6296483, -0.6232622, 0.409730315)
(0.225917876, 0.6248251, -0.6309775, 0.400527239)
(0.227208227, 0.615880966, -0.6415677, 0.396809816)
(0.224335313, 0.6245463, -0.63135004, 0.401263744)
(0.210200712, 0.6171091, -0.636195362, 0.412610561)
(0.223879755, 0.62533015, -0.630165756, 0.402158141)
(0.238455117, 0.6299445, -0.6281366, 0.389555573)
(0.224353775, 0.623296857, -0.6328492, 0.4008345)
(0.231731728, 0.6180127, -0.640655458, 0.3923282)
(0.223604381, 0.623362064, -0.6329286, 0.401026338)
(0.2160826, 0.6287127, -0.6247812, 0.409483969)
(0.224599913, 0.6235293, -0.632887542, 0.4002742)
(0.235340536, 0.6205271, -0.6388273, 0.389179468)
(0.222471759, 0.6208816, -0.635816932, 0.400935471)
(0.2305541, 0.6165939, -0.642609537, 0.3920585)
(0.224412575, 0.6231259, -0.6337812, 0.399592876)
(0.22223337, 0.6315363, -0.6236741, 0.403490752)
(0.224968582, 0.6230581, -0.634240746, 0.3986557)
(0.214318752, 0.6261371, -0.628347456, 0.408900231)
(0.226155087, 0.625377, -0.6321138, 0.397730619)
(0.21523352, 0.6276565, -0.626814544, 0.408442646)
(0.225319311, 0.6240832, -0.6333695, 0.398239136)
(0.239590734, 0.630264461, -0.6294015, 0.3862856)
(0.225135177, 0.6256566, -0.631598, 0.398687869)
(0.210693449, 0.62234, -0.631934464, 0.41104725)
(0.2251532, 0.6267112, -0.630576253, 0.398638517)
(0.217913657, 0.615870059, -0.6410687, 0.402801037)
(0.226160124, 0.626608, -0.6308895, 0.397734135)
(0.212674186, 0.6251442, -0.6292229, 0.409930468)
(0.226337537, 0.6263793, -0.6310383, 0.397757232)
(0.212030843, 0.6212725, -0.633268, 0.409920722)
(0.225845054, 0.6231857, -0.6344351, 0.397650182)
(0.212317824, 0.6215534, -0.632832766, 0.410018444)
(0.226794317, 0.624859, -0.632481, 0.397596955)
(0.212872431, 0.6177712, -0.6370737, 0.408878028)
(0.227020636, 0.6249996, -0.632336, 0.397477478)
(0.21463792, 0.615853548, -0.6396094, 0.406884372)
(0.225830883, 0.6260176, -0.6307644, 0.399047166)
(0.212333709, 0.618078649, -0.63632375, 0.409860075)
(0.226725012, 0.6250966, -0.6317407, 0.39843908)
(0.214276418, 0.6159974, -0.6388902, 0.407985449)
(0.227520481, 0.6247859, -0.6320978, 0.3979064)
(0.2143313, 0.623818, -0.6299247, 0.4100099)
(0.226905957, 0.623360038, -0.6334495, 0.398343772)
(0.2173511, 0.6270573, -0.6269365, 0.4080543)
(0.227988124, 0.6242513, -0.632672966, 0.397563577)
(0.216076612, 0.6254104, -0.628482938, 0.4088789)
(0.228610724, 0.624865949, -0.63203156, 0.397260338)
(0.219498962, 0.629009843, -0.6251091, 0.40670076)
(0.226307, 0.622931659, -0.6337028, 0.398951232)
(0.235820234, 0.6333986, -0.6239068, 0.392345876)
(0.226804242, 0.622874737, -0.6338446, 0.3985321)
(0.2384486, 0.6326366, -0.625175, 0.389960766)
(0.226220861, 0.6236691, -0.632645547, 0.399525285)
(0.235891968, 0.6341806, -0.6226726, 0.392999917)
(0.22615023, 0.6238224, -0.6323515, 0.399791449)
(0.239971787, 0.6314521, -0.626617849, 0.388628423)
(0.226257, 0.6242182, -0.631868, 0.399877638)
(0.230902582, 0.6349565, -0.62053436, 0.398059547)
(0.225954786, 0.6242952, -0.6316721, 0.400237828)
(0.236181289, 0.6209294, -0.6377285, 0.389830172)
(0.225534081, 0.6237885, -0.6322092, 0.40041706)
(0.237616718, 0.6231189, -0.63563925, 0.3888752)
(0.227396, 0.626467764, -0.629799, 0.398976624)
(0.241720647, 0.632987261, -0.6254486, 0.386926651)
(0.227563977, 0.627531469, -0.6288923, 0.39863953)
(0.230182275, 0.6192676, -0.638964951, 0.394014865)
(0.225821137, 0.6272828, -0.629193544, 0.3995454)
(0.237994015, 0.6266493, -0.6325981, 0.3879291)
(0.226898879, 0.628926337, -0.6277706, 0.3985885)
(0.221990749, 0.636103332, -0.6183641, 0.404621482)
(0.2276647, 0.6294796, -0.6274491, 0.397783816)
(0.23481603, 0.623969555, -0.6353329, 0.389712244)
(0.227586314, 0.6300251, -0.6270524, 0.397590369)
(0.237627015, 0.6265471, -0.6330699, 0.3875496)
(0.225615665, 0.6277463, -0.6291898, 0.398938954)
(0.234067723, 0.623079062, -0.6362572, 0.3900789)
(0.227102727, 0.629189253, -0.6278307, 0.397962183)
(0.2396339, 0.6286672, -0.630950332, 0.3863351)
(0.228613943, 0.631163061, -0.6259285, 0.396966338)
(0.228359208, 0.621680737, -0.636768639, 0.394830167)
(0.229725376, 0.6319828, -0.6256968, 0.395382673)
(0.234224483, 0.6245923, -0.6350823, 0.3894788)
(0.226609111, 0.6302992, -0.6270095, 0.3977816)
(0.240618244, 0.6327503, -0.6269548, 0.385561377)
(0.226379424, 0.6294047, -0.627861738, 0.397984654)
(0.235950321, 0.625574231, -0.634257257, 0.388203442)
(0.227469474, 0.6306069, -0.6268405, 0.397068828)
(0.232390732, 0.6234192, -0.6359587, 0.391023785)
(0.224254534, 0.6285744, -0.628326952, 0.3997618)
(0.236785248, 0.62831986, -0.631263852, 0.38814038)
(0.223407075, 0.6274455, -0.629481137, 0.400193632)
(0.237023011, 0.629464865, -0.6301566, 0.387938917)
(0.222579792, 0.6255153, -0.6315325, 0.400444239)
(0.236564532, 0.63216275, -0.6269731, 0.3889888)
