(0, 0, 0, 0)
(0.0707405359, 0.682484746, -0.671701431, 0.279334247)
(0.0602595769, 0.685355067, -0.6648709, 0.290867448)
(0.07382244, 0.6845366, -0.669600248, 0.278559685)
(0.06473291, 0.688189447, -0.662161767, 0.289390266)
(0.07861141, 0.6874809, -0.66661, 0.277166635)
(0.07530136, 0.695862055, -0.655456543, 0.283694118)
(0.0816239044, 0.6893709, -0.664276659, 0.277203768)
(0.07712581, 0.6960903, -0.6545913, 0.284640521)
(0.08722382, 0.6906184, -0.662924469, 0.275625646)
(0.07731717, 0.690559447, -0.659406066, 0.2869381)
(0.09338949, 0.6892603, -0.6643162, 0.273646921)
(0.08380045, 0.6891723, -0.661048353, 0.28466475)
(0.102806956, 0.6938924, -0.659360468, 0.2705327)
(0.09177202, 0.689344764, -0.661131144, 0.2815802)
(0.10881003, 0.697370052, -0.65495193, 0.269951)
(0.09743629, 0.6937073, -0.6557669, 0.281507)
(0.10991285, 0.6892949, -0.662952244, 0.270713955)
(0.116588086, 0.699345231, -0.6521563, 0.268357545)
(0.122381926, 0.691009641, -0.6618879, 0.2635007)
(0.112675682, 0.693474, -0.656489, 0.274627268)
(0.119086958, 0.685623348, -0.666077733, 0.268476069)
(0.126961127, 0.6955273, -0.6559605, 0.264269739)
(0.116762087, 0.686866164, -0.663261235, 0.273250878)
(0.131110668, 0.6941579, -0.6573066, 0.262493432)
(0.117495038, 0.6916939, -0.6569725, 0.2759377)
(0.132546127, 0.693132043, -0.6576429, 0.263638437)
(0.118197523, 0.687862754, -0.6605252, 0.276731968)
(0.106488921, 0.678482354, -0.668250859, 0.2859414)
(0.121532582, 0.682971954, -0.6663257, 0.2734759)
(0.1305853, 0.69270575, -0.6568327, 0.2677258)
(0.117106959, 0.6856607, -0.661879241, 0.279412419)
(0.131006554, 0.6922165, -0.6570445, 0.268265277)
(0.116385154, 0.6865514, -0.66054064, 0.280691624)
(0.1299508, 0.6929686, -0.655912, 0.269604683)
(0.120615125, 0.682832837, -0.6654331, 0.276387483)
(0.128971383, 0.6923333, -0.6564271, 0.2704524)
(0.14216505, 0.6918168, -0.659228444, 0.258063)
(0.127304241, 0.689852536, -0.6590634, 0.2711689)
(0.133780912, 0.699706435, -0.649124, 0.266742438)
(0.128775626, 0.689547539, -0.659816742, 0.269412041)
(0.113952331, 0.686421, -0.6602938, 0.282583)
(0.128424227, 0.6912807, -0.657651365, 0.270431072)
(0.115496218, 0.6830514, -0.664331853, 0.280650437)
(0.128807813, 0.690069, -0.6592977, 0.26933223)
(0.115906037, 0.682216048, -0.6656385, 0.279414356)
(0.126834258, 0.691499054, -0.657541, 0.270891368)
(0.134231329, 0.6854155, -0.665661, 0.262836426)
(0.1233722, 0.689048648, -0.659705937, 0.273458153)
(0.134619817, 0.6856688, -0.6655637, 0.262222469)
(0.122376621, 0.687894642, -0.660968065, 0.273762882)
(0.132205009, 0.6835505, -0.667680264, 0.263597339)
(0.121733226, 0.6876358, -0.6612943, 0.2739123)
(0.13483274, 0.686826646, -0.6646938, 0.261288255)
(0.123361327, 0.68991977, -0.6593034, 0.272234619)
(0.1330003, 0.6853474, -0.6662279, 0.262202948)
(0.121611685, 0.688620567, -0.6606527, 0.273038983)
(0.134173781, 0.696671367, -0.6539664, 0.26262942)
(0.1209201, 0.6892885, -0.660024941, 0.2731793)
(0.133633211, 0.697064638, -0.6535814, 0.262820423)
(0.12255165, 0.688087046, -0.661767066, 0.271259457)
(0.133962467, 0.6967628, -0.65407604, 0.2622216)
(0.120292187, 0.6896766, -0.6596786, 0.273313075)
(0.130414441, 0.6988909, -0.6511213, 0.2656774)
(0.122013733, 0.689056635, -0.6608514, 0.271273136)
(0.131079763, 0.6842508, -0.668000937, 0.261521876)
(0.1255545, 0.69216454, -0.6583652, 0.267767936)
(0.117825642, 0.682299554, -0.6679106, 0.272910327)
(0.124169424, 0.6922663, -0.658031762, 0.2689676)
(0.124097079, 0.682554, -0.6688484, 0.267136425)
(0.122800767, 0.6915994, -0.6586162, 0.269879371)
(0.11412596, 0.6817992, -0.6678552, 0.2758522)
(0.124983422, 0.691044867, -0.659667969, 0.267720371)
(0.115889162, 0.6814279, -0.6685338, 0.27438733)
(0.124619924, 0.6912314, -0.659281731, 0.268359065)
(0.111191876, 0.683873355, -0.6647445, 0.279407233)
(0.124653928, 0.690976143, -0.6595443, 0.268355578)
(0.122398384, 0.6811011, -0.6701075, 0.268469363)
(0.121503554, 0.690352738, -0.6596879, 0.271038443)
(0.12549305, 0.6820817, -0.6696295, 0.2657301)
(0.126643211, 0.691589355, -0.6592808, 0.266485572)
(0.116538651, 0.68202734, -0.667950034, 0.274044156)
(0.1288839, 0.690133154, -0.661358535, 0.264026463)
(0.117144555, 0.6814185, -0.668821037, 0.273174673)
(0.125937074, 0.6913122, -0.659532368, 0.266916662)
(0.112252094, 0.6844928, -0.664359152, 0.278380871)
(0.126874983, 0.6895637, -0.6616239, 0.265816718)
(0.112309217, 0.6842419, -0.6647124, 0.2781313)
(0.125894591, 0.691038847, -0.6598801, 0.266784936)
(0.120752633, 0.680784643, -0.6702927, 0.269553035)
(0.122818254, 0.6906123, -0.659762442, 0.269599438)
(0.115753785, 0.680354834, -0.669706464, 0.27424708)
(0.124241546, 0.690146446, -0.660428941, 0.268506318)
(0.124606289, 0.6806788, -0.6708301, 0.266714662)
(0.121138655, 0.6889758, -0.6608883, 0.271780074)
(0.121725567, 0.6796659, -0.671322, 0.269376934)
(0.124985471, 0.68968, -0.660856366, 0.2683074)
(0.117550544, 0.6796356, -0.670544267, 0.2732172)
(0.125581831, 0.6897098, -0.660991669, 0.267618418)
(0.110938273, 0.6848152, -0.663404, 0.280385435)
(0.125657052, 0.6894055, -0.66117847, 0.267905533)
(0.110859327, 0.685927868, -0.662079334, 0.280827522)
(0.12539953, 0.688731432, -0.661943257, 0.267871261)
(0.11351195, 0.680335045, -0.668798149, 0.2774315)
(0.12564145, 0.6889291, -0.661627, 0.268030941)
(0.111522622, 0.6831467, -0.6651611, 0.280060649)
(0.1263391, 0.6880077, -0.662735939, 0.2673293)
(0.1123167, 0.6868235, -0.661179066, 0.2801798)
(0.1252843, 0.6857379, -0.665043652, 0.267925739)
(0.11081402, 0.681226, -0.666988432, 0.280673742)
(0.124721296, 0.6880773, -0.662109435, 0.269453824)
(0.112093337, 0.689301133, -0.6580278, 0.281599671)
(0.123151705, 0.685824156, -0.6642308, 0.2706957)
(0.1306729, 0.6796387, -0.672425, 0.262413)
(0.122363247, 0.685358644, -0.664563656, 0.271414638)
(0.108556695, 0.6784786, -0.66916734, 0.283014566)
(0.120455645, 0.686974347, -0.662234962, 0.273864)
(0.1327787, 0.6848713, -0.666827559, 0.262034476)
(0.120111011, 0.6864835, -0.6626501, 0.274241865)
(0.122951478, 0.6965202, -0.6517973, 0.273683846)
(0.120846629, 0.686740458, -0.6624196, 0.273832083)
(0.119836673, 0.6769722, -0.6729387, 0.272949278)
(0.123594575, 0.6869084, -0.6626097, 0.271715969)
(0.116966628, 0.67651695, -0.672592, 0.276158869)
(0.123734988, 0.686587036, -0.662739933, 0.2721464)
(0.115888938, 0.676422834, -0.67229104, 0.277572483)
(0.121098429, 0.686664, -0.6620111, 0.27489844)
(0.1285356, 0.680482268, -0.6702298, 0.2668604)
(0.119334735, 0.6856199, -0.662695, 0.2766226)
(0.126937687, 0.679586351, -0.670823038, 0.2684134)
(0.119622596, 0.685788, -0.662431836, 0.276711732)
(0.11837437, 0.67596215, -0.6729753, 0.2759836)
(0.121772237, 0.6861491, -0.6623836, 0.274988651)
(0.118102752, 0.676166058, -0.6726664, 0.276353121)
(0.124747448, 0.68644017, -0.662615657, 0.2723574)
(0.113513939, 0.6773802, -0.6702109, 0.28122595)
(0.124887846, 0.6863425, -0.6626095, 0.27255407)
(0.110737152, 0.6802095, -0.666411459, 0.284513652)
(0.12533617, 0.6847753, -0.664462566, 0.2717777)
(0.110669084, 0.6811215, -0.6654052, 0.2847135)
(0.125325292, 0.6840091, -0.6652748, 0.2717253)
(0.112495773, 0.684741, -0.661637545, 0.284095347)
(0.122888289, 0.6807483, -0.6682485, 0.273722678)
(0.116191067, 0.687388241, -0.659339368, 0.28154704)
(0.123454385, 0.681229, -0.6677215, 0.273558259)
(0.117296495, 0.688288331, -0.6585317, 0.280778825)
(0.125407875, 0.6826598, -0.6665336, 0.271995336)
(0.1146572, 0.6863151, -0.660215, 0.282739371)
(0.12378671, 0.6814454, -0.6675955, 0.273176253)
(0.11605224, 0.687428057, -0.6592938, 0.281613529)
(0.123686768, 0.6814069, -0.667643, 0.273201466)
(0.120230272, 0.6896528, -0.657711565, 0.278099179)
(0.123785995, 0.6814229, -0.6676456, 0.27311042)
(0.1230792, 0.690809965, -0.657052159, 0.2755281)
(0.117094345, 0.6808162, -0.6671145, 0.2788125)
(0.131047741, 0.6875617, -0.662482262, 0.2668381)
(0.117012627, 0.681505144, -0.666511, 0.278606921)
(0.12976639, 0.6895547, -0.6600986, 0.268225253)
(0.117425948, 0.681369662, -0.666817665, 0.278030127)
(0.127803728, 0.69092375, -0.6582792, 0.2701093)
(0.118630357, 0.6813747, -0.6672223, 0.2765314)
(0.129283369, 0.690737545, -0.6589708, 0.2681885)
(0.1177932, 0.6819518, -0.666597068, 0.276974648)
(0.125562489, 0.6919346, -0.6570471, 0.2715688)
(0.118282683, 0.6819082, -0.6669533, 0.27601406)
(0.126972482, 0.691903234, -0.657581, 0.269694626)
(0.11595048, 0.6830291, -0.665447354, 0.2778608)
(0.128242821, 0.691423237, -0.6585753, 0.267892122)
(0.11800912, 0.682102, -0.6670675, 0.275375158)
(0.1291061, 0.691206753, -0.6591022, 0.266738147)
(0.117087878, 0.682762146, -0.6661973, 0.276237935)
(0.12988022, 0.6906559, -0.659906, 0.26579985)
(0.116392858, 0.6835695, -0.665243149, 0.276833951)
(0.129397333, 0.6912541, -0.659255862, 0.266093731)
(0.1164031, 0.6835227, -0.6654367, 0.2764799)
(0.129311219, 0.691236, -0.659385, 0.265862435)
(0.114706412, 0.686220348, -0.662193537, 0.278287053)
(0.129198775, 0.6912715, -0.659409046, 0.265765369)
(0.114515059, 0.6868117, -0.661563635, 0.278405577)
(0.128541991, 0.687652647, -0.663413, 0.265506744)
(0.113951333, 0.6836585, -0.664942265, 0.278348625)
(0.128634736, 0.6876892, -0.6633435, 0.265541226)
(0.114181466, 0.682683945, -0.665995836, 0.2781274)
(0.128307819, 0.6888572, -0.6619593, 0.26612547)
(0.116437383, 0.680281758, -0.6691813, 0.275418818)
(0.128333956, 0.6889085, -0.662068546, 0.2657081)
(0.115033634, 0.681633234, -0.667588353, 0.276530534)
(0.12683998, 0.690393269, -0.6602357, 0.267128319)
(0.115974829, 0.6813518, -0.668223262, 0.275294632)
(0.1289221, 0.689248562, -0.6621109, 0.264432549)
(0.1174118, 0.6806252, -0.6695485, 0.273255467)
(0.128782541, 0.6896616, -0.6618677, 0.264032573)
(0.117957063, 0.6805913, -0.669975042, 0.272056937)
(0.125601381, 0.6906903, -0.6604289, 0.2664676)
(0.115861, 0.681178749, -0.669273436, 0.2732119)
(0.128126174, 0.6895016, -0.662653, 0.262796849)
(0.1166589, 0.6807275, -0.6703715, 0.271298379)
(0.123045363, 0.6909671, -0.660498559, 0.2667694)
(0.113701016, 0.681235552, -0.6696875, 0.272963)
(0.1263491, 0.6890659, -0.6637192, 0.2621087)
(0.11228025, 0.682567, -0.6683624, 0.27347225)
(0.125246018, 0.690087736, -0.6628334, 0.2621912)
(0.110516369, 0.68471384, -0.666186154, 0.2741334)
(0.124385804, 0.6906131, -0.66263926, 0.261707842)
(0.1099058, 0.684562862, -0.6667634, 0.2733513)
(0.122612886, 0.6922585, -0.6609375, 0.262499332)
(0.108834, 0.692636549, -0.657969356, 0.274747461)
(0.121251956, 0.691081166, -0.6623806, 0.26259613)
(0.121431105, 0.681816041, -0.672745466, 0.2603747)
(0.119940959, 0.690956354, -0.662480235, 0.2632743)
(0.115101427, 0.6808189, -0.67281723, 0.2656206)
(0.12208277, 0.690966, -0.6630474, 0.2608257)
(0.108864419, 0.6834304, -0.6688639, 0.271463782)
(0.122184351, 0.6906005, -0.6636553, 0.260198951)
(0.11194054, 0.681218445, -0.672057867, 0.267859668)
(0.12114463, 0.690905333, -0.663173437, 0.261102885)
(0.1140334, 0.68087554, -0.67287457, 0.265790582)
(0.121436059, 0.690959454, -0.663181841, 0.260803)
(0.112010844, 0.681342, -0.671894, 0.26792717)
(0.122249991, 0.6906585, -0.663556457, 0.260266334)
(0.111669682, 0.6814947, -0.671592832, 0.268436)
(0.122045591, 0.690929651, -0.6631777, 0.260607481)
(0.10924644, 0.683175445, -0.6692362, 0.271033734)
(0.1230584, 0.689948559, -0.6644435, 0.259504139)
(0.110230647, 0.682225347, -0.6703977, 0.2701569)
(0.122176923, 0.6907308, -0.6632999, 0.2607622)
(0.111243524, 0.681626856, -0.671187758, 0.2692891)
(0.121750258, 0.6909436, -0.6629133, 0.261380225)
(0.109948687, 0.6824799, -0.6699152, 0.27082482)
(0.119821325, 0.6921263, -0.661143, 0.263616979)
(0.112444744, 0.68218714, -0.6707132, 0.268552959)
(0.119888052, 0.692335546, -0.660892248, 0.263665974)
(0.113322705, 0.6823489, -0.6706747, 0.267868221)
(0.120629422, 0.6925665, -0.660741568, 0.26309824)
(0.114975013, 0.682429969, -0.6708545, 0.266503841)
(0.119912989, 0.69264406, -0.660435438, 0.263988942)
(0.114500389, 0.6825476, -0.670598567, 0.267050445)
(0.122188747, 0.6926703, -0.6608758, 0.261765182)
(0.114781491, 0.6827371, -0.670480669, 0.2667414)
(0.122308612, 0.6928241, -0.6607781, 0.261548549)
(0.115168065, 0.682757735, -0.670628965, 0.266148418)
(0.123923682, 0.6925498, -0.6615026, 0.259676963)
(0.11390128, 0.683062553, -0.670152664, 0.267109483)
(0.121682726, 0.692953944, -0.660699, 0.261696517)
(0.115708329, 0.682728767, -0.6708985, 0.265307546)
(0.123700075, 0.692663431, -0.6614416, 0.259635776)
(0.1152117, 0.682811439, -0.6707554, 0.265672982)
(0.124166496, 0.6925069, -0.6616884, 0.2592015)
(0.110118173, 0.6865088, -0.665645242, 0.2711016)
(0.124482177, 0.6923022, -0.6619979, 0.258805722)
(0.110448025, 0.686228037, -0.666077554, 0.2706159)
(0.1252009, 0.6900153, -0.6647086, 0.257615924)
