(0, 0, 0, 0)
(0.568955362, 0.0493108854, -0.254607856, 0.7804056)
(0.580207765, 0.0587270521, -0.246020943, 0.77419883)
(0.568820357, 0.0492589138, -0.254406661, 0.780572951)
(0.580463, 0.0570711866, -0.248247221, 0.773420334)
(0.568620443, 0.0512255654, -0.2517006, 0.7814688)
(0.579873264, 0.0528560579, -0.2535879, 0.77242893)
(0.569663763, 0.05392538, -0.248625979, 0.7815116)
(0.5807432, 0.056256108, -0.249528587, 0.7728571)
(0.5685181, 0.05109666, -0.252014339, 0.7814507)
(0.580301, 0.0574488938, -0.247897327, 0.7736261)
(0.5684821, 0.04957602, -0.254144, 0.7808848)
(0.580342531, 0.0538608432, -0.253041267, 0.7721863)
(0.5699078, 0.0536652543, -0.2498735, 0.780953467)
(0.5819768, 0.0563914925, -0.250509471, 0.7716009)
(0.571160734, 0.0547133163, -0.248855561, 0.780290246)
(0.581961334, 0.0551317967, -0.25206688, 0.7711963)
(0.57036525, 0.05100828, -0.253488332, 0.7796315)
(0.5820853, 0.0600802228, -0.245691553, 0.7727889)
(0.572443962, 0.0489418134, -0.256467819, 0.777262449)
(0.5826763, 0.0598914772, -0.2453697, 0.7724604)
(0.5754512, 0.0473406352, -0.2589161, 0.7743238)
(0.5825582, 0.05960821, -0.2448338, 0.772741437)
(0.58335346, 0.0483477823, -0.2590012, 0.76829654)
(0.583684, 0.0591419823, -0.244594589, 0.772003055)
(0.572246134, 0.05161543, -0.24977304, 0.7794123)
(0.583819568, 0.0543035343, -0.249923453, 0.7705479)
(0.5748973, 0.05721244, -0.242812425, 0.779270232)
(0.5845038, 0.05608277, -0.247172356, 0.7707891)
(0.5913197, 0.0508347638, -0.255443066, 0.763220668)
(0.576980948, 0.04350687, -0.25953, 0.773203969)
(0.562335551, 0.0417893, -0.2582442, 0.7844376)
(0.572208941, 0.0461693853, -0.255656868, 0.777871966)
(0.556821644, 0.0376734175, -0.262360215, 0.787208557)
(0.549838662, 0.0470798574, -0.249237552, 0.7958277)
(0.5583128, 0.05630755, -0.242265686, 0.7914693)
(0.568294764, 0.0649846, -0.234563157, 0.7860013)
(0.5585059, 0.05315599, -0.246751919, 0.790163934)
(0.546714246, 0.04229515, -0.25819844, 0.7953919)
(0.5348754, 0.04501725, -0.2514213, 0.805399954)
(0.5453129, 0.0515528135, -0.2474163, 0.7992255)
(0.556181848, 0.05268411, -0.250127882, 0.790773153)
(0.5442029, 0.04252245, -0.259483963, 0.7966825)
(0.549857438, 0.0371041559, -0.269937068, 0.789565742)
(0.548916638, 0.04721718, -0.2555452, 0.7944544)
(0.558971167, 0.05749535, -0.244689643, 0.7901725)
(0.546464741, 0.0489828028, -0.2513232, 0.7973792)
(0.541971862, 0.05674894, -0.238258913, 0.803914666)
(0.5391843, 0.0452752821, -0.2539095, 0.801723361)
(0.528458536, 0.0341889, -0.266055465, 0.805467069)
(0.539850831, 0.0440336354, -0.256723672, 0.800446868)
(0.5517821, 0.05256713, -0.249080375, 0.7941866)
(0.5397329, 0.0443053171, -0.255627751, 0.8008621)
(0.5456629, 0.0557753369, -0.240888432, 0.800695956)
(0.543873131, 0.04451155, -0.256158978, 0.7978742)
(0.541621268, 0.03348567, -0.271060616, 0.795016646)
(0.543025, 0.04467332, -0.2557032, 0.7985888)
(0.54356724, 0.05550379, -0.240442172, 0.8022727)
(0.5420017, 0.04454356, -0.2556499, 0.7993079)
(0.5294477, 0.0379268937, -0.260174066, 0.80657053)
(0.541852653, 0.04534118, -0.254849017, 0.799619853)
(0.55095017, 0.0567961857, -0.24217464, 0.796605051)
(0.543441534, 0.0448483042, -0.256293952, 0.7981061)
(0.547542036, 0.0566861033, -0.2407782, 0.799381256)
(0.5381742, 0.0453757346, -0.2535279, 0.802516758)
(0.5500645, 0.05341778, -0.246762663, 0.796042562)
(0.5380384, 0.04533029, -0.253415555, 0.8026459)
(0.5463133, 0.0420912765, -0.261112928, 0.7947265)
(0.5412435, 0.0495085679, -0.248281628, 0.801848233)
(0.5348052, 0.037578892, -0.2628223, 0.8021818)
(0.5412136, 0.049578663, -0.2480461, 0.801937044)
(0.529939234, 0.0402028263, -0.257484972, 0.8070004)
(0.540974855, 0.0512094349, -0.2461466, 0.8025807)
(0.5289598, 0.04365803, -0.2529317, 0.8089011)
(0.5412791, 0.0499402769, -0.248871014, 0.801614642)
(0.5321892, 0.03803587, -0.262505442, 0.804001868)
(0.5425038, 0.0482416525, -0.251653284, 0.8000207)
(0.53291136, 0.0368847772, -0.2640048, 0.8030857)
(0.5391508, 0.04897954, -0.248870522, 0.8031071)
(0.5334974, 0.05575756, -0.236919329, 0.810025156)
(0.53783834, 0.04826994, -0.24966827, 0.8037821)
(0.535867, 0.0374917127, -0.26487, 0.8008025)
(0.539181232, 0.0490824953, -0.249509737, 0.8028819)
(0.539369345, 0.0390860848, -0.264145941, 0.7986112)
(0.5379869, 0.048627723, -0.2498379, 0.8036084)
(0.5304752, 0.0372598246, -0.263889343, 0.8047175)
(0.536598265, 0.0492878854, -0.249017581, 0.804750443)
(0.5235971, 0.0447356142, -0.2506319, 0.8130365)
(0.535936, 0.0487546735, -0.249388292, 0.805109441)
(0.537245035, 0.039409183, -0.263572454, 0.8002151)
(0.5359343, 0.049151, -0.249064818, 0.8051865)
(0.5448836, 0.06060179, -0.23597008, 0.80233866)
(0.5362736, 0.04937964, -0.249360055, 0.804855168)
(0.5370886, 0.0601949766, -0.2341033, 0.808151066)
(0.5354724, 0.0493294038, -0.249608845, 0.805314541)
(0.5473626, 0.0561541356, -0.244146228, 0.798519552)
(0.53555274, 0.04672932, -0.2531186, 0.80432)
(0.545821667, 0.05747175, -0.241564378, 0.800263941)
(0.533591568, 0.0496437661, -0.248454332, 0.806899)
(0.5409869, 0.0614057668, -0.233949661, 0.8054999)
(0.5340606, 0.04970173, -0.248431519, 0.806592166)
(0.5453188, 0.0506275371, -0.2515316, 0.7979951)
(0.5341599, 0.05034485, -0.247849792, 0.806665361)
(0.54545635, 0.0510902, -0.250776917, 0.7981091)
(0.533806264, 0.0490679368, -0.248609021, 0.8067445)
(0.5305481, 0.03765726, -0.263849318, 0.8046641)
(0.5318329, 0.04830674, -0.248603076, 0.808094442)
(0.544250131, 0.0563130863, -0.241685137, 0.801379442)
(0.532175, 0.048800122, -0.248246789, 0.8079491)
(0.543590844, 0.05028423, -0.250770748, 0.7994339)
(0.532438934, 0.04977222, -0.2469884, 0.808101654)
(0.542019963, 0.0473647751, -0.2539534, 0.799674034)
(0.5333495, 0.0505135544, -0.245714933, 0.8078432)
(0.5439352, 0.0501275621, -0.250339866, 0.799344659)
(0.533145964, 0.05011942, -0.246030271, 0.8079063)
(0.543035, 0.0484012254, -0.252271384, 0.799455643)
(0.531213045, 0.04640247, -0.250345737, 0.8080759)
(0.5435026, 0.0518002473, -0.247353524, 0.8004611)
(0.5323416, 0.0515682474, -0.243370444, 0.809150159)
(0.5398501, 0.0468094423, -0.253020674, 0.801468134)
(0.5342454, 0.053303875, -0.241246179, 0.8084188)
(0.5373837, 0.0447682, -0.254802078, 0.8026771)
(0.5352856, 0.0536715575, -0.240686983, 0.8078727)
(0.5330595, 0.04246068, -0.256112218, 0.8052646)
(0.542624831, 0.0534339659, -0.243679017, 0.802074552)
(0.531264246, 0.04364145, -0.253396571, 0.807244539)
(0.5379436, 0.0554066077, -0.238669172, 0.806587756)
(0.532017648, 0.04375439, -0.25366798, 0.806656837)
(0.539035261, 0.0555260926, -0.239171028, 0.8057016)
(0.535661936, 0.04401346, -0.254624039, 0.803925157)
(0.5329297, 0.0527465679, -0.240713924, 0.809481561)
(0.5366239, 0.0449035652, -0.253830522, 0.8034852)
(0.529721439, 0.0504010879, -0.2431652, 0.811002731)
(0.539821744, 0.0489632934, -0.249112725, 0.802582)
(0.5272319, 0.0430808552, -0.25262934, 0.810153663)
(0.5398075, 0.04919369, -0.248721078, 0.8026991)
(0.5274463, 0.0411478132, -0.255784035, 0.8091241)
(0.5401141, 0.04836904, -0.250556737, 0.8019716)
(0.5283587, 0.0467204452, -0.248498455, 0.810495436)
(0.5407498, 0.0515087172, -0.246358827, 0.802648067)
(0.5288501, 0.04226883, -0.255138, 0.8083536)
(0.540421247, 0.0518903844, -0.245408863, 0.803135633)
(0.5281078, 0.04433689, -0.251640946, 0.8098229)
(0.540183365, 0.0529029444, -0.243853882, 0.80370295)
(0.5285822, 0.0432623029, -0.2533973, 0.809023559)
(0.5407784, 0.0515688844, -0.245897934, 0.802766144)
(0.528056741, 0.04533904, -0.25008148, 0.8102838)
(0.540260136, 0.0494309962, -0.2490507, 0.802277565)
(0.528276443, 0.0472003222, -0.247756913, 0.8107482)
(0.5405846, 0.05016644, -0.248134866, 0.8022972)
(0.5285489, 0.04118955, -0.256367147, 0.808217347)
(0.5384057, 0.052178923, -0.24413909, 0.804855645)
(0.5308317, 0.04042645, -0.258365244, 0.8061209)
(0.5383334, 0.05217801, -0.244116172, 0.804911)
(0.527756333, 0.04176345, -0.255243182, 0.8090611)
(0.5381812, 0.0524484, -0.243480638, 0.8051878)
(0.530315757, 0.04080647, -0.2576155, 0.8066811)
(0.5400883, 0.0518423729, -0.2455237, 0.80332756)
(0.528571665, 0.0422819, -0.255036, 0.808567166)
(0.536879659, 0.0536189452, -0.241417468, 0.8065997)
(0.52838856, 0.0420147628, -0.2552226, 0.808641851)
(0.5388661, 0.0524470881, -0.2439898, 0.8045754)
(0.5286629, 0.04158595, -0.255965352, 0.8082499)
(0.5379781, 0.0527678, -0.243257731, 0.805370033)
(0.5296382, 0.0412180126, -0.2570075, 0.807299)
(0.5344784, 0.0529144034, -0.24161686, 0.8081795)
(0.5285483, 0.0412530825, -0.2567101, 0.808105648)
(0.5370479, 0.0528368838, -0.243406162, 0.8059412)
(0.5285649, 0.0413859673, -0.257306129, 0.8078986)
(0.5382594, 0.052581232, -0.245124489, 0.804627955)
(0.5279688, 0.04177004, -0.257246763, 0.8082873)
(0.539165437, 0.05171478, -0.247400329, 0.8033799)
(0.5264596, 0.0449619479, -0.252588063, 0.8105665)
(0.538711, 0.05317863, -0.245483622, 0.8041768)
(0.525942445, 0.0459469073, -0.251333, 0.811236739)
(0.538476646, 0.05227927, -0.24701649, 0.803923249)
(0.526599944, 0.04334499, -0.255455047, 0.8096644)
(0.535636842, 0.054719165, -0.24217914, 0.807123363)
(0.527880967, 0.04313719, -0.256371439, 0.808550835)
(0.538282633, 0.0538255759, -0.244743347, 0.8046461)
(0.5274822, 0.043561127, -0.255510479, 0.8090608)
(0.538557, 0.0539391264, -0.2445322, 0.804519057)
(0.52709204, 0.04461224, -0.253719479, 0.809821069)
(0.539037, 0.05366075, -0.245043755, 0.804060459)
(0.5268161, 0.04496224, -0.2528782, 0.810244262)
(0.539412439, 0.05061132, -0.249216527, 0.8027227)
(0.5269336, 0.04507355, -0.2522992, 0.810342133)
(0.538999856, 0.0539341159, -0.2439475, 0.804400265)
(0.528574646, 0.0434497371, -0.255255252, 0.808434069)
(0.536886036, 0.05510946, -0.241204992, 0.80655843)
(0.5294462, 0.0434299819, -0.255535245, 0.807776153)
(0.53773, 0.0549828075, -0.241794124, 0.805828154)
(0.5290342, 0.04355741, -0.255216122, 0.808140039)
(0.537716568, 0.0549723171, -0.2417586, 0.80584836)
(0.5281176, 0.04384157, -0.254288346, 0.8090161)
(0.5399423, 0.0525933467, -0.246077538, 0.8032074)
(0.527026, 0.04630277, -0.250329584, 0.8108235)
(0.5393948, 0.0522720255, -0.246427566, 0.8034889)
(0.5270414, 0.0447256938, -0.252562463, 0.8102094)
(0.538900435, 0.0539278, -0.243370846, 0.804641962)
(0.527092, 0.04471248, -0.252432644, 0.8102176)
(0.5391347, 0.0529004447, -0.245135441, 0.804017365)
(0.5264753, 0.0458024666, -0.250743359, 0.8110817)
(0.539009631, 0.0526802763, -0.245429784, 0.8040258)
(0.526882052, 0.04371904, -0.253864616, 0.8099609)
(0.538546, 0.0529242642, -0.244975775, 0.8044589)
(0.526475847, 0.04400284, -0.253317863, 0.810380757)
(0.539061964, 0.050563816, -0.2486741, 0.803129256)
(0.526838362, 0.0472494066, -0.248666152, 0.81140244)
(0.5394032, 0.0528469943, -0.245314613, 0.8037861)
(0.526792347, 0.0479135551, -0.247765452, 0.8116689)
(0.5393922, 0.05427893, -0.2432773, 0.8043172)
(0.527411342, 0.0455578975, -0.2514681, 0.81026274)
(0.5399454, 0.05081542, -0.248614848, 0.802538)
(0.527335465, 0.0462784357, -0.2503566, 0.810615242)
(0.5397038, 0.0539929047, -0.243755251, 0.803982556)
(0.52799964, 0.044954937, -0.252519131, 0.809586)
(0.5365725, 0.0565088019, -0.238749132, 0.8074005)
(0.5273546, 0.04545747, -0.251646042, 0.810250044)
(0.5387112, 0.0552542247, -0.241636574, 0.805201232)
(0.527953565, 0.0449092574, -0.2527957, 0.8095323)
(0.5361897, 0.0564689562, -0.238949016, 0.8075984)
(0.5300625, 0.04468852, -0.253922641, 0.8078119)
(0.533238947, 0.0559570119, -0.238352969, 0.809761047)
(0.530886352, 0.04489143, -0.253844231, 0.8072842)
(0.52888155, 0.0540537238, -0.239515781, 0.8124006)
(0.533718169, 0.04696561, -0.2520118, 0.805871665)
(0.5248312, 0.0501914434, -0.243733764, 0.814018965)
(0.5340877, 0.047812257, -0.250785142, 0.8059597)
(0.5248463, 0.0504641347, -0.242920041, 0.8142355)
(0.5324008, 0.0458184853, -0.252796769, 0.80656296)
(0.524657249, 0.05023577, -0.243264049, 0.8142689)
(0.533163369, 0.0466676578, -0.2520267, 0.8062515)
(0.5248395, 0.0503899865, -0.242992029, 0.814223)
(0.533348739, 0.0468489937, -0.251427561, 0.806305349)
(0.527308047, 0.0528461933, -0.239843115, 0.813405633)
(0.530461133, 0.0444823, -0.2534815, 0.8077001)
(0.531509459, 0.0549916774, -0.238162786, 0.8110191)
(0.531319737, 0.0447116755, -0.253303975, 0.8071786)
(0.5249419, 0.0505353659, -0.2419716, 0.814451933)
(0.5322954, 0.0460053831, -0.2516814, 0.806970656)
(0.533458948, 0.0567668267, -0.236230239, 0.810181737)
