(0, 0, 0, 0)
(0.543443859, 0.2097497, -0.3206136, 0.7469142)
(0.5556892, 0.215034857, -0.317179352, 0.7378121)
(0.544595957, 0.215111434, -0.314492077, 0.7471525)
(0.55503577, 0.214266241, -0.3182414, 0.73807013)
(0.55539906, 0.203368187, -0.3316999, 0.7349479)
(0.5548618, 0.214227661, -0.3179853, 0.738322556)
(0.55992347, 0.206418365, -0.328437865, 0.73212415)
(0.5508553, 0.210045964, -0.3216555, 0.740929663)
(0.5615524, 0.220444232, -0.3115002, 0.7341872)
(0.5502498, 0.211937845, -0.3194891, 0.741777658)
(0.560490966, 0.210652828, -0.3240276, 0.7324489)
(0.550792158, 0.2127232, -0.319409639, 0.7411845)
(0.55869025, 0.2085259, -0.326873183, 0.7331685)
(0.5545845, 0.217462257, -0.31505698, 0.738840461)
(0.563563645, 0.228668034, -0.3031991, 0.733605742)
(0.552135468, 0.2186225, -0.31277597, 0.741297364)
(0.5406873, 0.216988638, -0.311847419, 0.7505494)
(0.5523434, 0.216022342, -0.316185772, 0.740457654)
(0.563213348, 0.214019984, -0.321510464, 0.7304911)
(0.5570881, 0.201209381, -0.334966779, 0.732778966)
(0.5487307, 0.206461921, -0.326305062, 0.7414803)
(0.543291748, 0.21488224, -0.315901071, 0.747573555)
(0.5558227, 0.217295825, -0.317601025, 0.736867249)
(0.5657406, 0.213750958, -0.32478267, 0.7271619)
(0.5555985, 0.212876424, -0.323534548, 0.735744)
(0.544608831, 0.207169071, -0.3289077, 0.743170261)
(0.558213234, 0.215184435, -0.323925138, 0.732916236)
(0.572441936, 0.222342774, -0.3187947, 0.7219722)
(0.56412673, 0.211923331, -0.328910142, 0.7270954)
(0.5546185, 0.2126265, -0.326043218, 0.735448241)
(0.565562248, 0.213948458, -0.3284999, 0.725571)
(0.5738267, 0.226847589, -0.3162701, 0.7205805)
(0.565372646, 0.216301739, -0.3277199, 0.725373745)
(0.56333977, 0.225881591, -0.316855162, 0.7288544)
(0.571422458, 0.220226973, -0.3269644, 0.719771266)
(0.561070859, 0.217633858, -0.329292119, 0.7276)
(0.5744384, 0.223107859, -0.328169823, 0.7159245)
(0.587775052, 0.230791479, -0.324311256, 0.704328)
(0.5784395, 0.221969575, -0.3341045, 0.7102898)
(0.5814672, 0.211813539, -0.347819, 0.704310238)
(0.583235562, 0.224354327, -0.335953981, 0.7047244)
(0.596034765, 0.233993366, -0.3295885, 0.6938019)
(0.591840267, 0.220672816, -0.344355553, 0.694584668)
(0.597722232, 0.234202489, -0.332026333, 0.691112041)
(0.590391338, 0.238427535, -0.326575249, 0.6985263)
(0.589287937, 0.225815475, -0.341133952, 0.6966885)
(0.5951212, 0.2392709, -0.3283635, 0.6933669)
(0.5976594, 0.22907342, -0.3404003, 0.6888078)
(0.5877535, 0.229896277, -0.3376188, 0.6983603)
(0.5984854, 0.239698917, -0.328945637, 0.6900394)
(0.5880278, 0.229576841, -0.338100016, 0.698001564)
(0.5759586, 0.2208632, -0.3458435, 0.7070243)
(0.585992336, 0.229403257, -0.3394932, 0.699093342)
(0.5958218, 0.234435111, -0.336715162, 0.69040513)
(0.584090054, 0.229732275, -0.3391225, 0.700755239)
(0.5785583, 0.236711234, -0.328993, 0.707814753)
(0.5761663, 0.224042714, -0.342385352, 0.7075377)
(0.5842884, 0.235841677, -0.3313825, 0.7022615)
(0.5772037, 0.223732591, -0.3444687, 0.7057767)
(0.583734155, 0.23714672, -0.331061125, 0.7024347)
(0.5728752, 0.227764413, -0.3391144, 0.710590363)
(0.5844567, 0.230863288, -0.3381237, 0.7005604)
(0.5739438, 0.233103365, -0.333732754, 0.710544646)
(0.584066749, 0.234008878, -0.334859371, 0.70140934)
(0.573919058, 0.235333875, -0.331062436, 0.711078465)
(0.5814071, 0.229591191, -0.338872463, 0.7031493)
(0.5749019, 0.236548856, -0.3295843, 0.7105679)
(0.5770715, 0.2264121, -0.341765434, 0.706344366)
(0.579978168, 0.239201158, -0.3280193, 0.7062659)
(0.5789019, 0.227151975, -0.341412485, 0.7047781)
(0.5750062, 0.23670949, -0.329659462, 0.710395038)
(0.5811536, 0.230171636, -0.3383457, 0.703422844)
(0.5746313, 0.2369651, -0.328945667, 0.7109438)
(0.5816782, 0.2314713, -0.336256027, 0.7035647)
(0.5698679, 0.229289025, -0.335768372, 0.7140986)
(0.5816646, 0.236194521, -0.3299094, 0.705009341)
(0.5701351, 0.232301846, -0.331566274, 0.714874566)
(0.5809582, 0.232359931, -0.33343032, 0.705209553)
(0.5702916, 0.222154483, -0.342187941, 0.712967336)
(0.5750958, 0.235124439, -0.328256369, 0.7114977)
(0.57486105, 0.223820508, -0.341585457, 0.7090547)
(0.5696879, 0.232398868, -0.330687255, 0.7156063)
(0.5800016, 0.232036814, -0.333085418, 0.7062656)
(0.568180561, 0.2274946, -0.335567147, 0.7161088)
(0.579300642, 0.230072722, -0.334952861, 0.7066002)
(0.568121731, 0.230581477, -0.332122475, 0.7167737)
(0.578906655, 0.232262984, -0.3326534, 0.7072926)
(0.567140162, 0.225224763, -0.3381303, 0.7164453)
(0.5786896, 0.233050942, -0.3319408, 0.707545638)
(0.5693198, 0.220854491, -0.343962729, 0.7132937)
(0.57501334, 0.233803749, -0.330533057, 0.7109453)
(0.566180646, 0.237720355, -0.324060053, 0.7196622)
(0.5722625, 0.230637178, -0.333634883, 0.71274817)
(0.56172, 0.230799973, -0.331048, 0.7222252)
(0.5728554, 0.2327934, -0.33148852, 0.712572336)
(0.5841477, 0.240161359, -0.325437516, 0.7036935)
(0.5725284, 0.23138158, -0.3331655, 0.7125129)
(0.579315, 0.243747264, -0.3198592, 0.7089933)
(0.570241451, 0.231786042, -0.331434518, 0.715018332)
(0.567546666, 0.241642967, -0.3189473, 0.7195638)
(0.572711945, 0.233422846, -0.329253, 0.7135175)
(0.5603158, 0.226344749, -0.334812343, 0.722990334)
(0.5717073, 0.232438222, -0.3299837, 0.7143067)
(0.5776672, 0.225450516, -0.3388385, 0.7075742)
(0.570061445, 0.229948133, -0.331411034, 0.7157656)
(0.5579492, 0.224455431, -0.334723353, 0.7254465)
(0.569314659, 0.232709959, -0.327416718, 0.7173041)
(0.5597407, 0.235621735, -0.321661144, 0.7264343)
(0.56944567, 0.232881755, -0.326670349, 0.717484653)
(0.5647253, 0.21994707, -0.340428, 0.718900144)
(0.570423365, 0.232685372, -0.326515019, 0.7168422)
(0.559223652, 0.2226871, -0.335470378, 0.7246647)
(0.570036232, 0.232200563, -0.326428443, 0.717346549)
(0.5593443, 0.221209466, -0.3366169, 0.7244925)
(0.5684223, 0.23282367, -0.324621677, 0.7192427)
(0.567336738, 0.220523968, -0.338408619, 0.7176195)
(0.567071438, 0.231382445, -0.3252486, 0.72048974)
(0.572020054, 0.223257944, -0.335703641, 0.7143192)
(0.5623103, 0.2257292, -0.330564469, 0.723588645)
(0.5735965, 0.22710371, -0.330970675, 0.7140514)
(0.561984062, 0.222847149, -0.333019465, 0.723609746)
(0.57256496, 0.2223865, -0.335941821, 0.714042544)
(0.5671628, 0.229896024, -0.325840026, 0.7206265)
(0.5724352, 0.221753255, -0.3363113, 0.7141696)
(0.566171646, 0.228007555, -0.3272794, 0.7213533)
(0.572135568, 0.220769465, -0.336905777, 0.7144342)
(0.5665315, 0.228219941, -0.326689839, 0.7212708)
(0.576243758, 0.226202354, -0.330861866, 0.712254345)
(0.5655199, 0.225527987, -0.328983933, 0.721868455)
(0.5775838, 0.229381561, -0.3268447, 0.7120068)
(0.5659709, 0.2215634, -0.333191633, 0.720812)
(0.5769069, 0.2308381, -0.324665278, 0.7130811)
(0.5660852, 0.2203646, -0.334138125, 0.720651567)
(0.5772894, 0.229231715, -0.326148063, 0.712613)
(0.565621734, 0.220521465, -0.333676428, 0.721181154)
(0.576174557, 0.230745614, -0.3241775, 0.7139246)
(0.5661552, 0.219875932, -0.334573418, 0.7205439)
(0.570010841, 0.232662275, -0.320208728, 0.720015466)
(0.5646395, 0.2198189, -0.334207684, 0.7219191)
(0.5749887, 0.22986272, -0.3248145, 0.714875162)
(0.5653508, 0.218006149, -0.336385369, 0.7208999)
(0.5747416, 0.229540721, -0.324937135, 0.715121567)
(0.564818263, 0.21846731, -0.335466683, 0.7216055)
(0.576084137, 0.227804214, -0.327246338, 0.713541865)
(0.564029634, 0.2214027, -0.33214283, 0.722864151)
(0.5758161, 0.228301719, -0.32675305, 0.7138253)
(0.5642914, 0.220321044, -0.333256066, 0.722477853)
(0.57628113, 0.2258641, -0.329341084, 0.713035762)
(0.5643124, 0.221499652, -0.331665, 0.7228331)
(0.5759418, 0.228897944, -0.325607747, 0.7140563)
(0.5641869, 0.222539231, -0.330247, 0.723261)
(0.5740661, 0.220783979, -0.334448427, 0.71403563)
(0.564963937, 0.22418052, -0.328445345, 0.7229678)
(0.574397, 0.222335383, -0.332925022, 0.7139999)
(0.5645185, 0.2237158, -0.329017639, 0.7231994)
(0.5744373, 0.221661672, -0.3335818, 0.713870466)
(0.564533532, 0.2233667, -0.329219341, 0.7232039)
(0.574825764, 0.223376334, -0.3314899, 0.7139978)
(0.563866436, 0.222919464, -0.329449117, 0.723757446)
(0.5741536, 0.221766889, -0.333095849, 0.7142928)
(0.563621938, 0.2216482, -0.330779582, 0.723731458)
(0.574593544, 0.222377539, -0.3324188, 0.7140646)
(0.563490748, 0.2210756, -0.331270754, 0.7237841)
(0.5747631, 0.223389611, -0.3310462, 0.7142498)
(0.5626324, 0.217969432, -0.3343186, 0.7239925)
(0.5719297, 0.229483172, -0.322539657, 0.718471944)
(0.567176461, 0.21631968, -0.336574167, 0.719885051)
(0.56564, 0.226816252, -0.323624671, 0.723790646)
(0.5667605, 0.216137022, -0.3365522, 0.720277667)
(0.562783241, 0.225210592, -0.324974447, 0.725911)
(0.571909249, 0.222000986, -0.3305496, 0.7171976)
(0.560046136, 0.2159978, -0.3343774, 0.726557)
(0.5719419, 0.222218409, -0.329755723, 0.7174695)
(0.5601671, 0.220498726, -0.329140931, 0.7275021)
(0.5716942, 0.224463835, -0.327116251, 0.718176067)
(0.5603307, 0.214809686, -0.335558653, 0.7261452)
(0.5719103, 0.21702604, -0.335459083, 0.7164394)
(0.5607687, 0.215650037, -0.334054559, 0.7262513)
(0.571792841, 0.224945143, -0.32575193, 0.7185668)
(0.559572756, 0.217995778, -0.331263065, 0.7277506)
(0.5714791, 0.222573325, -0.3287683, 0.7181811)
(0.5598447, 0.21883741, -0.330393434, 0.72768414)
(0.5697642, 0.2171678, -0.334862053, 0.7183832)
(0.557632148, 0.2134351, -0.3363055, 0.7282791)
(0.5693316, 0.219468489, -0.3320492, 0.7193319)
(0.5573892, 0.211315438, -0.338774055, 0.727939)
(0.5666712, 0.223227948, -0.326914132, 0.7226204)
(0.562208, 0.210478649, -0.341152132, 0.723350644)
(0.568413258, 0.22329779, -0.327660173, 0.7208906)
(0.5598078, 0.211149767, -0.340349227, 0.725392)
(0.5674371, 0.223758027, -0.327623338, 0.721533358)
(0.5589055, 0.211441115, -0.340339869, 0.726006866)
(0.567903936, 0.223328173, -0.3283948, 0.720948339)
(0.5617346, 0.210441664, -0.3420561, 0.7233023)
(0.568590641, 0.22321777, -0.3287973, 0.720257461)
(0.5563043, 0.215881, -0.334753484, 0.729288042)
(0.5676134, 0.225385472, -0.326279432, 0.7214972)
(0.5566125, 0.215788916, -0.3352688, 0.7288433)
(0.5685075, 0.2232852, -0.329246342, 0.720097065)
(0.561978638, 0.21052438, -0.342810243, 0.7227315)
(0.56936866, 0.223216966, -0.329684883, 0.719236732)
(0.5581503, 0.212902486, -0.3389941, 0.72679)
(0.5672796, 0.224533617, -0.327561677, 0.7214443)
(0.562288344, 0.2118987, -0.341308922, 0.7227994)
(0.563167751, 0.223947346, -0.327377051, 0.7249234)
(0.5737825, 0.22362569, -0.330304533, 0.715307057)
(0.5622888, 0.218156338, -0.334210724, 0.724252939)
(0.573203266, 0.228925318, -0.324122518, 0.7169211)
(0.5641935, 0.217375, -0.335523, 0.722397447)
(0.5600278, 0.225581929, -0.324433982, 0.72816503)
(0.5639727, 0.216759637, -0.3359396, 0.7225613)
(0.5655788, 0.228783518, -0.321980059, 0.7239527)
(0.5655557, 0.217039973, -0.3357532, 0.7213253)
(0.5606378, 0.224609047, -0.32540834, 0.727561235)
(0.5666902, 0.217531756, -0.335108519, 0.7205862)
(0.5741086, 0.212303221, -0.342979282, 0.712524951)
(0.5678646, 0.218551442, -0.334038228, 0.7198496)
(0.5610968, 0.22425136, -0.32544446, 0.7273016)
(0.570288539, 0.221228316, -0.331039131, 0.718499959)
(0.5580145, 0.21554184, -0.33479178, 0.7280632)
(0.5694479, 0.224403992, -0.327048033, 0.720008)
(0.5576089, 0.217181459, -0.3325811, 0.72889936)
(0.5697556, 0.22392413, -0.327100158, 0.7198903)
(0.5576776, 0.217809737, -0.3310722, 0.7293462)
(0.5691976, 0.220480785, -0.330582738, 0.7198037)
(0.556955934, 0.213741332, -0.335439473, 0.7291058)
(0.568643868, 0.217531443, -0.3337743, 0.7196659)
(0.569900334, 0.229553357, -0.319746, 0.7213054)
(0.5673577, 0.217029765, -0.333659738, 0.720884562)
(0.5625144, 0.224702746, -0.323097527, 0.727113545)
(0.5642402, 0.214192778, -0.335932672, 0.723120749)
(0.5658024, 0.226435974, -0.3218384, 0.7245788)
(0.5629668, 0.214173481, -0.335848957, 0.724157155)
(0.567401648, 0.226918876, -0.32175836, 0.723211467)
(0.5632945, 0.214013517, -0.335905433, 0.7239234)
(0.568283439, 0.226732492, -0.3219777, 0.722479463)
(0.565646648, 0.2143946, -0.335962236, 0.721947551)
(0.5630558, 0.224560559, -0.323311031, 0.7266435)
(0.5677223, 0.216987073, -0.333669454, 0.7206057)
(0.5618024, 0.2246541, -0.3232639, 0.727605045)
(0.5675566, 0.217687562, -0.333016425, 0.720827043)
(0.5588964, 0.221119657, -0.3267303, 0.729375064)
(0.5641171, 0.213515237, -0.33717218, 0.72284025)
(0.5639799, 0.2250076, -0.323597133, 0.7256605)
(0.5601152, 0.212473333, -0.33777076, 0.72597307)
(0.566513, 0.22513704, -0.3242965, 0.723331332)
(0.558297634, 0.21268779, -0.337177783, 0.7275842)
(0.568776548, 0.223521814, -0.3269622, 0.720851541)
(0.557567656, 0.213950157, -0.335688829, 0.7284619)
(0.568238854, 0.224092275, -0.3261328, 0.7214739)
(0.5605174, 0.211365715, -0.339055836, 0.725386739)
(0.562712133, 0.223660782, -0.324701816, 0.7265671)
(0.564223051, 0.213402912, -0.3371965, 0.722779453)
(0.563401043, 0.224466071, -0.323805541, 0.726184666)
(0.5563247, 0.212028161, -0.337132752, 0.7293068)
(0.5612657, 0.224902064, -0.323080957, 0.728023648)
(0.5637484, 0.2152509, -0.3356094, 0.7233403)
(0.5594165, 0.22363995, -0.3245909, 0.729163349)
(0.5631084, 0.214517757, -0.336322874, 0.7237252)
(0.57131207, 0.226663455, -0.323540121, 0.7194081)
