0,2,-2,-3,-3,-1,-1,1
-2,-4,-9,-3,-3,-6,-2,-2
-1,-1,3,3,0,-1,-1,1
-3,-1,-7,-2,-1,-2,-3,-3
-1,-3,-3,-1,0,0,-1,-3
-2,-3,7,-1,0,-1,-1,-2
2,-4,-11,1,-1,0,0,-1
0,0,8,0,0,-2,-1,-1
-1,-2,-10,-5,-3,-2,-1,-1
0,1,-11,-2,0,-2,-2,-1
1,-2,11,0,5,6,0,0
1,0,1,-2,-3,-1,-2,0
0,4,14,8,0,-1,1,0
-4,-9,-15,-1,0,-2,0,-5
-1,2,1,0,-5,-5,-1,-3
0,0,0,-1,-1,2,0,-1
0,-5,-9,-6,-3,-1,-3,2
0,0,9,3,1,1,1,0
-1,2,-2,-1,-4,-2,1,-2
-2,-3,-12,0,-1,-1,-1,-2
1,3,13,-7,-6,-1,-1,0
1,1,10,5,3,1,-1,-1
-3,-4,-30,-7,-1,-4,-2,-1
-2,1,10,2,3,-1,0,-2
-2,-11,-7,0,-1,1,-4,0
1,4,1,-1,-2,-1,0,1
-3,-2,9,-2,-3,-1,-1,1
-1,-2,-12,-2,0,-2,-1,-2
-1,-2,18,-1,0,-1,0,-1
1,-17,-20,0,1,-1,1,-2
-2,-3,-16,-1,-2,-1,-1,-2
-1,-8,-30,-7,-3,-1,0,-2
-1,16,27,0,1,-2,0,0
-1,6,-6,-1,0,2,-1,0
-3,0,25,21,6,3,1,0
-1,-8,-9,-15,-8,-4,-1,-5
0,11,-19,1,1,3,1,2
-5,-32,-57,-9,-3,-1,-3,-3
2,22,18,4,-1,-3,-3,-3
5,11,38,-3,-1,0,0,5
-5,-38,-31,8,-1,-4,-4,-5
-6,16,17,13,4,7,13,3
6,10,-30,-28,-5,-6,-18,-1
-8,-23,83,26,3,-3,0,-1
-2,36,-68,-36,-16,-8,-1,-7
-4,-52,94,16,-3,-1,-3,-4
-12,-3,-69,-37,-15,-14,-4,-13
3,-30,-43,-15,-6,-10,6,14
-11,-30,-7,18,15,19,5,6
5,-4,-83,19,-1,-6,-11,-1
6,23,118,-25,-2,11,1,-9
-8,-44,-69,7,-4,-10,-9,1
-2,-45,-81,-20,3,10,12,2
5,26,-28,16,-1,-5,-7,-2
0,24,-31,22,8,-1,2,-6
3,3,4,-18,-2,0,10,4
11,39,44,0,-10,-12,-12,-5
-8,-15,-71,12,12,11,2,1
13,2,40,-24,-10,-3,3,11
-7,44,-52,9,4,7,-4,-8
5,11,49,23,4,-4,-3,1
1,26,-1,-49,-19,-14,1,-1
-10,-61,-94,16,6,6,-1,7
1,28,35,0,-5,-6,-5,-10
1,-27,52,3,-1,-3,-1,-4
-5,48,-16,3,4,4,3,6
-8,-7,76,44,3,-2,26,-6
6,10,-72,-74,-15,-5,-39,-8
-7,32,-21,17,11,4,2,2
-1,-48,109,50,2,-5,-2,-7
15,44,59,-23,5,9,12,19
-13,90,127,30,-11,-15,-15,-23
-15,-108,-92,-38,-8,-6,5,-8
15,-4,-62,10,20,19,8,23
-12,-28,-68,-26,-20,-21,-19,-17
15,23,-128,-16,3,5,12,6
4,18,39,18,9,7,4,12
-3,21,86,12,-8,-11,-10,-12
-5,-31,-71,-2,2,3,-1,2
-16,-3,5,22,6,2,1,-3
10,2,-60,-12,-4,-2,6,-3
-1,-10,102,-27,-6,-5,-9,-4
6,21,-39,-50,-13,-8,1,-4
7,-50,-77,50,16,13,7,11
-8,-3,5,39,5,1,-1,2
8,-12,-121,-54,-4,3,6,7
-23,-46,-9,11,-3,-3,-8,-9
4,24,-29,-9,4,1,5,-2
4,93,74,40,5,1,-7,2
-7,21,88,-18,-10,-7,-4,-5
18,66,90,23,4,1,0,4
-6,76,104,8,-10,-3,-2,-3
-20,-43,-62,-37,-10,-11,-10,-15
-6,-54,-84,49,7,-1,-6,-11
-3,26,-68,-4,-2,-1,-5,-4
-2,-26,8,-31,12,19,15,16
9,40,95,-40,-22,-15,-9,-8
-5,-81,-127,0,10,11,8,6
-22,74,58,9,-11,-13,-22,-18
4,-99,-110,2,1,1,7,1
-6,-25,-103,-11,8,8,8,6
4,-22,67,-14,-10,-10,-5,-7
11,-62,47,18,19,15,8,19
-10,15,-24,27,-12,-10,-9,-13
12,-46,4,21,9,6,7,7
-17,88,115,-22,-18,-17,-16,-22
-35,-90,-89,6,-8,-9,-7,-17
2,-49,-76,25,15,9,10,9
-12,-59,56,-7,-9,-7,-8,-10
-16,-21,-46,-59,-10,1,4,1
14,-17,16,36,9,5,1,3
9,-61,10,-13,2,0,2,4
-18,6,57,25,-9,-12,-15,-20
9,14,-79,-22,5,12,15,21
-31,58,-36,54,3,-4,-22,-18
5,-66,-24,-51,-14,-6,5,-5
20,101,23,30,9,3,-1,8
-24,-16,69,71,7,-4,0,-6
38,-29,-54,-40,-1,6,10,19
-17,61,98,-22,-21,-16,-17,-25
-8,-50,-44,8,16,12,14,13
-30,-20,-72,-33,-19,-19,-20,-28
-15,5,-14,20,-2,-5,1,-2
16,-16,68,-7,14,17,14,19
14,29,-14,-4,-9,-9,-6,-5
-5,-44,-41,-5,-2,3,-2,-4
-10,-20,32,15,4,2,-2,0
19,63,4,-41,-15,-9,-1,2
-19,22,-18,27,2,-3,-9,-10
27,-3,62,-6,9,11,11,18
-25,102,86,-38,-21,-16,-8,-22
6,20,-59,32,4,-1,-2,-1
12,5,-10,-68,-5,7,4,14
-4,36,-10,32,0,-8,-4,-12
20,8,65,-60,-2,6,8,13
-18,-47,-65,47,4,-3,-4,-5
3,-11,-58,-36,2,7,6,4
15,9,-128,-75,-17,-6,-2,-2
27,11,99,23,9,6,8,17
-42,-64,-98,11,-5,-6,-8,-17
28,84,14,-29,-30,-24,-20,-17
-17,-64,-73,30,13,8,8,7
2,-13,19,32,2,-5,-7,-10
1,52,-6,-38,-4,0,-3,1
-6,-29,-27,-29,-14,-10,-4,-6
3,99,107,39,8,4,-3,6
20,-45,37,-37,-14,-11,-3,-4
-24,-6,75,-12,-3,-3,-1,-2
-2,17,27,61,24,16,13,17
32,61,125,-56,-2,4,5,10
6,-6,-128,-45,-16,-4,0,-3
-6,20,-70,19,14,6,-1,4
19,-74,44,-1,6,5,11,14
-7,-3,-43,-5,-2,-2,0,-8
-4,-26,-10,29,8,3,-3,2
2,-47,50,-25,-5,1,1,-4
-8,-33,-86,6,1,1,-2,1
10,72,91,67,-2,-10,-15,-9
3,-70,-116,-56,1,8,12,7
-12,4,-75,27,5,0,-1,0
-6,9,14,23,-2,-7,-8,-11
-7,12,76,40,6,0,1,-6
11,-12,-88,18,9,8,7,12
-2,89,15,-3,-17,-16,-21,-17
-1,28,34,-11,-1,0,1,-4
-19,-13,36,-3,-7,-3,-6,-2
-34,12,44,32,3,-2,-5,-14
22,-54,74,44,22,16,14,16
-12,43,-60,-110,-30,-15,-10,-16
-29,55,-28,19,-13,-15,-21,-20
2,-22,-108,-3,2,3,4,2
23,0,-56,-25,9,15,12,17
-12,-67,-38,33,-2,-11,-8,-15
4,-30,-57,-32,3,11,13,14
16,57,26,-35,4,9,4,11
-10,-26,-90,69,-4,-9,-10,-11
6,-56,-119,-28,-8,-4,0,1
16,40,-78,-40,-6,-4,-1,3
13,-6,-5,58,12,2,-1,3
5,6,93,-53,-19,-13,-11,-5
-19,2,-2,7,4,5,2,3
45,15,86,-48,-8,-5,1,5
-25,43,-59,-34,-10,-10,-6,-8
-21,14,-4,-4,-7,-4,1,-8
11,14,54,25,2,1,-2,1
-6,-87,-47,-65,-4,3,6,6
5,16,-37,9,-6,-7,-4,-5
13,59,-36,16,0,-4,-2,-3
-11,-58,-11,29,4,1,1,-5
16,-74,-91,-6,0,-2,-2,3
-9,-16,80,-9,-8,-5,-6,-9
-8,-68,15,37,6,3,0,-3
3,46,42,5,-2,-1,1,0
-1,-1,-42,62,12,3,1,2
16,19,53,-40,-8,-5,-3,0
24,54,108,6,7,3,4,8
-22,-59,-71,-11,10,11,8,7
-10,-57,82,38,4,0,1,-3
-8,48,17,-31,-17,-14,-12,-12
9,-50,15,29,9,7,6,11
5,51,36,-31,-15,-10,-9,-8
-9,-31,-37,-52,4,9,7,8
-23,-72,-28,34,-9,-8,-6,-12
7,-43,-42,-6,4,3,3,4
0,-15,45,11,1,1,1,4
-5,44,21,31,2,-3,-4,-7
-17,-22,-7,-14,11,8,6,7
3,-39,-8,-41,-16,-10,-7,-5
-8,15,89,-23,-1,1,1,-1
2,-21,-85,6,-8,-4,-5,-9
-3,-3,101,63,9,5,1,4
15,18,-54,-44,0,3,0,6
-10,-44,-62,-11,-6,-8,-3,-11
4,44,-32,38,2,0,-1,0
11,-65,-89,33,14,11,6,10
-18,-22,-48,4,-3,-2,-2,-6
2,59,39,-21,-7,-3,-6,-2
-2,3,-3,30,4,-2,-2,-2
-7,0,-60,13,-3,-3,-1,-4
-4,1,-11,12,-1,-8,-7,-10
-7,-58,-104,29,25,21,13,16
-26,-18,-21,41,-9,-11,-7,-13
15,-25,-82,9,13,8,9,10
2,45,2,-8,2,5,2,4
4,45,-24,66,12,5,4,9
8,5,-55,-21,-11,-9,-2,-6
15,17,65,-15,1,1,2,5
-4,50,45,18,0,-3,-3,-5
9,-32,-38,-5,3,2,5,4
-12,-50,42,-39,-6,-4,-2,-4
16,31,35,27,-3,-9,-7,-8
-7,32,87,-27,-8,-3,0,-3
3,-39,-49,16,-2,-4,-6,-5
-15,67,116,-17,6,7,2,5
24,3,-31,-41,-7,-2,4,6
-5,-26,-2,11,6,4,4,2
5,23,2,-49,-10,-4,-2,-3
9,5,-78,67,12,2,-2,0
25,-83,-11,9,9,11,10,18
-27,-10,-63,-99,-27,-17,-9,-11
10,-18,-60,-14,-1,2,1,6
16,-67,-82,-36,2,5,10,8
-11,87,119,11,-9,-6,-11,-11
-10,-76,-67,14,-2,-2,-1,-9
1,20,52,15,-2,-5,-6,-6
5,-22,1,-3,4,7,3,7
-21,39,2,13,-9,-12,-15,-24
-6,-49,-47,0,-9,-6,-5,-13
-21,34,99,34,-11,-11,-10,0
-1,23,28,-30,-3,-4,7,5
-9,-55,-22,-24,0,5,-1,-27
1,53,71,91,17,8,4,0
-11,80,-25,-18,-14,-10,-15,-5
-2,-32,-79,-37,-10,-3,-7,3
-10,11,-3,-29,-6,-4,4,9
12,4,9,25,21,12,10,11
-18,-36,82,-44,-29,-21,-13,-26
-7,-20,23,-14,-3,-1,1,-5
8,13,-107,33,6,4,4,8
-17,1,-6,-20,-1,0,-3,1
11,-26,-21,51,14,12,12,14
1,-60,-72,-30,-14,-14,-10,-17
8,-42,28,10,12,9,10,16
15,23,103,-46,-28,-17,-14,-5
11,-36,-59,41,22,14,11,9
4,22,-44,-52,-9,-2,-2,-4
-16,5,21,-12,-1,1,2,8
7,9,-26,-30,-2,0,3,5
9,2,-36,-11,7,8,2,1
2,86,52,42,0,-4,-2,-2
13,21,-7,-45,-4,0,1,5
-4,15,-26,30,7,4,1,0
8,24,80,-8,-7,-12,-7,-15
-10,-40,-36,43,12,11,6,7
-25,-10,-85,-20,-7,-8,-10,-13
-23,-68,-40,-32,-4,-3,2,-5
-6,22,60,-44,-15,-6,-1,-2
4,-61,71,8,7,5,1,4
-15,-1,15,-27,-6,-1,1,1
17,6,82,24,13,4,4,5
-35,24,-84,-7,-7,-8,-13,-20
1,19,-9,-37,-4,1,4,5
-14,-49,-87,35,3,2,-3,-5
4,23,-19,27,2,-5,-6,-3
10,7,38,-19,-1,-6,-7,-7
12,50,91,91,23,11,1,6
2,21,53,-21,-8,-5,-2,0
13,-8,-18,8,-4,-1,1,5
14,-2,-1,-40,-1,2,1,6
-6,8,73,65,-2,-5,-7,-9
25,35,-11,13,2,-2,-1,3
-9,5,95,33,1,0,1,-3
20,39,30,39,10,8,7,14
-11,-25,49,-69,-15,-9,-5,-7
12,-43,49,37,9,4,5,10
-24,76,-128,-6,0,2,-1,0
11,-8,1,-23,-7,-2,5,0
4,-43,44,46,15,13,8,13
-7,16,70,-16,-13,-11,-8,-9
26,4,-26,43,4,0,-2,6
-9,-52,-45,33,5,-2,2,-2
8,85,48,-21,-4,0,0,2
1,-51,-39,0,-1,-1,-1,0
0,-27,-61,-58,-19,-11,-5,-8
-5,-28,-57,-13,4,1,2,3
18,71,33,-4,-4,-9,-6,-5
1,-14,7,21,4,1,3,3
10,45,127,-20,-12,-9,-9,-5
-19,-22,-101,-54,-10,-5,-3,-7
-2,-58,-128,37,13,4,5,6
-22,0,34,-26,-11,-8,-7,-14
-11,-39,-81,-41,-15,-7,-3,-7
1,-24,23,21,9,8,4,5
7,48,-47,11,-6,-6,-7,-9
-8,21,-28,7,8,7,3,6
2,26,87,-26,-2,0,4,1
-18,14,21,-22,-10,-11,-11,-16
-17,-42,-59,-34,-6,-3,-1,-11
-17,49,37,11,-5,-7,-6,-8
-1,21,19,40,12,7,1,0
-2,22,60,6,-5,-1,-1,3
-6,-55,-66,-52,-17,-14,-13,-14
-4,15,8,9,-9,-10,-7,-10
-5,-52,-9,24,16,9,6,6
2,-12,-82,51,4,0,-3,1
15,20,-9,-50,-8,-1,0,-2
-18,8,-42,18,5,1,-2,4
-2,-18,-81,-21,-7,-4,-4,-4
13,65,65,9,3,1,1,3
-26,21,45,50,1,-2,-5,-14
18,-27,-11,-23,-3,0,1,13
-2,0,23,-20,6,5,4,5
-13,36,84,-37,-6,-1,-6,3
7,52,-24,-2,-8,-12,-7,-8
-5,-2,37,4,6,6,5,1
2,-22,-15,-10,0,4,5,8
4,-58,11,50,9,2,2,-2
-2,-55,4,24,16,15,9,21
-5,70,45,38,-6,-16,-18,-21
-5,24,86,-1,-12,-5,0,-10
0,-21,101,47,17,10,5,4
-6,-52,-19,-23,-5,0,-2,1
26,-12,-2,-33,-10,-5,0,0
10,-36,-56,-9,15,13,10,16
-17,87,-70,11,-13,-14,-12,-20
13,39,91,-23,-2,3,6,9
-19,-34,-10,37,15,12,8,3
6,67,68,-67,-26,-16,-14,-11
6,-31,24,19,6,7,8,10
-4,50,-48,-2,5,0,-2,1
9,-14,-18,6,-2,2,3,3
2,-18,-28,61,8,0,1,0
5,-26,21,-13,3,5,3,8
0,27,75,20,-8,-11,-11,-13
-26,-5,-8,-30,-6,-2,-5,-11
-22,20,40,-1,-10,-11,-11,-17
-2,-51,-70,-21,-2,3,3,-1
-6,-40,-76,10,-3,-1,3,-2
18,-48,-11,9,5,4,2,5
21,-7,-58,-34,-2,2,-1,6
-1,-8,-110,-52,-15,-9,-2,-2
-4,-57,-4,-10,-4,3,4,4
-20,29,-46,-9,2,-2,-2,-2
4,-53,20,-27,-11,-6,-3,-10
19,18,-17,-4,-2,-2,2,3
-15,30,-97,-12,-6,-7,-6,-3
28,12,40,-96,-15,-1,4,11
-9,43,28,51,10,4,-1,-1
-3,0,-37,-91,-24,-16,-10,-14
23,-86,102,10,23,18,14,21
-30,35,-53,24,-9,-14,-12,-20
0,-58,-32,2,9,8,9,11
-18,-2,65,53,13,8,0,-5
-1,-13,-73,-19,-1,2,9,38
17,22,71,31,4,2,-9,-47
-6,-2,-10,-4,2,3,3,14
4,40,-15,-16,-7,-6,-6,-1
-18,25,125,-26,-17,-13,-9,-33
2,-39,35,26,18,9,8,18
-27,6,23,0,-19,-14,-15,-21
5,-104,62,55,14,6,5,-5
-13,6,-128,-55,-16,-10,-9,-18
-9,-7,33,-28,-11,-6,1,6
-6,17,-20,-20,0,0,-2,-9
12,26,-48,-17,-17,-12,-10,4
4,4,75,37,5,-1,-4,-4
14,-9,-63,-5,4,6,4,12
12,-20,45,-35,-3,0,3,10
0,56,13,39,9,4,1,-3
-8,33,8,3,-6,-6,-7,-10
25,-24,-98,-34,-2,4,6,11
11,41,55,21,2,2,3,7
-9,-41,-9,-20,-1,-2,0,-2
-9,-10,16,-10,-2,-1,-4,-5
4,66,55,31,0,-3,-2,2
17,-29,19,24,13,8,4,7
-8,-4,-29,24,4,2,5,5
-8,64,32,-14,-7,-7,-7,-6
2,-13,-19,25,5,-2,2,3
-6,-16,-41,8,4,1,1,-2
8,45,85,-12,-4,2,-6,-1
-12,-15,-71,4,-4,0,-1,-1
-5,-90,-73,-14,4,5,3,7
-5,-32,-66,100,8,-2,-4,-7
-9,-90,-62,-21,6,9,6,10
-4,22,-36,-48,-12,-6,-6,-10
-4,-45,-26,-10,-1,2,1,0
-20,10,-19,-32,-5,-9,-7,-12
-1,6,70,13,-3,-8,-2,-4
12,-16,90,32,8,2,-1,2
-9,-23,-8,-15,-8,-4,-1,-4
20,73,19,17,6,3,0,8
-2,14,22,13,-1,-4,-7,-8
7,-35,-28,34,10,4,7,5
-3,-8,22,20,4,0,2,6
24,47,-13,-23,-5,-1,0,3
-30,-23,34,60,3,-7,-7,-15
-5,10,-63,-57,-18,-13,-10,-12
4,-12,16,7,2,1,-1,-1
-4,-18,-21,-17,-4,-1,0,2
9,-37,-40,92,27,13,8,10
5,-19,82,-1,3,5,3,5
26,52,-31,-9,-3,-2,0,6
-24,-15,21,-52,-15,-11,-6,-14
2,16,33,-21,-5,0,1,4
5,-5,20,43,11,8,5,6
2,18,20,-71,-2,6,2,7
0,-18,43,42,-1,-4,-1,0
12,-75,-91,-51,-9,-2,2,0
5,26,-32,7,-1,-1,-1,0
-30,-14,95,17,5,1,1,-8
-5,-28,-82,-11,-1,3,-1,2
4,23,3,-17,-19,-15,-13,-12
5,30,76,17,-6,-4,-1,-2
-20,44,-22,27,1,-4,-6,-10
-4,51,5,-29,-10,-6,-6,-4
11,54,-22,-108,-25,-17,-13,-11
-8,-54,-46,50,12,4,7,2
1,70,-20,1,4,3,-4,5
22,-74,-65,-42,-9,-4,4,-1
-14,-32,9,22,7,3,4,3
-21,16,39,-5,-4,-8,-14,-12
33,-8,-43,-18,-8,-4,2,7
1,25,35,-16,5,6,2,9
0,34,-46,-70,-12,1,1,-1
11,-22,-45,7,5,1,3,3
-5,-66,-45,-5,-2,0,-3,-1
-1,-4,30,94,17,7,1,5
19,36,-33,-52,-7,-1,6,4
3,-21,62,-26,-3,3,6,6
7,42,69,24,1,-3,-4,-3
-29,-44,-60,20,-14,-12,-9,-21
-19,-33,-40,21,10,4,-2,-2
4,-66,-85,-26,-8,-5,-3,-9
-2,-39,-25,54,5,3,5,5
-15,11,8,-21,-5,-6,-9,-10
-13,-94,-58,35,-5,-4,-2,-5
6,-28,37,-24,-2,-2,-2,2
-6,-90,-49,8,6,4,4,1
18,60,36,-21,-6,-4,-1,-1
-8,13,65,92,19,10,5,7
3,17,33,-8,0,-2,-4,1
7,15,32,-32,-15,-5,-5,-5
-7,-46,-21,50,16,10,6,7
-9,-14,58,-22,-7,-5,-2,-4
1,16,-42,-1,1,0,-1,-5
-10,-61,-39,-44,-17,-12,-11,-14
1,-41,-65,-34,-9,-2,-1,3
16,39,-12,-6,-3,-1,-1,2
0,-18,-32,35,8,4,3,7
-17,31,-3,-65,-15,-6,-2,-9
2,15,17,71,10,4,1,2
17,-64,-75,10,8,12,8,15
0,87,-105,-44,-19,-14,-9,-14
14,41,3,30,8,5,8,7
-9,-1,94,-15,-4,-4,-2,-3
-11,-15,67,9,-3,-2,-2,-1
15,16,102,64,21,17,12,20
4,38,16,36,2,-8,-7,-5
-5,47,8,-21,0,0,2,0
2,14,87,-9,1,0,-3,1
17,-12,55,-59,-12,-3,-3,4
-9,-22,-49,-8,-6,-5,-4,-6
-5,-33,-53,9,-1,-1,-3,-2
8,-14,-43,-7,-4,-5,-2,-3
-33,-43,-90,-10,0,-1,-5,-11
-8,58,13,-19,-6,-8,-5,-7
8,6,51,-3,4,4,3,4
2,-32,-82,7,13,11,9,8
-12,-9,37,-19,-10,-6,-3,-5
-6,-52,-66,12,-1,2,0,-2
1,-32,-39,-26,-7,-5,-3,-5
-15,71,-87,-24,-5,-4,-8,-5
17,-18,56,23,13,11,12,12
7,-21,-58,-62,-18,-13,-7,-5
12,18,74,-8,-2,1,3,5
-4,52,0,-9,2,3,0,4
22,66,86,34,0,-3,-4,0
-30,-30,32,23,4,2,-1,-6
6,16,-15,-15,-3,-1,-2,4
-19,-4,6,-12,-10,-9,-4,-13
-9,-57,17,-8,8,6,3,5
6,2,-5,-6,-9,-13,-6,-7
-3,-1,-35,-1,0,2,-2,-1
-4,-66,65,23,4,1,-1,-2
-22,-52,-118,-27,-4,1,4,0
1,66,90,38,6,-3,-4,-1
-2,-19,-68,-1,-6,-7,-5,-9
1,-35,-40,-7,-6,-3,1,-1
14,14,32,-20,2,7,2,9
11,23,-21,-4,3,2,4,4
-7,-54,76,-15,-5,-5,2,-6
-2,1,4,17,12,8,6,5
16,1,-83,16,-1,-8,-4,-6
-1,-64,-55,2,6,7,4,4
-7,21,22,-2,2,-4,-5,-4
1,37,54,-39,-10,-2,-2,-3
4,13,48,-18,-15,-7,-5,-5
-11,-13,59,11,0,-1,-4,-6
-9,-19,70,11,-1,-2,-3,-4
-8,-18,-13,-16,-13,-10,-5,-9
-19,1,-88,-41,-4,-1,-1,-6
2,-53,9,-26,-9,-1,0,-1
23,-6,-6,39,12,14,11,17
9,79,84,-30,-17,-13,-17,-12
-36,-40,-90,42,5,-3,-4,-10
-5,-37,-58,-45,-15,-7,-6,-9
4,30,15,36,4,-3,-3,-4
1,-54,-105,3,11,8,5,8
-21,-26,-24,-60,-31,-21,-10,-23
7,32,110,37,9,3,3,5
-21,-2,-128,-62,-10,-2,-3,-6
23,14,-5,30,6,2,0,8
2,6,8,70,13,4,-2,6
19,69,35,14,0,1,-3,-1
-7,-3,-74,-46,-3,3,4,2
0,-35,-81,-16,-6,0,1,1
-2,27,55,5,4,1,-2,-3
8,-37,10,16,9,10,9,8
-21,-76,-119,-10,-14,-11,-8,-13
-14,72,127,59,9,-1,-1,-6
18,7,95,-5,-3,-1,-3,4
-14,66,79,50,3,-4,-5,-6
15,77,106,-40,-16,-8,-5,-7
-24,45,5,-5,2,0,-2,-4
8,3,-113,-13,-1,1,4,4
-3,-17,21,31,4,0,-1,3
-12,4,-25,2,-13,-11,-10,-16
18,13,-58,3,7,9,7,12
-7,-10,63,-29,-10,-4,-3,-5
-14,-26,32,-39,-7,-4,-2,-3
31,7,-7,-3,9,8,5,11
3,-23,50,-46,-15,-7,-1,-3
-9,-9,22,-5,1,1,-1,-2
-2,10,-61,-23,-5,-3,0,0
-11,-47,-61,17,4,-1,0,-5
26,-21,1,2,-2,-2,2,6
-8,-33,61,59,15,10,6,8
-4,-47,-33,-48,-3,3,4,2
5,25,62,40,15,4,0,7
-14,15,11,19,-6,-7,-3,-11
2,-35,15,-8,3,2,1,4
-24,-1,-26,25,7,5,4,-4
-4,-21,0,-57,-11,-3,-1,-1
4,22,22,-2,0,-3,-7,-5
31,13,6,-6,-2,0,3,8
-2,3,36,22,10,3,2,-3
-9,-16,-47,-2,-3,-3,0,-2
-29,-16,-24,-2,-1,-2,-4,-9
11,54,11,-22,-3,-1,-2,0
8,14,88,-3,-9,-10,-8,-8
-18,-4,18,39,11,4,4,1
-4,-55,-20,2,0,1,0,1
-12,-7,-66,-3,-5,-5,-3,-4
-19,-35,-128,-35,-17,-8,-7,-12
-2,27,93,-28,-11,-8,-4,-6
5,-13,8,17,6,0,-1,0
-4,33,-22,13,-3,-1,0,-2
10,61,13,1,9,4,0,7
22,-23,54,-18,-4,1,1,7
0,25,-72,-19,-16,-7,-8,-10
-23,2,39,-11,-5,-3,-1,-6
9,-65,-121,9,9,7,3,9
-18,13,-50,12,1,-5,-2,-8
15,9,-14,-13,4,4,5,7
2,-5,36,0,-8,-7,-3,-6
-8,51,18,23,-3,-2,-3,-3
-6,8,63,-5,1,2,2,0
-5,-15,-73,-30,-3,0,1,0
7,0,-8,13,-1,-4,-4,-5
-5,-50,-19,22,8,4,2,5
20,-29,20,-19,-13,-8,-5,-5
-12,4,-5,15,6,2,3,1
15,-55,-67,4,13,10,8,12
-19,49,124,-35,-22,-9,-8,-9
-3,-20,6,57,15,10,6,7
24,45,-17,-2,-5,-8,-8,-5
-2,34,-51,-5,-8,-4,0,-1
4,7,-60,-21,-1,-6,-8,-9
2,8,-20,7,2,1,5,2
10,-26,12,25,12,7,9,14
-24,-66,-66,-2,4,1,-3,-5
8,25,16,-20,-20,-17,-8,-12
11,23,20,12,6,6,3,8
-31,-29,-66,60,13,6,-1,-3
7,9,3,-7,-12,-12,-7,-13
4,-19,-42,38,17,12,9,14
3,-51,-103,-49,-18,-10,-4,-6
1,43,-35,-2,-6,-5,-6,-6
4,73,40,9,9,5,1,5
4,19,-21,10,-1,-4,-5,-5
5,20,-46,21,7,5,2,4
-4,-14,8,-45,-5,0,2,3
12,-15,66,29,4,2,2,1
1,1,57,19,0,-4,-4,2
0,27,-38,-11,7,6,7,7
7,6,127,6,1,2,1,4
-11,32,45,-11,-7,-9,-10,-11
1,1,-9,-11,5,6,7,8
-7,-14,1,-20,-3,-3,-5,-5
2,16,15,-13,-7,-3,-2,-3
-6,4,2,-4,-1,0,1,1
1,-75,-115,-31,-8,-1,-1,-4
-11,98,39,-21,-21,-18,-16,-17
24,-45,-65,38,10,6,4,10
-23,-32,-16,-1,1,1,1,0
1,21,77,-28,-15,-9,-8,-8
-12,-54,-101,-11,-6,-7,-8,-10
-11,-13,24,16,-1,-3,-2,-6
-3,-85,-30,7,7,7,2,7
0,50,97,20,4,-2,-1,-4
-14,-50,-39,-30,-2,-1,1,3
21,45,-14,-5,-7,-1,-2,-2
-2,-28,27,10,5,3,0,2
0,-17,-75,-20,-6,-4,-2,-5
8,-29,10,37,7,2,1,4
-11,-13,34,-37,-11,-6,0,-7
4,-14,-112,39,6,5,-1,3
-17,17,62,-1,-2,-5,-5,-10
-9,66,77,13,-4,-7,-5,-9
0,-37,-66,-8,-1,-2,0,0
-6,9,-39,-42,-14,-9,-8,-10
21,0,58,29,3,2,7,12
-17,-23,50,4,-5,-4,-6,-11
2,18,20,-33,-3,1,3,1
-21,35,-106,29,-14,-18,-14,-17
14,6,20,-51,-3,3,4,6
-12,-41,-37,24,12,6,3,4
-41,-89,-64,-55,-28,-19,-16,-29
25,39,87,12,3,1,6,7
-8,-19,-2,13,4,4,3,3
-10,20,15,-14,-11,-3,-5,-8
-6,-22,47,27,10,5,4,16
3,28,71,-27,-7,-8,-1,3
3,17,-52,22,5,2,-9,-16
-3,7,-46,0,-4,-3,-8,-6
-4,41,3,24,5,0,4,2
16,6,49,-23,-4,5,6,0
-14,-5,-100,54,9,-1,-9,3
15,-10,-35,-10,-2,1,12,19
4,12,19,-1,-3,-3,-9,0
7,-20,-38,-5,6,4,1,5
-20,-3,35,7,17,15,12,8
6,-38,-54,-47,-17,-6,-2,-9
-4,-26,23,23,7,-1,0,-7
3,11,-10,29,16,9,6,13
8,-43,-54,-25,-6,-5,2,-1
6,-38,-45,6,4,1,-3,2
2,19,56,-15,-2,0,2,1
-9,-24,-43,11,-4,-1,-5,-8
8,64,5,-19,-17,-11,-8,-9
15,22,49,18,7,6,5,9
24,35,-1,-24,-1,4,2,5
-5,23,-35,1,0,-1,-2,-6
-6,-17,19,10,-4,-1,2,1
-10,74,70,32,8,0,1,-3
2,-16,-43,-6,-1,-3,-2,0
1,-34,-56,-61,-27,-17,-16,-15
-2,-55,-90,-24,-3,-1,5,-2
5,-22,-47,20,16,11,5,23
4,12,15,31,2,-3,0,-7
-2,48,48,2,4,3,8,5
8,16,23,25,6,1,-1,2
-6,-30,66,10,1,0,0,-5
-8,38,32,-17,-8,-2,-5,-4
0,12,90,-16,-7,-2,-6,-6
-12,-24,56,11,5,-1,-2,-3
6,-28,-55,-4,0,-2,0,-3
-4,-6,-48,-13,-3,-1,-3,0
-21,-29,-46,-15,1,3,-1,-9
1,-22,0,-4,-5,-1,-1,5
-9,87,-24,-8,-13,-11,-10,-16
11,-52,-56,9,3,1,3,5
-17,-8,-13,-4,2,2,3,-1
3,-21,-101,-10,-3,-1,1,1
-7,-62,-36,5,7,6,0,-1
0,-7,-2,-11,-3,-3,0,-1
9,-20,-1,-7,-3,-1,3,7
-2,-30,-2,9,3,-6,-5,-5
-1,32,111,-15,-8,-7,-5,-7
-3,-41,-38,-5,5,4,2,1
-15,47,79,25,1,-4,-4,2
-3,-32,-32,1,2,3,4,2
14,-15,-23,-24,-2,1,4,5
0,7,28,21,-2,-2,-2,-2
5,-6,-57,17,10,3,2,4
1,7,-22,20,3,0,-1,1
-14,-43,72,-5,-10,-9,-6,-14
4,29,15,0,0,0,0,2
-1,23,-37,-33,-4,1,-1,-3
-13,-46,-8,-3,-3,-2,-2,-8
5,-53,-48,21,5,2,1,6
7,64,17,6,-6,-9,-5,-9
-2,54,82,-24,-4,-2,2,-1
7,0,66,-12,9,10,6,10
-14,76,63,5,-7,-9,-6,-12
-6,-18,-30,40,16,13,6,5
14,-25,-76,-40,-8,-5,-2,-2
0,2,3,5,-2,-5,-2,0
1,37,-37,9,3,2,-2,0
0,-29,2,-16,-6,-3,-2,3
-22,-54,-37,-15,-6,-4,-3,-13
-10,31,-38,-10,-1,0,-3,1
-7,-25,49,0,7,3,3,-1
15,-6,-60,-32,1,3,5,11
-3,-46,-66,51,2,-4,-4,-7
2,11,-1,5,-6,-6,-4,1
5,24,78,18,10,12,9,14
-12,-44,-32,-38,-11,-6,-5,-14
-2,39,87,20,3,2,-1,15
5,-52,67,15,6,7,6,5
-7,-6,-78,-8,-12,-11,-11,-15
-19,-11,-19,6,1,-4,2,0
4,-24,-60,0,4,6,4,2
6,44,119,27,-5,-10,-11,-7
1,-58,-94,-21,6,10,12,14
-28,31,110,-30,-19,-14,-12,-19
15,-33,6,17,1,-4,-10,-1
5,48,13,5,4,3,4,1
4,24,91,-19,-10,-7,-5,-2
-2,9,-50,17,8,3,1,-3
2,7,-24,-24,-4,-2,1,-2
0,-3,-58,-33,-10,-2,-4,-7
9,32,30,48,12,7,5,6
-9,-28,-66,-23,-10,-7,-5,-6
13,20,73,2,-6,-3,-2,0
-4,-12,-58,-35,-4,-2,-3,-3
11,-38,-79,21,9,7,3,10
-12,51,-11,-41,-25,-16,-15,-22
16,-14,-72,-2,2,1,3,2
-17,-54,-68,-39,-12,-4,2,-5
8,-12,56,6,8,8,5,12
19,45,127,30,10,4,0,9
9,49,-26,13,1,-1,0,2
1,24,13,4,-6,-8,-6,-5
-8,41,67,-9,-6,-5,-6,-5
-4,19,34,21,2,0,-1,2
-6,54,127,9,3,1,-3,-1
15,-2,-52,4,4,1,0,6
-8,1,-36,-3,-10,-12,-7,-10
9,48,-28,9,2,2,1,3
12,-53,-77,25,12,9,7,11
-40,3,54,23,0,-4,-7,-10
-13,-31,-79,-39,-13,-6,-3,-18
13,-34,-3,-17,-5,1,3,6
7,-59,2,30,13,6,4,1
-19,49,-49,-52,-12,-7,-3,-5
6,-9,45,-17,-12,-7,-7,-6
-16,-21,71,-19,-6,-6,0,-5
-6,-38,-54,-3,3,5,4,-4
4,-38,5,2,-3,-1,-2,-2
-1,-1,-127,-32,-3,0,-3,2
7,-27,-45,13,8,1,-2,3
-11,-1,-18,-60,-17,-12,-6,-8
2,9,4,-5,0,2,1,4
-1,0,-65,11,4,2,0,3
-1,-51,-100,25,11,7,4,10
-11,4,127,55,1,-5,-7,-8
28,49,-75,-42,-9,-2,2,3
19,51,97,16,14,8,9,12
-15,30,-36,0,-4,-5,-7,-8
-15,21,88,25,-1,-5,-5,-6
14,-11,-64,17,3,5,4,3
-8,-34,-33,-19,-8,-4,-3,-3
-4,-15,-22,5,4,5,7,3
-3,-4,-69,-28,-2,-4,-16,1
-17,11,-20,59,5,-3,-2,-7
-9,-43,43,1,0,-1,0,-3
8,-6,-20,34,13,4,4,6
-7,-6,-46,-41,-12,-9,-3,-12
1,-39,101,18,6,6,2,8
-7,39,-74,5,-3,-5,-7,-6
11,-32,6,-10,-2,0,3,4
-41,-63,-54,9,-11,-10,-5,-18
6,28,-40,-58,-13,-3,-4,-6
11,-14,56,37,13,11,7,11
-7,3,-4,-37,-14,-10,-3,-11
17,63,57,14,8,5,8,11
0,-15,83,-5,5,4,2,6
-13,-12,0,-14,-14,-13,-12,-14
-18,19,44,14,7,3,-1,-4
10,-46,-83,-16,3,8,4,13
-18,70,95,7,-6,-9,-6,-15
13,60,-46,4,10,10,9,11
7,13,66,6,-8,-9,-8,-8
17,5,-43,-6,-3,0,0,4
-10,-56,-60,0,6,2,0,0
-8,9,23,-13,-6,-4,-7,-6
22,19,-113,-12,-7,-4,-5,-3
-20,84,127,17,0,1,2,-6
22,-33,-63,-1,1,2,1,9
-2,-26,-46,-14,-4,-4,0,-8
-10,32,102,-2,-9,-7,-8,-7
15,6,-6,5,1,-2,-6,-2
-8,12,51,9,-2,-4,0,-1
6,-28,13,4,-2,0,1,3
-1,-19,32,46,10,7,4,6
-9,-21,-76,8,4,-1,3,-1
5,34,6,22,-2,-4,-4,-4
3,-37,43,13,-5,-5,-6,-5
-12,27,91,2,-5,-5,-2,-4
-2,-70,-13,28,9,8,8,10
-13,-12,-44,-9,-4,-7,-8,-13
16,79,8,-12,-2,-1,1,3
-4,-16,0,13,4,7,1,4
9,-8,46,-22,-4,0,2,0
-9,-29,18,31,11,6,3,3
5,8,-12,-16,0,-8,-5,-4
-23,-14,-34,-17,-8,-6,-8,-11
9,55,28,13,0,-3,-3,1
-10,-8,-17,15,0,3,1,-1
8,16,53,-17,-2,2,4,6
5,-40,-85,-16,0,-1,-3,-3
10,21,-52,-1,-3,-1,-1,2
19,-13,70,47,16,5,4,8
-4,8,-41,37,-5,-11,-9,-12
26,16,-21,-21,4,8,10,20
-17,-5,-21,-24,-10,-3,-4,-13
4,-4,-26,-25,-7,-5,-3,-2
5,-60,-123,-2,-2,-3,-2,-4
-5,-34,-82,12,13,8,8,6
-7,-12,83,0,-13,-10,-8,-9
0,-17,-54,-4,0,1,3,1
-7,22,90,-49,-13,-5,-3,-2
9,-65,-45,-7,0,2,0,3
1,-6,-71,-14,-4,-4,1,-4
27,-16,12,-13,0,6,3,14
2,49,-40,4,-1,-3,-4,-1
8,2,41,10,1,-3,-1,-2
-2,17,110,12,6,0,-2,2
11,49,7,-20,-11,-6,-5,-1
-23,-19,34,-21,-10,-6,-3,-12
11,17,-7,12,1,-1,-3,-2
13,35,-33,-13,10,12,5,11
-29,-23,62,-24,-17,-13,-8,-17
-19,-32,-41,29,8,8,2,4
1,46,52,-24,-4,-4,-4,-3
1,-13,1,1,-7,-14,-7,-9
6,16,-84,-14,1,1,2,3
-7,37,55,-11,-1,7,7,8
-24,3,60,31,3,-2,-3,-9
-15,-24,-55,-12,0,1,4,-1
-6,-27,30,26,6,-1,0,-3
-9,26,-2,20,-3,-2,-4,-1
-5,-25,-62,-19,-3,-3,0,-2
-2,-9,-115,-12,-9,-5,-5,-3
-6,-22,19,-25,2,7,4,4
3,-119,-128,-66,-19,-10,-3,-4
-4,-58,-69,5,2,-1,1,-2
-7,-23,-40,7,4,4,3,3
9,0,-42,-42,-6,4,0,-1
8,22,56,2,-1,-4,-2,-2
9,4,-46,-11,-2,2,1,3
-24,-42,11,-7,-1,2,3,0
-1,50,41,24,0,-5,-5,-4
-11,-42,16,72,26,14,6,6
-17,49,-20,-44,-27,-21,-19,-27
20,-1,65,5,6,8,8,9
-7,18,98,-8,-15,-12,-7,-10
5,-8,36,9,17,7,1,5
17,13,-15,-6,-4,-5,-1,3
24,7,12,-20,-3,3,5,10
-44,-17,-91,-32,-10,-6,-6,-17
1,-29,58,1,-1,-1,2,0
-17,-3,45,35,1,-1,-1,-4
0,51,115,-37,-7,-4,-6,-5
10,-71,-47,28,3,-2,-5,-1
-5,24,-52,-35,-3,5,6,4
-14,50,14,18,2,5,-1,1
-6,-17,24,44,10,-3,-3,-2
18,-51,39,-13,4,4,10,10
-16,-58,-75,-4,0,-1,-2,-5
-9,12,-30,-51,-9,-5,-5,-3
16,20,45,-5,-8,-5,-1,-2
-7,9,-21,-13,3,5,4,4
8,28,-22,70,6,-7,-6,-7
6,-17,59,-5,9,10,8,12
-6,46,2,-4,-5,-5,-7,-12
-16,2,4,-14,-7,-9,-7,-11
-8,43,53,2,-3,-5,-3,-5
1,-70,2,5,3,3,3,3
-8,-1,-78,-12,-3,-3,-3,-4
-30,-2,-8,38,5,-1,-3,-8
17,-1,-20,-11,2,2,-1,-1
6,27,56,-15,1,2,1,5
-12,13,-16,14,1,1,1,-2
27,-47,-81,-23,-3,0,3,9
-5,-10,9,7,-11,-9,-6,-7
-3,-1,-44,22,4,2,1,2
6,-5,81,17,6,4,3,10
11,118,116,51,10,6,1,5
12,45,75,-40,-21,-12,-7,-6
11,0,49,20,3,0,2,-2
-12,-98,-113,-22,0,3,0,3
1,13,109,37,5,0,-4,1
-23,-65,-93,-23,-6,-4,0,-8
7,59,-20,0,0,1,1,5
3,2,-12,8,1,-2,-2,-3
14,-24,-37,-30,-11,-7,-3,-3
-13,32,12,-13,-2,-1,-1,-1
18,-39,-68,-8,4,4,3,8
4,6,-52,19,-4,-4,-3,-6
4,26,42,31,4,-1,0,3
-17,-51,-73,-13,1,3,1,1
4,-18,14,5,-1,-6,0,-3
12,-24,-14,10,3,1,-3,2
-16,3,-23,-17,-3,1,-1,-3
-19,-55,-8,-34,0,-1,-3,-3
-3,-9,-26,8,3,0,2,-3
-9,15,82,52,7,-1,-3,-3
-1,-38,-67,-75,-26,-16,-6,-13
15,-3,22,39,14,11,6,14
-17,23,21,-13,-7,-5,-6,-6
-1,2,54,-21,2,3,1,1
-15,18,-18,41,2,-8,-11,-12
14,50,-19,-10,-1,0,2,1
6,27,-33,-4,-4,-4,-3,-3
5,-2,-126,-51,-11,-4,1,1
-14,10,99,27,14,8,4,4
17,61,64,-20,-5,0,3,7
13,28,69,41,4,-1,-5,-3
-16,-38,-35,-16,3,4,1,-2
26,1,-29,-53,-3,3,4,13
-8,-13,59,49,2,-4,-2,-7
1,-30,-82,-11,-2,1,3,9
1,13,-26,-24,-8,-4,-4,-7
8,-6,41,21,5,6,2,4
1,11,28,2,-5,-3,-6,-5
-36,-30,82,-2,-1,1,0,-3
15,-13,-26,9,-8,-7,-5,-2
2,-13,-28,21,2,-1,1,1
9,-29,-5,-6,-2,1,0,5
-1,14,-61,-10,-6,-2,0,-2
-5,55,107,3,-5,-6,-2,-6
8,53,-72,-20,-2,4,0,4
-10,-22,14,-19,-3,-1,-2,-2
-12,-2,-1,15,3,-2,-1,-4
-6,-2,108,30,10,8,2,-2
5,44,77,-14,-17,-16,-13,-12
-8,65,-80,-2,1,0,-1,-3
13,22,48,-5,1,1,-3,-1
-1,-11,43,7,10,5,4,11
-13,-64,-99,-23,-4,-3,-2,-5
-16,4,6,1,-7,-4,-7,-6
-5,-4,-23,6,2,3,2,1
-13,-23,-119,-4,-6,-8,-5,-10
9,16,55,24,14,10,2,13
32,20,52,28,6,0,5,5
-17,-57,-16,-8,-1,0,0,-2
-11,88,48,2,-18,-17,-14,-16
2,-63,-76,5,10,7,9,6
-1,-5,-28,12,7,4,-1,0
-3,2,-33,21,6,5,2,5
2,-36,-23,-15,-9,-5,-1,-5
-13,-40,-74,-14,-12,-11,-5,-11
11,32,54,34,9,3,0,7
9,-44,-128,-76,-11,-8,0,-2
4,-1,-5,-5,3,2,3,6
7,95,76,5,-2,1,-2,0
-6,-31,-44,29,10,2,1,-1
-5,-45,51,10,-3,1,0,-5
18,54,61,-1,-4,-3,2,4
33,20,21,11,5,-2,-5,6
-21,31,-84,-43,-24,-15,-11,-20
12,33,10,-27,-6,-5,-7,2
-23,-53,23,9,-3,-2,1,-7
6,-26,-23,-30,-4,1,4,4
0,17,81,-14,7,6,2,3
-7,-13,2,26,-12,-14,-12,-17
7,38,-42,-45,-11,-4,-1,-1
-20,-32,-11,-5,-2,-1,3,-2
-8,-22,22,13,6,4,1,5
16,62,48,31,3,-2,-4,0
-55,-33,18,-12,-10,-9,-9,-19
1,11,25,1,-2,-1,0,0
11,-31,-40,-11,1,2,3,2
