-6,0,-1,-8,-6,-4,-2,-5
9,2,-2,-8,-3,-1,1,3
-6,-3,1,3,0,2,1,-1
-6,-3,3,2,-1,-2,1,-6
3,6,1,-5,-3,0,-4,-4
-3,-2,-4,13,5,-1,-5,1
19,4,8,6,1,-1,2,7
-7,-4,-9,-38,-7,-1,3,-3
4,3,-3,23,4,-1,-6,0
7,-4,6,12,-5,-5,-1,9
-5,-3,-12,-31,-9,-6,-6,-18
0,-2,13,25,6,1,-21,4
16,8,-2,-6,-5,-13,8,3
-20,-20,-15,-9,-2,12,1,-21
12,6,12,18,0,-19,6,2
4,-7,-7,-11,-2,0,-14,-2
-12,-3,-8,-10,4,10,-2,4
9,5,9,-4,-2,5,17,9
-12,-4,-5,-5,3,-9,-35,-20
-5,-2,-3,1,0,5,21,-1
22,2,10,7,0,1,0,19
-7,-8,-14,-22,-4,-6,-19,-7
-9,-4,10,23,1,-8,1,4
3,0,-7,-4,-2,-6,-1,1
-9,-2,9,0,0,9,0,-20
2,2,-15,-15,-5,-15,-1,-7
2,4,2,11,0,20,13,13
-3,-12,-8,-6,-4,-6,3,2
-22,-3,-2,-2,-8,2,-8,-8
-26,-1,1,-4,5,6,1,-15
11,-7,-1,-10,-4,-9,-10,-1
-2,2,6,0,-1,-11,4,-5
7,-1,-5,3,-4,-4,-1,11
12,7,6,4,-1,-6,21,6
-11,-6,-8,-5,-3,-15,-13,-5
0,-2,1,-5,-1,6,5,5
-16,2,1,-7,3,0,1,-15
-8,-5,-4,3,-3,0,-15,-12
0,-1,-8,-13,1,11,11,0
4,-1,8,15,0,-8,7,-3
9,3,3,20,6,20,7,20
14,3,-1,-5,-7,-15,-9,12
-17,-2,6,10,2,3,8,-22
13,6,-6,-1,6,18,-7,1
7,-29,-11,-6,-2,-6,3,8
8,9,3,2,1,7,6,5
4,1,4,-6,2,-9,2,15
-27,3,8,-13,5,14,3,-26
7,-4,-11,11,-6,-30,-6,6
4,-4,-12,-27,-6,3,-16,-1
-2,6,13,14,0,8,18,9
-1,-12,-15,14,5,-9,-14,-19
-8,5,19,-19,-2,6,1,3
-2,-3,-14,12,3,-6,-1,0
-14,0,-7,-11,-3,6,-4,-12
6,-3,9,10,-1,-11,-24,0
-12,-2,-22,-22,-4,3,6,-5
3,3,31,24,4,11,8,1
-7,-2,-11,-5,-1,6,-9,5
9,5,5,7,-1,19,8,-1
-4,2,2,-18,1,-12,-9,-9
5,2,2,7,-4,-19,-6,6
1,-2,2,0,-3,10,2,-14
-7,1,-6,-19,-5,3,4,7
6,2,2,-1,1,5,4,12
-7,2,0,7,4,0,1,-4
1,3,9,-28,-1,-4,-5,2
-12,-2,18,44,-2,-32,-16,2
2,-3,-9,-10,-4,18,27,-11
14,-5,17,-24,-6,-15,-29,9
1,1,-23,-13,2,-1,0,-6
13,-11,-37,-36,-9,17,33,23
-14,6,18,55,7,-20,-24,-35
-8,-1,6,5,1,6,6,-5
18,3,-44,-39,-5,30,11,40
-4,2,36,43,7,-24,-13,-22
2,4,9,6,4,19,8,18
-3,-4,-2,-15,-11,-10,6,-6
-11,3,-2,26,0,-9,-13,-6
0,2,-3,-18,-5,2,6,-17
19,-4,-45,-5,0,-8,-19,14
-28,3,12,9,10,14,17,-7
11,-3,19,-12,-4,-1,-4,-1
0,3,-8,13,1,-17,-7,3
6,-7,2,-42,-14,2,4,2
12,7,-36,24,10,3,17,4
-32,-17,4,9,-4,-18,-23,-25
11,9,-12,7,8,21,9,15
-4,-1,-3,-20,-8,-4,39,7
3,-7,7,2,-13,-16,-23,7
8,3,5,0,6,1,-12,10
-12,-12,11,-19,-12,-28,4,-8
-29,-2,2,21,13,-3,-16,-13
-2,-4,40,-46,-7,-9,-29,1
-10,-6,-75,14,-8,-14,30,-13
-13,-31,-13,-16,-1,11,-14,-12
7,13,32,5,-2,-9,-15,8
-3,-4,-10,3,-6,-9,12,-1
25,5,-25,-5,1,2,8,23
-34,-2,4,-12,-1,11,-4,-25
12,-5,0,34,3,-22,-19,14
-37,-9,-25,-13,2,23,-4,-40
2,3,53,20,-1,2,21,37
25,0,17,24,-6,-6,-7,-17
-9,6,-5,-18,3,5,-16,-4
6,4,1,-8,3,12,-6,1
-7,-4,25,-23,-2,-9,17,-4
16,13,33,38,2,-7,-27,10
2,-10,-9,-38,-7,-2,4,4
0,2,-8,41,12,4,-18,-12
-11,-6,22,4,-5,7,23,-13
12,9,-19,-21,7,5,-21,15
-26,0,7,16,-2,-14,11,-12
33,-9,-16,13,-3,-33,7,-1
-9,1,-30,-34,-14,-15,-27,-4
15,5,22,0,-8,-4,11,21
-25,-8,-32,7,0,14,2,-10
-2,2,-14,-46,2,8,-3,-10
5,-1,35,40,3,-14,2,-12
4,-3,-22,12,5,-5,-4,11
5,6,2,-23,-4,7,2,4
-4,4,10,30,-5,-31,-5,13
4,-10,-3,15,13,22,-8,-22
7,-1,-19,-63,-16,-4,35,-2
6,6,30,29,2,2,-4,0
-9,-9,-34,12,0,27,8,1
2,2,-1,6,-2,11,-10,1
3,-1,-22,-15,-3,-6,2,13
-14,-13,-20,-27,-3,-8,0,-15
9,5,-71,-16,-12,-6,-2,10
-4,2,-4,-11,-7,5,-8,-6
-9,0,-1,7,20,11,-5,16
5,-1,-1,-1,-9,18,4,-15
2,-2,37,19,1,12,2,-3
-23,2,25,-42,5,-12,16,3
7,-5,-25,58,6,2,-30,-16
16,9,-25,-25,-4,-9,-11,-6
-7,-12,48,-25,-3,5,2,6
8,14,35,85,19,8,-27,-8
-28,-12,-56,-35,-20,-8,58,-15
22,7,45,4,-3,-7,-19,6
-4,-4,-24,16,-1,-5,0,0
8,-4,-7,-21,-1,9,-3,1
-9,8,19,-4,4,9,-9,15
-5,0,5,30,0,0,2,-7
12,0,-16,-5,-2,2,20,23
-23,-15,-10,-33,-8,-9,-21,-33
17,-1,10,4,-15,-21,-31,4
-20,-14,-72,-31,-4,11,32,2
10,-1,66,1,-1,-36,-36,-9
-14,5,-30,-8,-6,-1,11,-2
-1,4,15,-29,1,2,-20,-10
-7,-10,-12,6,3,-7,-1,-2
-1,1,-46,-22,-4,18,17,-1
20,-1,14,20,2,-18,16,20
-9,-6,-24,-9,-8,4,6,-9
4,3,57,-9,-6,-6,-12,0
-10,-11,-75,28,6,16,7,-1
2,-1,45,12,4,5,-13,6
5,-8,-43,-44,-9,4,9,-4
3,-1,22,57,16,9,7,22
-5,10,57,-31,-8,7,16,-6
10,1,-6,2,-5,-9,-26,10
-20,1,11,27,15,13,5,-26
5,6,12,-53,-13,-32,-9,2
-12,-6,-27,11,-3,3,13,0
9,7,19,-35,-5,2,5,-14
6,0,22,33,5,23,17,10
9,4,-44,28,17,5,1,5
-6,-2,23,-8,-14,-2,17,2
13,-9,-5,-29,-7,22,-3,-18
-7,15,-3,18,-9,-40,-13,-2
-22,-16,45,3,-3,15,-7,2
31,3,5,-29,4,1,-12,-10
-6,6,-50,33,6,-3,5,12
-10,1,37,-12,-9,-11,-15,-2
-2,-18,-21,45,4,17,10,-8
5,13,52,-59,-6,-4,-12,11
-10,-9,1,52,7,3,-11,-4
-22,-2,3,-2,19,31,5,-9
17,24,17,-11,-6,-15,-1,14
-9,-10,-58,-19,-4,20,32,-22
-4,1,18,26,1,-23,-20,2
6,-1,-10,-12,3,9,7,15
7,0,-1,-32,-11,6,-14,-7
-12,-6,17,-3,11,12,-16,5
-4,0,-31,33,7,3,3,-3
11,4,14,45,6,-1,17,5
-4,-12,-13,-53,-14,-13,3,-12
5,14,-6,15,4,21,-22,8
-26,-7,11,-24,-10,-53,7,16
-6,-19,-51,-18,-10,-5,-4,-28
8,4,-4,4,1,-7,-17,-8
-12,-5,-13,-27,-9,-12,9,8
5,2,32,64,8,32,6,-26
4,14,49,-29,-6,1,17,27
10,-1,-55,-23,-8,-29,-6,15
-24,-28,23,5,2,-17,-22,-13
28,26,-6,-47,4,26,32,8
-8,-17,18,-15,-11,-44,-23,-7
16,7,3,51,7,15,-2,11
13,8,21,-11,3,-4,-3,-4
-27,-8,23,22,0,1,11,0
15,2,-5,0,1,12,1,22
-12,0,5,-8,2,-10,-1,-14
5,-2,-46,13,2,-1,2,-3
-2,-8,41,-13,-13,-39,-25,8
-7,8,-2,-20,-1,14,46,1
-14,-8,39,59,1,-2,-10,-1
8,5,-9,10,2,7,5,1
-13,-19,-47,-58,-11,-15,-16,-17
39,11,-47,12,-9,1,8,25
-27,-16,-14,-16,-1,-16,-13,-22
0,2,44,16,-11,-11,3,2
-8,-5,-52,-19,-8,0,-14,-11
16,-27,-32,-1,0,-20,-34,1
-5,3,-7,0,-3,38,21,-3
5,5,-3,53,9,-45,50,10
14,-7,-59,-59,-9,-1,-10,0
-9,-8,38,22,-3,10,-25,-14
-2,6,10,-46,-5,-28,1,4
-14,-19,-79,24,1,14,-13,5
-7,-4,34,1,-2,8,1,-19
-7,-8,-73,-19,-11,4,18,-8
6,-1,19,-1,-1,2,-4,-11
0,0,36,-49,-9,2,-10,1
0,-9,-22,24,18,-2,14,14
2,17,22,-4,-7,-5,-30,-4
7,-5,3,25,12,40,27,8
1,4,-27,-10,-9,-14,-23,-10
0,-1,-5,-34,-22,-15,17,-6
-14,6,51,18,22,10,-2,21
14,1,12,8,-19,-25,-11,-29
-8,4,3,-3,6,15,-7,6
19,8,19,2,-5,-15,-15,22
-41,-3,20,-19,1,8,22,-16
-2,-1,-29,25,12,5,-4,-19
1,-5,0,-30,-11,-8,-19,1
10,12,-58,-39,-10,26,-3,-5
3,-4,80,92,14,-14,-4,0
13,-7,5,-74,-2,2,-1,14
0,10,-25,52,10,-2,-6,-9
-15,4,1,1,2,30,-1,4
-1,3,-6,-31,-4,-36,43,17
-30,-16,3,24,11,-11,-15,-18
6,-6,14,-2,-8,4,-8,5
6,0,17,-33,3,-8,-1,-2
15,10,22,82,5,16,-14,15
-16,3,-11,-20,-9,5,-3,-16
-25,6,39,-19,6,13,-7,-14
4,-19,10,38,11,28,21,6
-6,0,-27,-41,-12,-22,-28,-26
28,7,4,-6,-6,8,39,37
-1,3,23,49,7,-5,-31,-19
14,-10,-3,-27,-5,7,18,-5
-11,-9,-28,-47,-22,-20,12,-4
2,-5,-22,-13,-6,-17,-43,-2
19,6,20,9,-3,-6,13,36
-23,-6,-37,14,1,5,-2,-26
5,-7,-59,-7,-3,4,-8,-4
9,7,-36,-9,-8,-7,7,9
-4,-2,13,19,-11,-22,-5,3
5,8,41,-21,-1,-25,-32,2
-12,-16,-48,-4,3,12,37,-10
9,5,5,-6,2,-3,-13,7
0,1,17,60,10,21,23,-13
-6,-9,-91,-13,-16,-27,-2,5
11,4,33,-7,1,-34,-21,-13
-5,-2,37,26,0,3,3,18
-22,-27,-11,-38,-6,-3,16,-38
-4,7,26,-45,-3,12,19,14
18,1,-22,25,13,24,-11,18
-13,-11,15,20,6,5,-16,-18
8,16,26,-31,-4,-6,-6,38
-6,-4,-37,-17,-6,2,1,-6
-15,-16,29,-11,-16,-13,-25,-46
-10,8,52,38,24,27,-2,10
1,-5,-47,-52,-11,13,15,3
-2,-6,63,42,-5,-16,-23,-5
12,19,-58,-9,-2,5,8,8
-15,-19,-40,12,-4,-22,-5,0
6,9,13,-17,4,5,4,-1
-13,-4,-17,22,3,-4,-4,-3
-2,5,34,-43,-5,24,0,13
11,15,-2,49,6,12,29,-12
-4,-6,-49,20,-7,-23,-27,-11
-19,0,10,-13,6,-1,-3,0
-5,-10,20,-26,-3,13,15,5
2,15,2,13,2,5,-26,-21
6,-18,-4,-22,0,-25,-4,2
0,-19,24,19,4,-1,-3,-9
-19,11,20,-25,-12,0,-13,-4
6,-13,-92,-8,1,-9,7,21
14,-11,19,-13,-5,-4,-6,-7
-40,23,53,8,5,-1,-13,-24
40,1,13,30,4,-7,12,38
-6,0,32,-26,-12,0,10,4
-5,15,-28,-49,-9,3,12,-11
32,-18,-49,77,16,13,6,30
-47,-18,33,1,9,11,-8,-18
-5,15,24,-47,-8,17,-10,-16
11,-10,-11,26,0,8,49,37
18,27,19,-14,-3,-26,-16,10
-23,-6,-18,-23,-2,6,2,-40
5,-12,-7,-23,-5,-11,-21,2
-9,14,101,67,16,36,19,2
10,-5,-60,-4,-4,1,8,2
-3,-18,-15,-10,-4,-4,-11,-4
-7,4,-18,-59,-2,4,13,15
12,-8,13,49,6,-7,-31,-29
0,-10,15,-41,-8,3,17,10
15,12,-4,38,9,14,5,30
-14,-6,48,-29,-17,8,-10,-16
0,-9,-75,31,11,-9,5,-3
6,-8,13,-1,9,11,-4,5
4,4,-8,-7,0,-2,4,-9
-8,4,2,-15,-6,9,-3,12
-4,7,22,-26,-13,-23,-24,-12
14,3,-4,-44,-1,16,11,2
23,16,45,45,15,-3,8,14
-5,7,-22,21,6,-3,14,10
-5,-11,8,-42,-13,-9,-6,-36
15,7,-39,13,3,10,3,-6
14,3,5,-41,-15,-13,-17,5
-3,-41,-5,15,1,-1,-1,-23
-6,29,7,-17,5,-4,-14,29
-20,-2,33,12,-15,-13,10,-7
-3,6,-43,13,13,39,20,12
17,-1,34,36,5,-19,21,9
-15,-7,-57,-21,-9,4,-10,5
17,-11,-17,6,-1,-2,-4,13
-16,3,-20,-47,-16,-41,-16,-33
-13,-9,-1,36,-1,2,-3,-12
-27,-4,32,-32,-8,19,1,-32
1,7,15,59,19,0,11,10
8,-4,0,-12,-7,16,-21,-6
-6,-14,-34,-49,-9,-28,24,4
4,-10,-9,5,-2,-12,-13,9
-20,-4,23,38,2,11,-8,-28
-10,-15,-23,-16,-8,5,-1,-3
29,24,48,-39,-17,-10,-7,1
-9,-1,-39,49,23,22,20,31
0,-4,1,-21,-14,-17,-7,-12
4,-8,-2,2,-2,-3,-2,4
5,2,-53,-6,-2,-10,13,-12
7,-19,-14,-57,-22,-9,-2,15
-32,7,-13,-33,-3,-16,-10,-12
7,-1,24,22,5,-13,-30,4
-5,-8,-73,-5,-8,7,22,-2
4,5,17,-15,-7,-3,-4,-16
-2,-11,-3,20,5,-21,15,8
0,-8,12,-22,-17,-24,-21,0
2,14,13,-2,5,21,-6,8
-13,3,-8,51,0,-10,34,-14
3,8,29,-1,5,16,-1,11
4,-15,35,2,-2,-17,9,0
-13,-1,-26,71,17,2,-18,-19
24,7,10,-37,-6,0,8,9
7,4,-17,-7,15,38,-15,-13
-7,14,-7,16,3,2,37,42
-5,-16,-63,-41,-11,-20,-13,-9
-12,-5,9,-2,6,8,-23,-15
6,-7,22,-25,-18,-28,-16,-8
-15,-13,-35,42,0,7,14,4
18,10,17,-48,2,10,2,1
-7,-10,-14,6,8,-9,-42,1
25,19,21,-1,-25,-14,32,21
21,-3,-19,-66,-8,-5,-35,-15
-15,11,49,106,27,-1,8,10
-10,-10,2,-4,1,5,-6,-10
-1,-4,32,-52,-9,-44,-6,-2
-2,6,-9,-7,-3,12,8,-11
2,3,37,21,-3,-4,-23,-4
-1,-1,29,9,13,-8,7,9
-7,-24,-37,-8,-13,5,4,11
-25,5,-17,-13,0,-6,-7,-36
-12,-15,24,-3,0,-1,0,-4
4,5,5,-10,-7,1,-20,-9
4,12,8,59,19,35,26,22
14,-19,-22,7,5,-20,-2,-15
-2,-15,-20,-39,-13,2,0,11
-11,-1,8,24,-12,-11,-2,-5
-3,2,-36,-30,5,18,-7,-8
-4,-2,-17,16,-9,-18,-9,-11
-8,-2,-2,67,15,18,42,12
24,3,-33,-20,-7,-19,-9,20
-12,-23,-8,1,1,0,-29,-3
-1,12,31,-63,-8,11,-1,5
-32,1,21,7,6,2,-6,-32
-3,2,-5,-1,-5,8,8,6
13,4,11,10,3,-3,-2,6
6,5,17,-23,1,7,-9,-1
6,1,18,18,-4,-7,21,3
-2,-5,-26,-8,5,28,-2,10
-22,2,49,38,6,-22,-21,-34
-3,-12,-31,19,7,10,5,14
10,21,29,-101,-19,0,2,-2
1,-17,19,95,28,42,29,-8
12,9,-20,-49,-9,-28,8,21
0,0,-18,24,9,4,-13,-5
2,4,-10,-32,-16,-13,-12,10
-4,5,-6,-78,2,3,1,-9
5,-8,-91,91,8,26,23,-9
-3,-10,3,-21,2,0,4,22
-11,-3,-14,-45,-13,-23,-27,-23
0,14,-17,-28,-5,-17,-2,-4
-5,-9,-16,-17,-3,15,-11,-31
0,0,26,32,1,-11,-9,12
17,12,-85,-64,-3,6,-23,3
-24,-36,84,84,7,-6,32,-5
-6,1,-45,-54,-2,27,-11,-14
-1,11,37,72,8,-28,5,1
1,2,8,-21,-10,-17,3,0
13,4,34,0,-5,-13,-16,-8
-1,6,-22,-11,-13,-20,-34,15
-9,3,22,4,-2,33,69,-9
-8,-13,8,58,14,0,-26,7
39,14,-38,-37,0,-25,-13,23
-35,-8,36,-32,-23,-27,-6,-15
-14,4,-35,44,13,40,29,-8
17,-20,21,-23,-12,-21,-4,35
-8,-12,-78,-17,-5,2,-2,-22
7,2,50,32,12,-27,-6,-12
8,3,-9,-41,-12,0,-21,-6
-1,-4,2,11,7,12,14,5
-2,3,-5,-45,-15,0,8,2
-1,6,8,62,30,43,31,12
-10,-14,30,-26,-18,-73,-48,-33
3,-2,-79,15,6,5,8,-2
7,7,34,3,1,12,-7,13
-17,-12,-13,-33,-8,9,10,-10
-5,9,19,-7,14,5,6,20
2,0,-31,-28,-10,-34,-20,-10
-22,-17,3,33,1,-8,-3,-36
30,13,10,3,3,-19,-26,32
-4,-6,-15,-6,11,52,47,6
0,13,44,-25,-7,-18,-22,-2
3,6,-37,-36,10,36,1,10
-3,-8,70,76,13,-25,9,-18
-5,-3,-58,-11,-10,0,-31,-13
3,6,39,8,1,23,24,-20
12,3,-11,-60,-3,-16,4,19
2,8,38,-13,-6,-12,-24,14
-22,-22,51,71,8,16,-4,-26
3,-20,-34,15,-1,3,12,-7
-9,2,-6,3,-7,-24,-9,-13
0,-6,-8,-70,-19,4,-19,-2
9,9,-7,-20,-2,-19,20,7
-17,-5,43,9,6,11,-6,14
0,-2,14,53,-4,-9,-9,-25
15,-4,-48,-39,3,10,0,7
7,1,-19,-46,-8,-8,-7,-5
-7,7,89,61,5,22,4,10
-12,5,-14,-14,2,-1,4,4
3,-10,7,-77,-27,-20,7,-26
2,-3,-7,75,14,0,-14,8
7,4,-4,-17,2,8,-2,-5
-12,-12,-5,-14,-20,-15,-7,8
-8,-5,12,45,-3,-37,-17,-16
-15,3,12,-46,-10,-7,-15,-8
3,1,-14,11,0,6,1,3
13,5,-12,15,14,3,-2,15
-29,-14,-91,-4,-13,23,41,-17
10,-1,25,-21,-10,-31,-29,-2
-13,-5,-24,-4,1,8,6,-3
19,-2,-10,-18,-8,2,-4,-2
-3,9,-11,-44,-2,26,15,18
-4,0,-9,29,13,-6,-2,1
11,15,9,12,-4,7,15,4
-7,0,-9,-46,-13,-17,-12,6
-12,-2,29,37,3,1,-26,-4
13,3,-7,-21,-11,21,1,-1
5,-1,15,-6,6,10,6,-4
6,12,-26,16,1,0,7,-3
8,0,-1,7,-9,-33,-43,1
-7,3,-14,-30,-10,29,8,16
3,-14,-23,-29,2,-15,-17,-2
-12,12,44,34,0,2,5,-24
12,11,29,-3,4,28,15,18
3,-2,-97,-24,-4,-6,-14,-2
-3,-2,-24,6,-12,1,41,12
-12,-22,40,-13,-3,0,-12,3
2,5,-23,-24,7,9,9,5
6,-3,20,-11,-6,-10,13,-11
0,8,5,-3,-5,-11,-28,-1
-4,2,3,24,5,1,-1,-13
2,-5,35,25,2,-1,15,6
-16,-2,2,-21,2,10,-6,0
12,15,2,-31,0,-13,-3,22
-11,-11,-10,71,16,22,28,-12
4,2,15,-23,-6,-15,-9,22
0,6,-46,-11,7,10,3,-39
-18,-23,7,16,-4,-16,14,-12
10,-8,4,-19,-5,10,-2,22
5,10,-40,-54,-8,-1,-4,10
16,11,74,92,10,-13,2,-1
7,-2,0,-32,-6,-3,-4,5
4,-5,-12,-32,-9,-22,-19,-9
-8,-12,-3,57,7,12,21,5
4,-2,6,-73,-16,-10,0,1
-13,-6,-62,17,5,18,-25,9
16,17,29,23,7,-10,27,15
-28,-19,-12,-30,1,-9,-4,-30
-2,-10,-76,-15,-11,-7,1,29
-4,5,55,43,18,27,16,-12
9,5,-6,-33,-14,-9,7,11
-13,2,-10,2,5,19,5,-33
1,-5,16,22,-4,4,-24,8
8,-1,-4,-12,-1,-23,9,-3
-10,9,1,-24,-6,0,-23,7
10,1,45,59,9,-9,6,-20
4,3,27,5,15,10,4,6
-6,-4,-25,-17,-11,-8,-8,-21
-16,-9,-14,12,1,8,6,-4
10,-10,-18,-17,-5,-4,-10,28
-20,-3,-14,-34,-4,19,17,7
-14,-9,41,68,13,7,-9,-59
-1,4,12,-10,-2,-7,11,11
12,0,-21,-23,-2,9,8,7
-3,-11,-3,-18,-18,-29,-17,-4
16,-3,30,9,3,-1,6,9
-23,-6,4,-3,3,22,-2,-20
6,2,-63,2,-3,-19,-2,-9
2,15,47,12,-1,-29,-7,14
8,-2,0,-3,-4,12,17,4
-19,-8,-1,11,1,0,-12,-8
9,5,5,-7,-1,-2,-2,5
-5,-13,-56,-83,-10,10,6,-9
-32,2,59,79,14,6,-2,-15
26,4,-17,-17,-5,-6,3,13
-2,6,28,-34,-4,9,-10,14
-38,-4,-3,17,14,28,17,-27
15,6,-8,-30,-15,-63,-17,22
-3,-7,5,16,2,6,9,1
-23,-10,-5,-7,-12,-18,-13,-31
10,2,15,4,4,4,-18,-7
-9,-4,3,-38,-2,8,5,11
16,-4,-1,18,1,-5,-8,10
-13,10,-24,-52,-4,14,1,-6
-9,-16,73,81,12,4,4,3
-2,5,-39,41,7,-7,-5,-12
-14,2,-11,-28,-13,-30,-8,19
9,-3,26,22,5,27,19,-7
14,6,23,-25,-6,0,4,-15
-23,-4,-57,-11,-5,-4,-16,5
8,1,13,-2,-4,24,22,3
7,6,41,50,13,-10,-4,12
6,9,-12,-17,-9,0,5,13
-24,-9,-56,-5,-7,9,8,-20
7,-5,3,-35,0,0,9,-9
-18,-16,9,19,3,2,-10,-32
16,3,3,16,-19,-46,15,15
22,1,15,-30,-2,12,-20,23
-16,-17,-10,-9,0,10,-15,-4
-6,-5,-46,38,2,-2,12,-1
6,6,21,2,0,-12,-16,-8
-4,-8,-13,-57,-10,6,1,-6
32,15,36,-7,-1,8,-7,-10
2,-4,16,69,5,1,4,31
11,1,-27,16,18,-4,12,-29
8,3,-4,-40,-19,0,1,20
1,9,-6,11,7,15,-23,-13
-20,-3,43,-50,-14,9,20,2
13,9,-29,0,7,-5,-10,0
3,6,9,53,14,15,9,20
-7,-14,-16,-26,-13,-70,-7,-31
26,-2,2,-25,-2,11,-9,13
-22,6,41,42,10,13,14,18
32,10,26,-25,-4,-8,-23,5
-45,-18,-71,-5,4,7,22,-21
-6,0,18,-1,-5,-4,-3,3
9,-14,-67,12,3,-1,-9,4
7,-5,21,4,-2,8,-8,-16
-16,8,6,0,2,0,-5,16
20,7,-3,-51,0,2,20,1
-3,-2,25,40,2,52,6,-7
-2,1,-11,-25,-14,-28,2,8
9,-13,-5,55,11,8,1,20
-19,-4,-20,-39,-17,-32,-23,-33
-11,2,14,-36,-6,-2,-15,9
-3,-2,-52,18,15,28,12,10
9,-2,1,-23,-11,-17,-7,-26
20,7,-2,44,8,-6,-3,9
4,-8,-11,-25,-8,-3,12,6
-16,-1,17,-10,-4,-12,8,-11
-7,-3,-21,-24,-5,-8,-24,-1
-10,5,27,0,12,15,-5,-31
-15,-9,2,56,-12,-48,20,-12
37,-10,29,7,-6,-13,-25,27
-31,15,-26,-3,4,1,-3,-13
-2,-13,-3,-5,-1,-11,-12,-10
4,-4,-9,-65,-17,18,-3,17
2,-8,13,66,18,-9,-8,-12
-5,-5,-9,-4,1,27,25,13
11,0,-13,-24,-16,-26,-16,12
-41,0,-4,-9,7,6,-21,-29
-8,5,-23,-39,-8,6,26,11
4,-16,-36,-13,-5,6,-5,-48
14,11,-2,39,13,28,11,39
7,-5,20,19,5,-11,-5,7
-11,-5,27,-54,-20,-15,2,-13
4,5,30,41,13,5,-9,5
10,5,-31,-40,-17,-23,-13,17
-9,-12,-93,-11,-6,3,9,-23
-7,-3,29,14,1,-12,-17,-8
12,5,20,-7,-11,-7,-2,22
-8,-7,-24,3,0,2,-12,-13
11,10,65,-26,12,-10,1,8
16,-4,-76,-1,-11,8,39,-12
22,11,51,87,22,-2,-4,33
16,6,-2,-26,-6,-3,6,-10
0,-4,22,0,0,5,-13,-4
2,1,-32,-44,2,8,11,8
-2,5,76,-16,-8,-1,-1,3
-8,6,-17,52,9,30,10,-31
21,-5,4,42,4,-3,4,35
-29,11,12,-11,5,10,-19,-26
-4,2,18,-36,-6,-2,6,7
-11,-7,-25,-15,2,-2,-4,10
7,-2,-11,1,-1,20,3,-5
-30,-12,-30,-28,-7,-18,-15,-18
3,1,77,67,3,12,4,20
3,12,-6,-12,-1,9,8,11
0,-13,-14,-35,-12,-25,-5,8
-11,-1,-9,-1,6,7,-13,-14
9,1,9,-6,-6,-11,1,15
-9,0,19,-4,13,7,-24,-15
-3,-8,-20,11,-18,-9,30,32
9,-1,65,26,6,-22,-28,-1
-19,-9,-78,-59,-14,-3,3,-32
-19,-3,29,14,3,28,-3,-21
-3,2,-31,-56,-8,-40,-13,5
6,1,68,5,4,23,0,-12
18,-3,-5,37,5,0,-12,13
12,8,-23,-32,-9,-4,4,14
-28,-13,22,15,6,22,-14,-1
-8,1,-26,-11,-6,15,20,-27
14,-7,-62,13,0,-4,-7,22
-3,0,23,7,-2,-19,13,9
4,8,18,1,3,32,13,9
-16,-11,-86,1,-2,-54,-17,-17
-17,7,12,-26,7,34,8,-17
6,-12,-8,-1,-17,-24,23,31
9,7,42,40,10,3,-5,-15
7,15,16,-5,-4,3,-11,7
-7,-3,-70,-38,-4,5,-9,5
-25,-9,29,-9,7,3,10,-9
8,14,6,28,0,-13,1,-19
19,-12,-29,58,13,-3,12,12
6,7,8,-22,-16,-16,-9,0
5,3,27,-1,2,4,-7,4
-11,1,-5,-9,-1,-7,-9,-15
8,-3,-33,-5,-2,13,5,26
8,-15,-54,-18,-7,-14,1,-7
-15,-11,-7,15,-1,16,-5,-34
8,-1,-37,-6,-6,-15,-17,12
-1,9,34,-4,-13,-13,-11,3
-17,-9,1,-44,-7,-14,-14,-15
4,1,-14,7,-8,-13,-4,20
-30,-10,-76,-36,1,-17,-9,-21
13,-2,47,16,6,11,9,-9
-22,-3,6,-23,-8,-9,-10,-19
7,-4,4,32,16,9,3,0
6,5,4,-14,-6,1,-3,11
-25,-7,-40,-33,2,27,9,-8
10,5,21,36,12,-8,20,17
-16,-22,-42,19,1,0,0,-10
-2,-1,3,8,3,6,-17,-13
1,6,-4,-5,1,31,43,11
17,1,12,-4,-3,3,-4,-4
-1,-21,-6,-6,-4,-10,-4,11
0,19,26,40,5,16,-8,-22
-1,-1,10,8,-4,-11,-5,7
-15,-5,-22,12,2,-1,-13,-10
1,6,-32,-47,-7,-3,24,6
12,-9,-12,24,-19,-20,-7,-5
-2,-8,-44,-13,5,-4,-22,5
-4,7,23,10,0,16,21,1
2,2,10,7,-4,-21,-14,-7
-1,-7,-20,-33,-1,11,10,4
8,9,4,-47,-10,-10,-2,-3
-7,-14,26,51,4,-22,6,-18
4,3,14,18,-6,8,7,-9
1,-8,17,-1,5,6,-6,-5
4,-6,-16,-11,-12,-12,-12,4
3,4,-10,-32,4,7,-11,2
2,-1,58,77,8,-5,17,3
3,10,-4,-22,0,10,5,14
4,-10,30,16,-4,-21,-9,-2
5,2,-19,-19,2,9,-3,5
-1,-6,-4,-20,-6,-20,-22,-14
10,8,17,14,10,-15,-3,7
-18,-7,30,13,-3,3,2,-1
12,13,26,1,-7,-5,3,9
-1,2,-65,-37,4,-6,-34,-15
-8,-3,44,-6,5,17,2,2
-8,3,39,55,23,20,-12,-17
-2,4,46,-24,-16,-21,13,-1
17,0,-23,11,5,2,-6,-2
-14,-8,4,-39,-10,13,-6,-3
-16,5,-1,7,-3,-7,-9,-1
9,-1,20,4,-1,6,10,9
-6,-7,-45,-17,-7,9,2,29
-31,4,45,73,4,3,31,-23
18,3,-8,-37,-10,-17,-9,5
-7,-4,-25,5,-2,5,-8,-8
-12,12,-1,-29,0,-6,-7,2
18,-6,-14,24,-2,-5,5,20
7,-12,-74,-29,0,11,28,-4
-23,17,53,57,12,2,-15,-4
10,-6,21,-25,-5,5,-1,-26
6,-8,-31,-31,-11,-18,-20,-9
-5,10,1,-16,7,5,2,5
6,-18,-29,-36,-14,-9,-8,-10
11,5,31,68,17,19,24,27
-1,11,52,-38,-5,2,-16,-12
-10,-8,-64,12,-6,-30,-17,-3
18,-4,-27,-2,3,8,14,13
-9,2,-13,-27,-10,-15,-1,-9
-9,3,18,-35,10,17,-2,1
8,-4,10,9,-14,-22,-9,20
-4,-3,-20,31,11,15,-14,-18
-9,-10,11,-6,-7,-15,-9,0
16,5,-22,-31,-4,5,4,2
-9,-4,6,-2,2,10,1,2
-15,-6,17,9,-4,-24,-7,-23
7,3,18,-8,5,32,4,24
4,0,23,79,11,-24,-8,-2
9,0,22,2,-5,12,7,6
-6,8,60,-63,-15,17,-15,16
-22,-10,-82,23,11,-17,-4,-45
21,11,44,34,-5,1,4,22
-32,-2,13,9,6,1,-6,-15
11,4,5,-7,-7,7,16,7
-12,-12,-57,-64,-16,-14,-24,-6
23,-9,-24,1,4,8,15,34
-9,2,-30,47,1,-20,15,-29
-6,-9,-37,-25,-6,-7,-12,-3
4,9,50,-28,-11,-2,-1,2
-17,-21,-42,-26,-1,3,5,-8
13,12,26,8,5,37,-4,36
-12,-17,-6,23,-3,-45,26,-42
36,23,22,3,-4,-4,-5,6
-23,-7,10,5,-3,-15,0,-14
-2,-1,19,-27,-5,1,-5,11
10,4,1,18,12,10,-6,-11
16,0,10,65,11,16,17,27
-5,-3,-16,1,0,0,13,17
2,1,-1,-15,-12,-11,-14,-10
15,2,-4,4,6,-5,-5,29
-14,-11,25,-37,-16,-5,-11,-28
0,11,-18,-35,9,32,22,34
9,-6,29,19,2,-11,-8,-13
-18,-11,-19,50,14,18,-6,7
0,5,1,-27,-3,3,11,8
-11,-1,23,2,-8,-15,-26,-24
23,-4,-19,-28,-3,17,14,8
7,0,-2,-7,-11,-5,2,-8
-13,1,-5,-23,-5,-4,-10,2
6,0,-40,33,14,-23,24,-2
4,-3,37,-4,-6,-16,-9,-4
-4,2,1,-26,-3,26,4,22
-3,-11,-41,15,2,-15,-13,-19
7,0,1,1,-3,1,22,14
-22,11,-9,-29,-2,-9,-13,-16
-30,-11,-1,52,12,11,4,-5
3,0,2,-12,2,23,3,9
4,-3,36,-18,-16,-18,-15,-28
-3,3,3,13,9,22,7,3
-1,-4,-27,-4,4,-3,-13,-19
28,7,78,63,6,-21,4,17
-9,-10,-34,-26,-5,5,-6,-6
-2,-6,14,16,4,4,-7,-14
-2,8,-26,-63,-13,0,-15,7
5,-5,37,34,3,-10,-5,11
7,0,-33,-7,-1,17,5,-38
-24,-8,14,-7,3,-11,2,6
14,3,-4,-9,-3,-13,3,10
-13,-4,-27,-3,-1,1,7,-8
-18,-4,-53,-52,-4,14,-24,-21
19,6,34,7,0,-23,52,17
-1,-17,19,71,9,-4,-7,-3
-16,-5,10,0,-4,-1,3,-4
5,-1,-56,-33,-13,-4,-25,-5
-3,-4,-18,-37,-7,3,-14,-9
-28,-9,6,26,-5,-20,16,-22
19,0,-1,-20,-7,-4,4,16
-6,15,14,3,-9,-20,-12,21
-6,-3,-17,7,-2,15,-2,-19
22,11,36,-25,-2,-7,-1,14
-16,-8,-81,-30,-4,10,-9,-24
7,5,40,0,-4,14,18,12
26,3,45,71,28,-31,-24,11
-18,-6,-30,-20,-5,12,8,-12
-2,1,-1,-18,-5,-5,6,0
-5,-11,-14,-32,-6,1,-23,-12
-3,2,3,6,-3,9,-8,0
11,5,48,-32,-4,5,7,2
-13,3,-14,7,11,13,-10,-1
5,-15,-1,17,5,-22,-1,-7
-31,-4,-4,23,-4,8,-2,-15
9,7,-27,-24,-1,1,14,14
-7,-5,34,-17,-11,-9,-16,1
-11,0,-18,-38,-3,-13,-11,-5
18,-3,24,15,11,21,-3,8
-9,8,-30,14,8,-27,-20,-20
10,-5,76,3,-8,8,24,28
-4,-16,-72,17,-8,-9,5,-20
2,1,-3,-49,-12,-1,-14,-21
5,-1,1,-3,2,4,-9,17
4,2,4,11,8,20,17,-7
13,7,43,14,1,-9,-5,0
-3,-9,-32,-18,-9,10,4,-12
-1,-5,-48,-1,2,5,-32,-10
15,3,23,24,4,-5,24,6
-17,-4,39,38,10,-2,1,11
1,4,-67,-3,0,5,9,2
2,-7,28,-5,-6,-1,-1,7
-14,-1,-35,-32,-6,-6,-17,-10
3,6,62,-9,-1,9,9,0
5,-1,-24,15,2,-3,-1,26
-5,5,34,27,8,17,11,-1
-44,-29,-24,34,-7,-24,27,-12
-13,-9,13,-2,-12,-28,-12,-8
-4,1,-12,-42,-6,6,-8,12
7,-3,-33,-53,-22,-13,-12,16
-16,7,31,47,17,5,-12,-28
22,-14,-69,2,-5,8,-3,18
-16,1,0,30,-11,-39,-12,-17
18,-1,-16,-17,2,30,25,6
-11,0,-5,-13,-4,-34,-18,-6
9,2,11,-5,6,11,0,16
-34,-2,-2,-21,-4,4,-1,-22
19,-3,2,-3,-5,-4,-3,6
-2,6,-14,5,5,6,-8,-9
7,12,11,-10,0,6,5,5
-1,-21,2,-40,-7,-6,-7,8
-7,10,46,-38,-5,-3,15,3
28,1,43,73,7,6,1,16
-23,-5,-2,-9,2,-5,-3,-5
9,3,-4,5,-3,-10,2,1
-5,-3,-6,-10,-5,0,0,3
5,-1,-23,-16,-5,-1,-11,-17
-2,-1,4,8,0,-1,21,12
-3,-6,7,7,4,-6,-8,-18
-11,-8,-11,18,3,3,-1,-26
8,3,-37,-52,-6,3,1,15
-19,-7,7,6,4,4,-6,-15
9,8,2,8,1,8,7,-9
-2,-7,-10,8,-2,-5,-6,-1
-3,1,10,-43,-5,5,-1,0
8,4,3,-19,-2,-4,-9,-7
10,9,27,73,22,24,8,22
-3,3,7,5,1,-19,-11,-11
0,3,11,-64,-14,13,10,6
-3,5,-20,61,25,11,15,15
3,-11,12,-9,-9,-7,-1,10
-14,9,-23,-19,-5,-14,-18,-20
-6,-1,-6,15,-4,48,9,-28
4,2,-11,-24,-7,-20,-1,11
-4,-19,-10,-33,-3,12,30,9
4,-5,3,40,6,-13,-8,-3
26,7,-15,-40,-11,-21,-5,26
-11,-2,13,27,12,5,0,-7
15,8,-38,-12,-8,-20,-9,-5
0,-4,38,9,-4,-5,4,14
1,1,35,33,2,-10,-4,-3
-8,-3,15,7,0,10,-1,-21
13,5,-34,-52,-11,13,-3,22
-1,5,32,33,14,19,33,33
4,0,-22,31,4,-27,-25,-24
-2,-5,5,-1,-4,11,2,-11
7,4,7,-35,-11,-21,-14,12
-5,13,-7,29,8,18,-4,-14
-9,-6,-35,4,4,-22,24,10
-4,-2,-4,-31,-13,-4,-12,-8
-21,-4,-14,25,-2,-17,-10,-9
7,-11,-23,-27,-7,-2,-21,-23
-26,-9,35,14,-6,-2,2,-4
23,14,-6,32,8,-16,-22,12
-38,-8,25,22,9,20,39,-49
13,-13,5,-36,-12,-30,-21,30
6,2,-10,26,13,18,0,1
6,-1,-60,-41,-9,0,0,18
-8,0,38,24,2,17,-6,-10
27,10,7,16,4,-2,3,7
-7,-16,7,-51,-16,-3,-7,7
-10,8,-10,11,12,12,3,-19
23,-6,4,38,19,-1,-1,34
-28,-9,-24,-5,1,13,4,-30
15,7,-3,-33,-9,-30,-19,13
31,8,16,19,2,9,8,8
-19,1,-19,-49,-12,2,5,-19
-24,-13,23,-36,-5,-16,-6,-14
9,5,-30,70,18,0,-3,-2
-4,-16,6,-23,-21,-15,2,5
18,10,-4,14,4,-7,-3,10
0,2,-30,-6,-6,7,39,4
-5,-13,-8,-66,-11,-20,-32,-13
-2,8,46,62,7,-4,-4,-8
8,-2,1,-20,-7,10,-3,4
-27,-6,-7,-2,-9,-14,-19,-20
-2,-1,15,1,12,15,3,7
-4,1,-22,45,15,-1,10,-1
13,7,16,-10,-4,-19,-10,-3
19,1,-28,-32,2,19,7,0
-16,0,-2,66,-2,-13,3,-11
25,-9,-4,-71,-11,11,-7,35
-13,-5,-22,39,-3,-4,-8,-18
-23,8,4,-16,-9,-5,5,5
1,-8,0,-21,-4,-7,-9,-12
-4,-2,5,0,-2,-18,-10,3
-2,-4,-6,-24,1,37,11,-7
21,-5,12,32,-1,-14,-17,17
-33,3,10,1,4,37,11,6
-3,-4,-13,-15,-2,-22,-25,-25
-3,-5,-40,-77,-15,-2,-2,-3
13,2,73,91,18,-6,-17,5
-40,-9,16,28,7,26,21,-2
-5,-4,5,-9,-4,-8,-20,-42
3,5,26,-3,-10,-4,5,12
1,-5,-47,-28,-13,-2,1,-4
21,6,13,22,8,2,-9,13
-3,19,21,-21,-8,0,4,-2
-3,-5,-58,4,0,-9,8,14
-5,-2,1,-21,-11,-10,0,-21
16,0,-11,12,1,19,12,20
-9,-12,18,11,9,23,19,-18
3,-1,15,6,3,-6,-15,10
-11,1,-53,-21,-2,7,3,-15
18,3,-7,-51,-15,-7,-9,5
-28,1,57,68,16,19,10,-9
8,-24,0,-20,-11,1,27,-11
0,-3,-63,31,11,6,-9,10
10,8,2,-41,-13,-16,9,1
-13,1,-30,-13,-2,7,-10,-1
13,8,15,-20,1,-12,-4,4
-48,-6,54,54,12,4,16,-22
10,-9,-45,-50,-13,-8,0,6
16,-1,-15,-8,-8,-29,13,11
-22,3,14,20,9,17,-33,-22
-2,-10,-10,-37,-6,7,19,2
15,3,-26,41,-2,-37,-18,-15
-28,-19,-26,-25,-10,-3,-5,1
11,22,21,11,1,4,4,12
12,3,-4,-5,0,-1,-1,7
0,-6,13,-22,-6,-15,-9,-14
17,7,-20,-16,-2,26,29,24
-1,8,18,48,7,-17,-7,-7
9,-2,-1,5,7,7,-1,23
5,4,27,15,-12,-2,4,14
3,-10,-20,-28,-15,-28,-18,-26
0,2,-2,-36,-6,12,22,-6
18,4,35,7,0,7,-13,19
-19,-9,-47,-21,7,-13,-7,-55
2,-2,41,35,10,21,32,20
-12,-6,-12,-7,-6,-12,-16,-3
3,2,2,-8,-3,-11,-12,3
8,-3,-9,-14,-4,22,11,-15
12,3,-26,-35,1,24,-9,22
0,4,34,40,13,-8,-7,3
19,-3,-5,-2,-6,12,18,16
-9,11,-18,-11,-2,-4,0,7
-30,-31,5,-1,-10,-8,-11,-15
20,1,-45,-23,-7,-2,26,5
0,-4,-2,34,8,-7,-15,-19
1,4,26,3,7,10,3,21
12,3,-6,-7,-3,-7,-12,-20
-18,2,26,5,7,-3,-2,-9
11,-2,-31,-28,-15,7,5,5
-6,-5,8,22,-6,-6,10,-4
11,5,31,27,14,-12,-8,13
0,-10,-30,7,1,0,-18,-1
6,-2,14,-10,-2,11,10,-9
-31,-15,-28,-38,-8,-33,-22,-7
8,-1,27,-23,-10,-9,-24,-21
-3,-7,-24,1,-10,8,19,22
-4,-9,19,10,-1,-5,-15,-29
11,4,2,-1,5,3,-2,18
-40,4,-17,-8,-2,19,1,-12
-2,0,24,20,7,-19,-1,-7
22,1,-6,-28,-9,-9,7,14
-8,0,32,60,10,9,2,-14
7,4,-26,-10,-3,14,9,11
7,1,7,3,-8,-24,-32,10
-31,-3,53,-41,-1,3,-6,-14
14,2,-25,6,10,20,10,-14
-7,10,21,50,4,-6,11,11
-1,-11,-2,-5,1,10,-1,13
-17,-1,12,-5,1,-7,6,-6
4,7,3,-35,-10,-3,-14,9
2,0,3,12,9,15,14,7
