0,-3,-1,-10,-6,-2,-3,3
-5,-17,-18,11,4,2,-2,-2
4,11,8,-4,0,-2,-5,-8
-5,-5,-11,-4,-8,-11,2,4
5,-3,6,5,6,4,5,4
-2,-7,-18,-7,0,-1,-6,-4
-2,-20,14,0,-5,-7,-6,-4
3,19,0,-1,2,3,9,-6
3,18,17,11,1,-6,-19,0
-3,-6,-10,-22,-14,4,6,-2
0,8,-7,2,-1,-2,2,1
-2,-2,4,0,5,6,-1,0
-4,-17,-23,1,-1,1,3,-2
2,24,21,5,-2,-6,-5,-1
-1,-11,-14,-5,-4,-2,1,3
0,1,6,9,4,9,-1,-1
1,3,17,5,-1,-7,5,3
4,1,-1,3,0,-7,-4,-6
-3,-1,-17,-4,3,7,5,-7
4,-19,-20,-11,-11,-3,-3,5
-2,10,48,3,1,-6,-1,-7
-1,-15,-15,-6,-6,-5,1,2
-1,-2,-24,5,4,-5,-4,-2
-5,0,26,-9,-2,3,-5,-6
-9,-2,1,2,0,-3,3,-3
-6,8,21,5,-1,5,3,3
-8,-27,-33,-11,-11,-8,-2,-1
-1,37,42,20,10,1,-1,1
-10,-56,-66,-5,7,2,1,0
-4,-1,-25,-9,-1,3,-2,0
4,12,39,11,0,-11,1,0
5,-7,-21,-19,-13,-8,-7,-7
-3,-17,-38,-7,-1,-3,3,1
3,12,-17,-1,-3,1,0,2
-4,-4,6,-13,-16,-7,-7,-5
2,-17,7,3,1,0,3,2
5,33,44,7,4,15,7,4
-8,-44,-54,-14,-9,14,-7,2
-1,26,3,2,4,-2,6,4
7,9,27,15,0,-2,4,-10
3,0,74,5,2,0,-16,12
5,49,-8,3,7,18,5,-5
-2,-11,47,15,11,3,3,11
-3,2,-57,-8,-6,4,-1,-4
14,1,-26,4,0,-2,7,2
13,-21,0,0,0,-19,-6,-9
16,8,65,-3,-11,12,-4,-6
-1,-16,-15,2,-3,-22,-5,-4
3,9,-29,-3,-13,-11,-9,-5
4,-9,-2,9,14,0,8,8
-10,-12,-43,-16,-19,-16,-4,-7
-8,10,75,-3,10,29,-1,3
-16,-26,-54,-14,-9,-10,-7,-9
-2,32,92,15,7,-7,1,3
-7,-4,-25,-5,-3,-6,-3,-4
-2,-8,-16,1,-2,-5,-2,0
-7,15,-13,-18,-19,-5,-7,-10
-6,-3,-13,-14,-6,-3,2,-1
3,15,9,7,14,9,3,4
3,8,-1,0,1,-8,-5,0
4,-57,-79,-3,6,15,10,3
-3,5,-15,3,-5,-12,-1,2
2,-9,15,7,10,14,3,2
-7,-18,-41,-7,-2,-8,1,-2
-3,11,99,3,-4,-6,2,0
-3,14,7,9,2,-3,-4,-2
-1,-44,-97,-24,-18,-9,-2,2
1,53,80,21,8,4,1,-2
4,-6,-54,-16,2,2,1,-2
-1,-17,13,-2,-5,-11,-5,-2
-3,30,31,7,1,-1,-3,-2
-9,-32,-61,-15,-11,-1,-1,-4
-3,32,42,6,6,1,10,3
-2,-30,-72,-6,-7,0,-26,-5
-13,-18,-5,-6,-2,6,-1,-10
4,-13,-18,-7,0,-10,5,7
0,20,69,8,-9,-7,1,-3
-4,-39,-15,2,14,36,23,1
6,16,35,10,17,12,-18,1
-6,-3,-69,-8,-13,-6,-6,0
-7,-29,26,-13,-21,-16,-5,-10
3,-12,-52,-11,-6,-8,4,4
-7,-3,0,-1,-3,2,-1,3
-1,-14,3,-1,10,12,3,-5
3,8,-12,9,5,6,-6,9
-2,-11,28,8,-3,2,1,-2
2,-7,-45,-3,12,-2,6,5
2,24,82,0,-11,-8,-11,1
-4,4,-39,-4,-7,0,5,-2
5,0,58,4,9,3,-2,-7
-17,15,-95,-27,-12,-16,-3,-6
8,63,32,9,3,-1,-1,1
0,-50,-37,-16,5,7,4,-12
-22,-16,-97,-24,-33,-30,-29,-28
11,16,55,-3,-4,5,4,16
-14,-11,4,22,8,1,0,-5
1,-4,-24,-17,-5,1,5,-2
3,-12,5,6,10,9,6,13
15,30,72,21,2,6,2,-2
-6,-8,-1,-20,-22,-8,-9,-8
-10,3,19,22,13,6,2,2
21,5,1,-13,-19,-15,3,3
-19,-17,-25,-1,-2,-2,2,-6
13,-3,-11,3,14,18,8,7
5,19,16,0,-4,-12,-13,-1
-3,1,0,9,16,3,3,8
2,21,-8,9,-13,-3,1,-13
2,-47,-60,-27,9,2,2,9
-13,5,38,4,-9,-5,-11,-7
8,-2,-8,14,9,2,6,5
3,31,72,-1,-7,-3,-3,3
-14,-22,-23,1,-1,-8,0,-7
11,21,-20,10,4,-3,-3,4
-4,18,46,-6,2,5,2,1
5,-52,-1,5,9,-1,1,1
4,-5,-61,-2,2,1,-4,-3
-1,11,-31,3,6,1,1,-5
4,44,44,6,-4,0,-3,0
-7,-19,-44,-6,5,1,2,-2
-3,10,40,0,-5,-3,-2,-10
-1,-14,-28,-4,5,9,-1,1
-5,26,22,-8,-12,-15,3,6
-2,1,-33,-12,-7,-8,-24,-12
0,-9,27,8,-4,-1,2,-2
-3,-6,-53,-10,-6,-5,-1,0
-1,8,29,3,3,-3,-2,-1
-1,0,-1,-11,-5,0,1,0
-1,-4,-28,-7,-4,0,-1,-21
-2,-8,42,1,0,4,-3,1
-10,-5,-29,-9,-4,3,-4,-7
5,25,40,20,3,1,2,7
-6,-67,24,-6,-2,-3,-2,0
-1,-3,-33,-4,-3,2,1,-2
2,10,3,-9,-10,-3,-1,-4
3,-16,-48,-10,7,-3,4,0
-4,-13,-12,10,6,-3,-2,6
3,47,62,2,-3,-4,-3,-3
1,-31,-29,-7,-3,-2,-3,1
-3,-19,-12,-2,-4,-2,0,-2
4,24,28,0,-4,-8,0,6
-1,-8,27,1,0,1,1,6
-6,-9,-41,-1,-2,-1,-3,-5
0,16,24,-1,-4,-1,2,-3
-2,-5,-48,3,5,5,2,5
3,20,-40,-8,-3,-4,-1,0
-13,-51,9,-20,-22,-12,-8,-9
9,9,-19,11,2,3,1,0
3,-3,-10,3,-2,3,-2,5
9,-9,10,-8,-2,-3,-4,-2
-14,-9,-8,3,-2,-1,0,-1
3,-5,23,-2,3,0,1,3
-4,42,21,4,5,2,-2,-6
-1,15,37,5,-2,-5,1,-3
5,4,-3,0,2,6,0,3
-4,-21,1,-4,3,0,0,-3
1,6,-8,-5,-9,-2,-2,-2
-7,-16,-30,0,2,3,2,-1
3,36,89,16,8,2,0,1
-10,-33,-56,-8,1,-7,0,-5
2,3,-27,-6,-6,-2,-1,1
-6,31,93,30,4,0,1,2
12,26,9,-1,2,1,2,6
0,19,3,-3,-2,-1,-3,1
2,-2,-7,-10,-2,-5,-3,-1
1,-16,-39,-7,0,2,0,1
-8,-1,-2,-3,-4,-3,-2,-7
1,-2,24,14,11,4,-2,0
4,-3,-1,-1,-2,-4,1,3
1,-2,-10,-6,-2,-1,1,5
-1,-30,-80,-9,-1,0,-5,-24
-4,5,86,10,-8,5,8,11
-21,-76,-94,-18,-9,-5,24,-5
6,-1,-12,-1,-1,-5,-61,-9
-1,24,15,-3,-4,-4,9,4
0,-31,-42,-9,-6,0,1,-2
0,17,40,6,6,5,-1,2
2,-15,35,8,4,2,13,2
-8,-8,-32,-2,-1,-2,-4,-1
0,5,-7,-1,-1,-2,-8,-4
2,18,51,1,-6,0,0,3
-5,-6,-46,-10,-4,-3,6,-3
3,4,22,4,3,1,-5,4
-3,2,-15,-5,0,-2,4,-4
0,3,13,4,-8,0,-11,-6
-2,-21,-48,-4,10,7,13,5
-3,-9,18,3,6,0,-1,-1
-1,10,-4,-2,-5,-11,-2,-2
2,8,-10,-1,2,3,-6,1
0,19,-11,-4,-4,0,1,0
-2,-22,17,-6,-7,-2,-1,3
-1,-5,-23,-6,-10,-9,-7,-9
4,6,-4,-2,3,0,-7,2
1,7,25,11,0,-2,7,0
-7,7,-58,-7,0,-1,1,2
-1,34,71,10,0,1,-4,-2
-4,-13,1,-3,-6,-9,-3,-4
-6,-38,-16,-4,-4,-5,0,-4
4,6,0,3,11,6,0,1
2,-16,-54,-2,0,1,0,2
-1,7,36,2,-2,-2,-3,0
-2,16,-1,-2,-2,-3,0,-2
1,-10,-6,0,-5,-3,-3,1
-2,-9,-3,-2,2,-1,2,1
1,6,7,-1,-2,4,0,1
-3,-2,-3,-2,-4,-3,2,-2
7,5,10,1,2,3,3,2
-2,-1,-1,-3,-4,-1,0,-2
-1,4,-2,4,4,5,1,2
-1,-4,-27,-4,-4,-2,-1,-2
-2,10,37,0,0,1,1,-2
0,-12,-16,-6,-3,2,2,0
-1,-3,-17,3,9,2,-2,-4
-2,8,34,2,-4,1,2,0
-6,1,-14,-7,-5,-6,-4,-2
0,-6,8,-1,-7,-3,-5,0
-3,-3,-27,-6,-6,-3,-1,-1
0,2,6,-3,0,0,0,0
2,0,6,11,2,2,0,0
-4,7,-13,-9,-3,-5,-3,-5
0,-11,-15,-3,0,-5,-1,-3
-2,-2,1,-1,2,-3,-2,-2
-2,-8,-5,0,-3,-2,0,1
4,2,-3,2,3,5,1,0
2,3,19,2,1,-2,-2,0
-2,-5,-16,-9,-6,-5,-2,-2
-1,2,22,15,9,0,0,0
-6,-13,-20,-1,8,2,-1,-1
2,5,-7,-6,-4,-4,-2,1
0,-2,-15,4,4,3,4,0
3,9,57,3,-3,-3,-1,1
-5,-8,-5,0,-10,-3,-1,-4
5,4,13,-1,3,3,0,1
-6,5,-23,-6,-2,-3,-1,-3
-2,-24,-18,-4,-2,-1,-1,-2
-3,7,5,-4,-1,-1,-2,-1
6,7,9,4,-3,-2,-1,0
-5,-4,20,3,-3,-2,-3,-5
3,-4,-1,-5,-2,-3,-4,-1
3,9,21,-1,-6,2,0,1
-6,-2,-6,1,6,1,0,-1
1,-2,5,0,-4,0,-2,-2
-6,-7,-69,-10,-6,-5,-4,-3
-1,-10,11,-2,1,-2,0,-1
-4,-2,12,-3,-5,-1,0,-1
-1,2,-4,1,4,3,2,0
8,0,-1,-4,-4,-3,-2,-1
-9,0,-16,-3,0,0,0,-1
-2,7,-7,-3,-1,-5,-5,-3
1,-3,-7,0,0,-1,-1,-1
0,19,72,2,-6,2,0,1
6,-14,-62,1,5,1,1,0
-4,3,-7,-4,-4,0,-2,-3
-2,-9,-15,0,2,-2,-1,-1
-2,-6,-22,-2,4,-1,0,-1
-2,-2,19,2,-2,0,-3,-1
-4,12,10,-4,-5,-1,-2,-2
3,-12,-20,-2,3,-5,0,2
-5,-4,-2,-11,-12,-6,-1,-5
1,5,11,10,-1,-5,0,-2
-1,2,2,-7,-6,1,0,-2
1,0,34,5,1,3,-1,1
1,-1,-24,2,6,2,1,1
-1,2,-11,0,-1,-1,0,-2
3,-2,-3,5,7,4,2,2
-4,-24,2,-9,-10,-1,-1,-3
2,-1,-6,7,9,3,-1,-1
-1,1,8,-1,-2,-2,-2,-2
-4,-10,-13,-1,0,-4,-1,-1
-2,3,13,-2,-3,-1,-1,-1
0,3,-17,3,3,4,2,3
0,-1,5,-8,-7,-5,-1,-1
0,-4,-3,0,-2,-2,-3,-2
-2,10,-7,2,2,0,-1,0
-8,-5,26,-10,-8,-4,-2,-5
2,-3,25,6,2,-1,0,-1
0,-11,-42,-9,-8,-1,0,-2
4,4,-3,5,4,2,4,4
-5,-17,-89,3,3,4,2,-2
2,8,65,2,-6,-4,-2,0
-2,4,29,-9,1,-1,-2,-2
0,1,-31,-7,-5,-4,-2,0
1,0,18,6,2,0,1,1
-2,-6,-20,-4,2,6,1,2
-3,-8,-12,8,4,0,-1,-1
2,10,19,1,-1,0,-3,-1
-7,0,8,0,-1,-2,-2,-2
1,4,-24,-11,-5,-4,-1,-1
-3,-4,22,6,1,-3,-3,-3
-3,-15,-38,-7,0,-1,-2,-1
-3,11,9,5,-2,-2,-1,-2
-3,-7,-3,-3,1,0,0,-3
-1,-5,-13,-19,-9,-2,-2,-2
0,0,15,3,4,-1,-1,-2
0,-11,-29,-7,-3,-2,-3,-3
2,15,38,10,-1,-3,-3,0
-1,-22,-16,2,3,3,3,1
-1,12,-10,-9,-7,-1,-2,-1
1,-3,42,0,-4,-3,0,1
-8,-15,-13,-1,1,-1,1,1
5,4,11,8,-2,-2,0,1
0,5,-5,-6,0,-4,-5,-3
-1,0,17,0,2,1,-1,0
-1,16,-18,-1,2,2,-2,-1
-1,-6,11,1,1,-1,1,0
-4,4,-9,1,-4,-2,-1,-2
4,-9,-1,-1,0,0,-1,-1
0,-6,28,-3,-7,-4,-3,-4
-3,4,-1,8,2,-4,-2,-2
1,2,16,-1,-4,-1,0,-3
-1,-1,-17,-8,-4,-4,-3,0
1,-17,-27,-2,3,2,-1,0
-3,1,-6,-1,-4,3,-3,-3
-2,-9,-2,-3,0,-1,0,0
9,4,-5,6,1,0,-1,2
-9,13,40,-5,-3,-2,-2,-5
1,2,-32,-4,-3,-2,1,0
-1,2,34,2,-1,-4,0,-1
-3,-3,-25,-9,-4,-3,-1,-2
2,-4,-25,1,4,2,2,0
0,2,-3,1,4,2,0,2
-2,-6,2,2,-3,0,0,0
-1,7,9,3,4,1,2,0
2,-8,-34,2,-1,1,-2,2
0,11,45,1,-5,-4,-2,-3
-12,-26,-34,-20,-9,-6,-4,-8
0,7,9,-3,-5,-2,0,-3
-7,-14,-24,-1,-4,-8,-2,-3
-2,-6,-7,-5,-5,-4,-1,-1
3,10,11,5,1,0,2,1
-2,5,-31,-5,-1,-1,-1,-1
4,-26,50,-3,-9,-4,-1,-1
-15,15,-7,12,4,0,-2,-3
3,-2,-3,-2,4,3,0,-1
-2,-2,-18,-11,-4,-2,-1,-1
1,7,-2,0,0,0,-2,-3
4,-3,-8,-4,-1,0,0,3
-4,2,2,11,4,0,-1,-1
1,-8,17,3,0,0,-2,-2
-2,6,-7,-16,-2,2,1,0
4,-14,3,15,0,-2,0,1
1,3,-5,-5,1,0,-1,0
0,0,-24,-10,-12,0,-3,-1
-3,3,12,0,7,3,-1,-1
0,-3,12,-8,-4,-2,-1,-4
7,8,-7,10,0,-1,-2,2
1,20,42,-3,-3,-1,-1,-1
-3,4,-50,-6,-5,-3,-2,-5
-2,-4,-8,0,6,1,0,-3
3,-2,4,-1,-3,-2,-2,-1
-4,-14,3,5,6,1,0,-1
3,-7,-15,3,3,0,1,1
6,19,4,-3,-6,-3,-1,-1
-4,2,25,-2,0,-4,-3,-3
-3,-12,-5,-1,-6,-6,-1,-3
-1,1,-3,1,-2,2,1,1
-5,-7,-25,-8,0,-3,-4,-2
1,-1,2,-3,-6,-1,-1,2
-3,8,23,11,8,-1,-4,-4
-1,9,-24,-7,-5,-8,-3,-2
2,-5,-3,-8,-9,-1,-1,-1
-2,11,-2,6,4,0,0,-1
2,-13,-23,-6,1,2,-3,2
-1,6,62,4,-2,-4,-1,-1
2,-3,2,2,5,-1,-1,-1
-4,4,-1,1,-3,-4,0,-1
-2,-3,1,2,-2,0,0,-1
-2,-15,-39,-8,1,3,-2,0
-2,7,21,4,-1,-3,-2,-2
-1,-10,-1,-3,-4,-3,0,-3
-4,-10,-12,-3,-2,-6,-3,-1
1,9,9,5,2,2,-3,-1
0,-3,15,-2,-3,0,0,-1
-3,-11,-20,-1,1,1,-2,1
-1,7,5,-4,-6,-2,-1,0
-4,-35,-12,-2,-4,-5,-2,-3
-2,-5,-14,-10,-3,-2,1,0
10,12,17,1,-1,1,0,1
-3,-4,5,1,-1,-1,0,-3
4,7,3,5,-1,0,-1,-1
-4,-7,-16,1,1,-1,-1,-2
0,-3,0,-11,1,4,0,-2
1,2,7,-4,-4,-1,-2,-2
-7,-7,-73,-2,4,3,0,-2
0,14,75,13,8,5,1,1
-5,-8,-22,-6,-4,-2,-1,-4
0,-2,-22,-7,-2,2,3,2
-2,0,2,2,1,-2,-2,-2
-3,-4,-38,-8,-4,-1,-2,-1
-1,0,18,13,2,2,0,1
-2,-8,-3,-6,4,-1,-1,-2
4,2,-6,-1,-6,-4,1,1
0,13,3,-6,-3,-2,-4,0
-5,-45,-1,0,-1,-1,-1,-2
-7,9,-7,4,-1,-2,-1,-3
0,8,18,-9,-4,-2,-2,0
2,1,-4,17,10,2,0,0
-1,11,19,-5,-7,-4,-1,-2
1,-6,25,2,-2,-3,-2,-2
-2,-9,-1,1,2,0,-1,0
-1,-7,-13,-12,-12,-6,-1,-1
-4,-2,-18,0,1,4,-4,1
0,5,-3,5,-2,-2,0,2
-3,9,-7,0,2,-1,-1,-2
3,-4,-5,-14,-4,-1,1,0
0,7,-9,-8,-1,-3,-1,-2
1,-1,2,-1,-6,-5,-2,-1
-2,-4,-2,5,-1,3,-2,-1
1,-3,-31,-10,-2,2,3,1
-2,-4,22,5,7,2,0,3
4,17,13,4,0,-1,0,-2
-6,-5,22,3,-1,-6,-3,-2
-1,-2,-11,-3,-3,-2,-2,-3
-2,0,-21,-3,-2,0,2,-1
-2,-7,-9,-6,-4,1,-1,-1
-2,2,11,0,1,0,1,2
1,-21,2,1,3,1,1,0
-5,1,-14,-3,-5,-4,-1,-2
-2,-11,0,5,1,-5,-1,0
-2,9,5,-13,-8,-2,-3,-4
-5,-10,12,10,4,3,-1,1
3,13,-8,0,1,-1,-1,2
-4,-35,-1,-3,-2,2,2,0
2,-3,-14,1,0,0,-2,0
-3,0,-12,-1,-7,-7,-2,0
0,5,26,4,1,2,-1,-3
1,11,33,12,1,-2,-2,-2
3,-5,1,-3,1,-4,-2,-2
-2,-3,4,-18,-5,-3,1,-2
3,3,-32,9,2,2,1,1
-1,-8,-17,-3,2,1,1,2
-3,-7,0,-4,-4,-5,-1,-1
-2,11,35,11,0,-1,-3,-3
-2,-5,12,-8,-2,-3,-1,1
2,15,-9,-2,-4,-1,-3,-3
-5,-14,-4,-2,1,-2,0,0
-7,-19,-35,-7,-4,-3,1,-1
-2,-3,0,-8,-8,2,2,-1
5,8,-1,3,6,4,3,1
-1,4,14,-1,-7,0,-5,2
-3,4,13,-3,-4,0,0,-6
-4,-7,-2,-3,-3,-2,3,3
1,-1,-16,-2,0,-1,2,-3
2,5,14,-3,-5,0,0,-3
-8,-7,-13,0,0,-3,-4,-3
0,13,17,8,6,-2,-2,-2
-2,-15,-24,-7,-7,-4,-1,3
-1,2,-5,-1,-1,-1,-1,0
2,3,7,-6,-4,-1,-2,0
1,5,-4,-6,-5,-4,-2,-3
1,-9,-27,0,1,1,-4,1
-1,0,27,4,1,1,0,-1
-1,12,-10,1,1,-2,3,0
-1,-3,-6,0,-2,-3,-4,-3
1,6,-9,-8,-3,0,-3,0
-2,-11,5,3,-2,-4,-1,-2
5,8,0,0,-2,-1,0,2
-2,-8,-7,-2,0,-1,-1,0
-1,5,9,-1,-1,2,-1,-3
-1,-8,-34,1,6,2,-1,-1
-1,-3,-2,-1,-2,0,-3,-1
-1,-8,7,2,-6,-4,-2,-2
-4,0,26,-2,-3,-4,-3,-4
0,8,-12,2,-2,-1,0,-1
-1,-2,-2,5,1,0,-2,1
-1,-7,-6,-9,-3,-3,-1,-2
-1,19,28,-2,1,-1,1,1
2,0,4,6,-1,-2,0,-1
3,-1,-24,-6,-3,-2,0,1
-7,6,15,8,1,4,0,-1
-3,-13,-15,-8,-6,-2,-2,-1
-3,7,37,7,6,2,0,0
2,-5,-6,-3,-6,-1,-2,-1
1,2,-19,-7,-2,-3,-2,0
-2,-5,-5,1,0,-5,-2,0
0,1,-19,-3,-4,-5,-4,-4
-4,-6,4,1,0,-1,-1,-1
4,0,2,-1,-1,0,-2,0
-3,12,11,-1,-1,-1,0,-2
1,-18,-19,-8,-4,2,0,0
-3,4,24,7,4,0,-1,-1
0,-5,-38,-12,-5,-1,-2,0
4,14,30,9,-4,-1,-2,0
-4,-7,-3,10,7,5,4,2
0,-7,-31,-12,-6,0,-1,-1
-2,-4,8,3,5,3,2,-3
-3,-7,11,-4,0,0,-1,2
4,11,5,2,1,-1,1,0
-1,-19,-11,-7,-1,3,-1,0
-1,14,-24,0,-2,-6,-6,-2
-1,-23,-27,-5,-5,-3,0,-2
-1,4,10,-10,-3,-2,-2,0
3,3,5,12,9,1,1,-1
-2,-6,5,0,1,0,0,-1
-6,-5,-5,-1,-5,-5,-5,-5
1,6,-3,-5,-7,-4,-2,-1
-2,3,8,7,8,3,0,0
-1,-6,11,2,-2,-2,-1,0
4,3,-13,-2,-1,1,0,0
-12,-10,-17,-9,-4,-2,0,-2
3,19,53,5,-2,-2,-3,-1
-2,-14,-5,-3,-1,-2,2,-3
-4,-13,-26,-2,3,-1,-2,-2
-1,10,19,-2,-3,0,-3,-3
1,8,-8,0,-4,-2,0,0
-3,-1,11,-4,-6,-1,-1,-2
-2,-3,-12,2,6,0,3,2
-5,-38,-36,4,1,-2,-1,-2
-6,15,24,-6,-7,-2,-5,1
4,4,-9,-6,-4,-3,0,0
-5,-2,3,-7,-9,-2,-2,-5
2,-7,-15,5,2,-3,-1,1
-2,1,17,3,0,1,0,-1
-1,-6,3,0,-1,-6,-2,-1
3,-2,-19,-2,3,-2,-1,2
-2,10,23,6,0,0,0,-4
0,-18,-32,-2,-2,-3,-1,-3
-3,15,17,6,0,0,-3,-3
2,3,-7,1,-2,-1,0,0
0,-17,-12,-11,-1,-3,0,1
4,4,-14,2,6,1,1,-1
-1,-3,3,0,-2,3,0,0
-5,-3,13,-2,0,-1,1,0
3,9,8,0,0,1,-2,-2
-2,-3,-2,4,6,1,-1,2
-3,-6,-24,1,3,0,-2,0
-4,-8,24,-4,-5,-5,-3,-5
4,25,9,4,0,0,-2,-1
-8,-28,-49,-10,-5,-2,0,-3
9,23,28,2,-3,0,-1,0
-11,-8,-14,-7,-1,-2,-3,-3
-2,3,-3,-12,-9,-3,-2,-1
7,10,-11,7,3,0,-1,0
-4,-4,13,-7,-5,-2,-4,-2
3,-1,5,5,1,2,1,1
-1,-6,4,-2,-5,-3,-2,-3
-3,7,1,-11,-12,-5,-2,-4
-4,-9,-4,1,-2,-2,-2,-3
5,9,7,3,0,2,1,1
1,2,-19,-1,0,6,2,1
-4,-15,-36,-6,3,0,-2,-2
2,23,81,3,1,-1,-1,-4
-2,2,-17,10,-2,-4,-1,-2
1,-2,-20,8,11,-5,3,-1
-5,-9,6,-6,-6,3,0,0
-4,-14,-40,5,2,-4,-1,-3
2,0,8,-14,-10,-6,-4,-3
7,13,3,-7,-6,-9,-9,7
-11,-2,22,3,7,-3,3,-17
-2,-38,-35,-6,4,-1,-2,-2
-2,0,-2,3,-2,-8,-3,-2
1,-13,-3,0,-7,-1,2,1
0,3,23,-1,-5,-1,-1,4
-2,3,-24,-6,-3,-2,-1,-3
-3,-2,-1,0,-1,2,-3,-5
-3,-17,2,3,1,1,3,-1
1,19,23,9,3,1,-3,3
-3,-8,-9,-7,-4,0,-2,-1
3,-3,-20,3,4,-1,1,1
-3,9,26,-2,0,2,-3,-1
6,3,-15,-7,-8,-3,-1,1
-6,-14,-18,-4,0,-2,1,1
1,0,0,-8,-5,3,0,2
-5,5,-26,1,1,4,2,0
2,-2,3,7,5,3,-2,0
1,0,32,10,-2,1,0,3
-8,4,-28,-19,-7,-2,-7,-7
-2,-1,23,-6,-2,1,2,-2
2,-12,-34,6,6,5,2,5
-6,0,13,-6,1,-5,-3,-3
-3,-4,11,4,2,-1,0,0
1,6,-9,-1,-4,-6,-1,0
1,-8,2,-2,-2,-3,-2,6
-1,-7,-31,-9,-10,-2,-1,-4
6,20,38,13,1,-2,0,0
-12,-2,-10,-9,-4,1,-3,-6
-5,-14,-14,-4,-1,-5,-2,5
-3,8,23,1,-2,-1,1,-20
3,-7,-19,-5,1,-1,-6,2
-1,-2,18,11,0,-3,-1,0
-6,-3,-2,-9,-4,-4,-3,-2
9,30,14,13,9,5,3,5
-6,-19,9,-2,1,0,2,8
1,1,-33,-11,-1,-3,-1,-4
-4,-3,12,-3,-10,-3,0,-9
1,-8,-35,-6,3,5,-4,14
1,1,12,5,3,2,0,-6
-1,-3,-18,-5,-1,1,2,3
1,1,23,10,-6,1,1,-2
4,20,29,3,-6,-4,-6,10
-3,-10,-36,-5,6,3,-2,1
3,14,56,6,-3,0,-1,-6
1,4,-21,-3,-7,-2,-5,-7
-14,-7,0,-5,-2,-2,0,0
0,-7,-9,-6,-6,-5,0,-2
2,16,-6,-3,0,-4,-5,0
-4,-24,14,-5,-3,-8,0,0
3,0,-11,1,0,3,0,-2
-2,9,4,-10,-10,-1,0,-7
-6,-16,-14,9,2,-6,-6,-5
-2,5,18,10,3,2,-2,-1
2,-7,-21,-11,-6,0,1,-1
-7,-3,21,7,5,3,0,-5
3,-19,-42,-15,-5,4,2,0
-2,18,36,6,4,1,-1,0
2,8,-14,-5,-2,0,-1,0
5,5,2,5,1,2,3,2
-2,-2,19,6,2,-2,-2,1
1,0,-37,-10,-3,-4,-1,0
-3,-11,0,1,1,0,2,0
4,0,-2,-1,1,2,-3,4
6,5,18,6,1,2,-1,3
-7,-19,-4,2,5,-2,0,-5
0,5,14,-2,4,-2,-2,-4
-3,-6,4,-3,-2,-3,-1,0
-3,-9,-35,-8,-4,-2,-1,-3
1,20,34,12,2,1,0,3
-4,-10,-7,-11,-6,-6,-4,-6
-2,13,23,12,-3,-4,11,14
-4,-26,-17,-4,3,-2,-23,-5
2,3,-8,0,6,7,5,0
-2,-16,-36,1,0,-6,2,0
1,20,35,-9,-6,-3,-1,-7
-3,6,21,3,-1,-1,4,-3
-2,-6,-17,6,7,-2,-2,4
1,23,53,10,3,0,-3,-1
-1,-11,-30,1,-1,-4,-5,-3
-1,6,14,-3,-3,-3,2,1
-1,4,4,-11,-2,-2,-2,-5
0,-8,-13,9,11,5,4,1
-3,-10,-39,-8,-2,-3,-1,-5
1,29,22,2,1,0,0,4
-1,-11,-3,-8,-7,-2,1,0
0,0,8,5,-2,-7,-2,-2
-1,-3,-7,3,5,5,-3,-2
-1,-6,-18,-3,-6,0,2,-1
0,1,-9,-3,6,3,-3,-2
1,0,-15,5,4,2,3,3
2,-6,-7,-2,-1,0,-3,-4
-9,1,42,-6,-6,-3,4,-19
10,-3,7,6,-3,-7,-2,32
5,6,-4,-23,-23,-10,-6,-8
0,-11,-26,2,2,-4,-17,-15
1,-7,-27,-3,0,0,14,13
-3,-9,6,-25,-8,-1,-4,-6
-3,-9,10,25,2,-1,1,-3
-4,-9,-37,-5,-4,-3,-3,-3
-3,7,32,-2,-4,-1,-4,2
-2,-11,-18,-13,-12,-4,6,-9
-10,-25,-25,-10,4,2,-18,-1
-1,19,3,0,-3,3,7,-1
-1,-2,10,9,9,2,0,-3
0,-4,-16,-1,-1,1,0,-5
-5,-2,22,2,3,2,1,-7
-2,-14,7,6,1,-1,1,4
-3,-6,-33,-15,-7,-5,-2,-4
-3,9,14,13,8,5,-1,-5
0,1,-5,-5,-2,2,4,3
-3,-5,17,-6,-1,-1,1,0
5,10,-7,8,8,2,0,1
2,-9,-40,4,3,4,1,-3
2,15,52,7,6,2,1,7
0,-3,23,1,-4,-2,1,-1
-4,-21,-30,2,0,2,-3,-6
0,14,7,0,-8,-6,-5,-3
-1,-9,-32,-16,-6,-1,3,1
1,2,-1,-14,0,3,2,2
3,-3,4,12,1,-1,-3,1
-4,-7,-6,7,-2,-1,-4,-5
-5,6,-5,-14,-5,-7,-1,0
-6,16,22,4,0,-5,-4,-35
-1,-1,-6,-5,-2,0,-3,0
-4,-3,9,-1,-1,3,1,-1
-1,-3,-25,-7,-6,-2,-1,-1
-1,-3,2,5,7,-1,-1,2
2,-7,0,-8,0,1,0,1
0,9,5,6,1,-4,-1,-4
5,4,7,7,5,0,0,-2
-14,-7,-16,-3,-3,0,0,6
4,-8,10,0,1,-3,0,-1
-1,18,16,-4,-4,-3,-1,-2
-2,-12,-23,-1,4,0,1,-3
4,1,2,3,-4,-3,-1,5
-8,-12,-23,-4,-2,-2,-4,-3
-6,-2,5,8,5,3,2,-4
3,2,3,-1,1,7,2,2
4,2,14,2,2,2,0,5
-1,-5,-23,-7,-3,0,2,-1
-1,8,56,7,6,-1,-1,3
-4,-16,-25,-5,-5,-1,0,-3
3,-10,5,8,9,-1,3,8
0,4,-19,2,1,-1,-1,2
5,2,-2,-8,-7,-7,-5,-2
-10,-9,-2,-4,-10,-12,-5,-7
2,-4,-13,-9,-7,-5,-4,-2
0,16,36,-4,-7,-8,-2,-2
-3,-10,-7,6,7,1,-1,-3
2,19,-8,1,2,5,4,1
0,3,5,12,6,2,-1,-1
-7,21,23,-3,3,-2,-1,-2
1,-5,-7,2,-2,0,-3,-3
0,6,-1,1,-3,-2,1,0
0,-13,-19,-2,2,-1,0,2
-1,-6,1,-14,-6,0,-3,-4
0,-3,-57,-10,-4,-1,2,-2
0,-10,58,5,-1,-1,-3,-4
1,-3,-16,-1,-5,1,-1,0
0,-18,-17,0,-4,-8,-1,-1
-2,23,-1,-14,-6,0,0,-1
-4,-39,-11,2,2,-5,0,0
-2,3,9,-10,-13,3,0,-3
1,9,-2,-1,0,0,0,-1
1,-28,-29,0,6,0,2,3
0,13,4,10,2,3,0,0
1,5,20,-2,1,-1,0,0
-5,-5,-12,-3,-9,-4,-3,-2
-1,-10,-3,-7,-4,-1,0,-1
-8,4,23,1,6,6,0,-3
7,-2,5,-8,-4,-3,-2,-1
-5,14,24,7,2,-1,-2,0
-8,-26,3,-2,-6,-6,-2,-1
1,-6,-45,-5,-1,1,2,1
-1,16,-2,3,6,2,1,0
-2,-14,-3,-20,-11,-4,-2,-4
-5,-5,12,15,6,5,0,1
5,14,17,4,2,-2,5,2
-7,-1,-18,3,-5,1,-5,-2
1,-6,-2,0,6,7,3,1
-2,-3,-23,-13,-8,-7,-2,0
6,19,29,-5,-9,-3,-7,3
-7,-18,-1,3,5,-1,2,-1
-1,-4,-13,3,2,-1,1,-5
1,7,8,-3,0,2,-2,0
-2,-1,7,2,-1,0,3,0
6,10,15,0,2,5,3,2
-5,-30,-31,7,8,-2,-3,-2
3,42,23,-4,-8,-11,-4,-4
-6,-1,-19,-8,-8,-3,-1,1
5,-4,-26,-8,-3,-3,-6,1
0,0,-21,-2,-4,-3,-3,1
-3,1,69,13,9,6,2,-6
-1,-5,-28,-3,5,-4,-2,-2
-2,10,26,6,-3,-8,-2,-1
3,3,-21,1,-2,5,4,3
-2,-14,-38,-12,-8,-4,-7,1
-1,2,27,3,1,-9,-4,-3
-5,-15,-31,-2,0,-5,-3,-2
1,2,15,-11,-12,-2,7,0
-2,-2,14,1,-1,-1,-18,-5
-1,-1,-37,-6,-6,-4,-3,-4
-5,-4,45,3,-6,-2,2,-1
-2,7,0,-3,-2,1,-4,-4
0,-3,-44,-9,-5,-2,4,-1
6,-3,30,5,3,-1,-3,2
0,23,-22,-3,-3,-4,-2,-4
-5,-1,36,-2,-8,-2,-4,-2
0,-10,23,-4,1,1,4,1
0,-6,-39,12,4,4,-3,-4
-3,-6,11,0,0,-3,2,-2
5,5,11,5,-2,-3,-2,0
-3,-6,-12,-2,-2,-2,4,1
0,2,15,-11,-7,-2,1,0
4,11,-41,-18,-11,-10,-3,0
-7,-16,30,9,-1,-1,-1,-1
2,6,-13,-3,0,1,1,-2
-3,-1,-21,-8,-7,-3,-2,-4
1,-13,0,6,-4,11,2,0
3,25,1,3,12,6,0,0
0,-7,5,-1,-4,-3,2,0
-3,-10,-2,-9,-4,-5,-4,0
-2,-12,1,1,0,-2,3,-2
-2,-5,-9,-2,-3,-4,-3,-3
0,0,-11,0,0,5,2,1
-6,-5,-34,5,1,4,-1,-4
-3,-8,38,2,1,0,-3,-3
1,0,-19,1,4,1,1,1
1,3,-5,-5,-6,-4,0,0
-1,-4,-6,-8,-4,0,-3,-2
-4,-10,-16,-1,2,-6,-3,-1
1,-2,10,3,2,0,0,-2
-3,-1,-9,0,-1,3,1,0
-2,7,16,-3,3,5,0,-1
-2,9,43,13,2,-5,-3,-1
-3,-29,-20,-5,-8,-2,-2,-4
0,2,-6,-6,-4,-4,-2,-1
0,-10,-8,1,3,-1,-1,0
2,16,-19,-20,6,-1,0,1
-2,-19,-18,14,4,-2,-4,-2
1,6,3,-3,0,-5,-2,0
-6,2,10,-2,-7,-5,-4,-28
-2,-9,-32,-10,-1,0,1,3
1,11,32,-10,-9,1,0,-2
-2,-5,-5,0,2,-3,-1,-3
1,2,-2,-3,-3,-2,-2,1
-3,-7,-11,8,6,3,2,-2
5,11,-47,0,6,2,3,-3
-10,26,84,1,-3,-3,-2,-2
1,-2,-1,5,0,1,4,4
0,-10,-7,4,3,2,-1,1
-4,2,-20,-18,-15,-9,-3,3
2,-6,-24,10,6,2,2,1
12,25,16,1,4,-4,0,7
-6,-6,7,-4,-9,-5,-5,-6
-3,5,25,0,-3,-1,-5,-2
-2,-11,2,1,-2,-3,-5,-5
-1,-5,7,7,6,2,0,0
-2,-2,39,2,-2,2,1,2
4,18,33,4,3,0,1,1
-1,-8,-25,-3,-6,2,-1,4
-4,-2,-19,-10,-4,2,-2,4
-1,1,-6,-15,-5,-5,-1,-4
-4,-12,-23,7,-4,4,-2,-1
6,5,7,0,2,-2,0,0
-2,-7,-2,-2,-1,2,1,-1
-4,-3,-11,-4,-5,-8,-1,-2
0,7,-7,-7,3,4,0,-1
1,-10,14,3,-10,-8,-4,-4
-8,-5,12,-4,2,0,2,0
1,-3,-21,3,1,4,-1,-2
-1,-6,17,4,9,0,2,0
-2,2,-18,-4,-7,-3,-1,-1
3,-6,-8,0,3,-4,-1,0
-2,-36,-2,0,2,5,-1,-1
-13,32,-6,-4,-5,-6,-4,-6
0,-7,-4,-4,3,-2,-2,-6
0,-6,46,3,-7,-6,-5,8
2,-4,-24,-4,-4,-2,-2,-3
3,-11,-4,-6,-4,-1,13,4
-3,-5,-13,-8,-3,3,-18,-3
-4,1,0,13,8,2,5,0
2,12,11,-3,-3,-1,-2,-2
-2,-18,-19,-9,-5,-9,-6,-1
-3,6,-4,7,-2,-4,5,-1
4,9,57,8,3,0,-6,-3
-3,-7,-48,-6,-3,-2,-3,2
-1,-8,-11,-3,-2,-1,-1,-3
-3,-21,-30,-11,-3,1,3,1
8,15,-20,0,-2,0,-4,-1
-15,6,22,4,-2,-5,0,-3
6,-15,14,-1,-2,-1,-3,0
3,9,-27,-6,-2,0,2,0
-3,-8,31,0,-6,-5,-3,-2
0,1,11,5,2,-1,-2,-2
5,2,-28,-9,0,3,-3,-1
-6,-24,-20,7,3,-3,-2,-2
-1,50,61,-1,-5,-1,3,-6
0,-49,-33,0,-4,1,-3,2
-4,-1,-6,9,3,0,-4,-1
1,9,7,-1,2,0,3,1
-3,-16,-52,-13,5,1,0,2
3,10,21,5,0,0,-2,-2
1,18,2,-4,-4,1,-2,-1
0,8,13,-1,0,-2,-1,2
-3,-16,-19,6,-2,0,3,-3
7,15,12,-3,0,0,0,-1
-3,-13,16,-5,-2,-7,-2,-2
-3,-9,-5,4,1,0,0,-2
5,30,10,10,6,5,2,2
-3,-9,-9,-3,-4,-4,0,-3
-1,4,23,4,2,3,0,2
-2,-2,-2,-9,-2,-7,-3,-2
-5,-18,-22,-7,-9,-4,-4,-3
-1,20,9,-2,-5,-2,0,2
1,-7,-4,-1,-1,-1,0,-1
-8,6,9,1,-3,-2,-3,-2
-7,-28,-6,-5,-1,-2,-3,-1
3,4,7,-3,-3,-1,10,1
-5,-10,-30,-9,-5,-4,-23,-6
4,-13,55,4,-2,4,4,2
2,35,-13,1,-4,-5,-5,-1
-5,2,-3,1,3,-1,1,-2
-2,4,22,5,-4,-6,3,-2
-1,-13,-25,-9,-5,-9,-4,-3
0,-12,-14,-6,0,6,-2,0
-2,1,20,3,-1,2,-4,-1
-2,-15,-31,-10,-1,1,3,1
5,18,6,9,1,2,-1,2
-9,-11,27,-15,-2,-2,3,-2
0,0,-11,16,6,2,-4,-1
-1,0,5,1,1,-2,2,-1
1,10,-15,-6,-3,-1,0,-1
-4,-18,-25,-9,-4,-6,-5,-3
6,-2,10,2,2,6,0,-3
0,29,22,5,-3,-3,-1,0
-4,-11,14,2,6,4,0,-2
2,-4,3,7,-3,-1,-1,1
-3,10,10,-9,-2,-4,-1,-3
-1,0,-9,7,5,2,2,2
-1,0,-4,1,1,-4,-1,-3
-4,-19,-27,-10,-12,-3,-4,-4
0,3,-6,-2,0,-8,-4,-2
4,-9,16,4,2,2,3,1
-13,15,-20,-2,2,-1,-2,0
8,-34,-3,-2,-1,-7,-2,3
0,7,9,-7,-7,-3,-1,-2
-2,-20,-8,-1,-4,-7,-4,-5
1,-6,-14,-7,-5,1,3,-1
-3,5,-7,2,9,5,2,0
0,-6,-26,-1,0,2,-1,2
2,-6,-3,-9,0,0,-2,0
3,-4,22,10,-8,-1,-2,-1
-1,8,-30,-4,-3,-3,-1,-2
-9,-26,11,0,2,3,-2,-2
-2,-2,-36,-10,-6,-2,0,-2
1,2,21,1,5,2,10,0
1,5,-2,2,-6,-4,-21,-3
-3,5,-12,-2,8,-2,0,0
-1,-2,15,-2,-1,1,4,1
-2,-14,-24,-6,0,-6,-5,-1
-2,-11,-43,2,3,0,6,1
-1,34,90,8,-4,-2,0,-2
1,-11,-23,3,1,-2,-6,4
-2,-7,-10,-10,-6,-5,-2,-3
5,8,-28,-1,-3,2,2,2
-8,5,24,2,-6,0,-4,0
-1,9,9,2,11,3,7,0
6,17,13,15,-5,-2,-3,1
-1,-3,7,-2,0,-1,1,-1
2,-8,-27,-9,-3,0,1,2
-2,1,17,6,-4,-2,-5,-2
0,-8,-25,-6,0,3,-2,0
-7,32,54,-1,-4,-2,2,-1
9,5,-14,-4,0,2,1,3
1,-1,13,0,-3,-2,-1,-3
-2,-13,-9,-2,-1,-1,-4,-3
-2,-1,-12,2,5,0,1,-2
-1,-38,-24,-3,-7,2,-1,-1
-3,16,18,5,13,3,-2,-2
3,6,-1,-6,-8,1,0,2
-3,-23,1,0,2,1,0,-1
5,29,15,4,-1,1,-2,1
-7,-30,-26,-4,-6,-2,-3,-3
-3,9,-6,-1,3,-1,-1,-1
-2,-8,8,-3,-2,2,1,0
-3,0,-27,-12,-6,-4,-3,-9
1,6,6,11,0,-2,2,0
2,16,17,-18,2,0,0,1
-2,-40,-58,11,-6,-6,-2,-1
-3,21,54,2,4,2,1,-1
0,5,-14,-1,-2,-2,7,-1
-14,-6,5,3,3,0,-8,-6
1,-7,-34,-10,-6,-9,-2,-1
2,-10,30,15,7,-6,-4,1
4,28,-3,-6,-10,1,4,2
3,5,-23,2,8,1,-1,-1
-3,-8,36,-3,-2,0,-2,-2
-5,-15,-39,-9,-2,-5,1,-1
-8,-6,17,8,5,13,-1,0
20,0,-13,3,-1,-1,1,4
-11,18,35,-1,-3,-4,-4,-8
0,-18,-38,-13,-4,0,1,-1
-3,-7,9,-4,-5,-5,-6,-4
-6,-6,-13,-6,-11,-3,-2,-4
7,9,23,6,7,4,4,3
-12,-13,6,3,-2,-5,-4,-3
2,7,-30,-9,-3,-1,-3,2
-2,-13,11,5,5,2,-1,2
2,18,-44,-7,-5,-6,-2,0
-3,-12,-1,-2,-7,0,-2,-1
4,20,29,6,-1,-5,-4,-1
-6,-44,-4,-3,-10,-1,2,-4
3,1,22,6,16,7,-1,7
1,7,-30,-1,9,-1,1,1
-6,-17,1,-9,-5,0,0,-2
-2,5,21,9,-5,-4,-2,-1
-5,0,-4,-3,1,-1,0,-4
-2,23,-15,2,2,-1,-1,1
4,-8,4,2,-1,-3,-3,-3
-7,2,-4,-9,-6,-6,-2,-5
4,-6,3,7,3,1,0,2
1,15,-2,-9,-5,-2,-1,1
-3,-24,-15,-3,0,-1,0,-1
-3,17,10,3,1,0,-1,0
2,3,-13,-5,-1,1,1,-3
-3,-10,41,6,-2,0,-2,-2
2,7,6,-3,0,0,-1,0
1,3,15,1,3,-3,1,-2
-1,-6,-1,4,-6,-1,6,0
-7,-7,-37,-4,2,1,-17,-6
-3,-4,10,-16,-6,-5,-2,-1
-1,-7,-15,23,12,2,0,1
-1,16,33,-3,-4,-2,1,0
-1,-19,-31,-9,-9,-4,0,-4
1,-2,-8,5,6,-7,-2,1
0,5,-14,-7,2,1,-1,0
-7,-20,8,-7,-6,-3,-3,-1
4,4,22,6,-1,1,4,2
-2,1,-1,2,-3,3,-1,-2
-4,-3,-5,-4,0,0,3,-2
0,-16,-32,-9,-6,-2,-7,-4
0,13,0,0,6,-1,1,-2
-6,-15,-14,5,0,-2,0,-1
-1,18,57,-3,-10,-2,-1,-3
2,17,-5,-4,2,0,-3,-3
-4,-45,-45,1,0,2,0,1
6,26,13,-3,-4,-3,2,2
1,5,7,0,2,1,-1,-1
