(0, 0, 0, 0)
(0.8296005, 0.278656, -0.13604562, 0.464333475)
(0.827172458, 0.264382482, -0.14639537, 0.4737679)
(0.8257487, 0.279954255, -0.135752663, 0.4704635)
(0.827435553, 0.263957262, -0.1458304, 0.473719776)
(0.829124, 0.278438836, -0.134847879, 0.4656624)
(0.8289913, 0.262782484, -0.145309731, 0.471809238)
(0.828571439, 0.278367728, -0.134423777, 0.466809362)
(0.830264747, 0.2624393, -0.1444296, 0.470027715)
(0.8297168, 0.278098255, -0.133519858, 0.465192318)
(0.827673733, 0.263662666, -0.143771574, 0.474097)
(0.830874443, 0.276636273, -0.133148327, 0.464103043)
(0.828535438, 0.262322962, -0.143275559, 0.473484725)
(0.8290551, 0.277526349, -0.132020324, 0.4671374)
(0.82984376, 0.261508465, -0.142151132, 0.4719806)
(0.823018968, 0.2720448, -0.136784211, 0.479501456)
(0.830980837, 0.265973955, -0.137545019, 0.4688391)
(0.8377896, 0.270716578, -0.1309179, 0.455721051)
(0.831643462, 0.262550563, -0.1380884, 0.4694336)
(0.824328661, 0.270390123, -0.1347592, 0.478760272)
(0.8328984, 0.267487049, -0.132910192, 0.465903342)
(0.8399704, 0.255279, -0.137649819, 0.458622754)
(0.8336587, 0.263849825, -0.133260652, 0.466516882)
(0.8322932, 0.247892931, -0.1432609, 0.47467193)
(0.8318495, 0.2628727, -0.132487521, 0.470501274)
(0.825324237, 0.259733379, -0.136838228, 0.482341856)
(0.8185687, 0.25821048, -0.140183672, 0.493579984)
(0.8282236, 0.2609474, -0.134242222, 0.477421522)
(0.837024, 0.259171873, -0.131266877, 0.463670015)
(0.8441934, 0.247969747, -0.135114223, 0.455623269)
(0.8375053, 0.242174089, -0.1403895, 0.469283849)
(0.8417797, 0.25402844, -0.130623847, 0.458054364)
(0.8489274, 0.243132129, -0.134188175, 0.4496695)
(0.8417116, 0.25191012, -0.130186588, 0.459471941)
(0.8478318, 0.2579711, -0.122812346, 0.446709543)
(0.841471136, 0.249444366, -0.129790574, 0.461365461)
(0.833652556, 0.256368577, -0.127158076, 0.472365677)
(0.8405672, 0.245901182, -0.130975962, 0.464569449)
(0.844596267, 0.257211357, -0.121269964, 0.453644216)
(0.841397464, 0.2431688, -0.130619362, 0.464605)
(0.8393494, 0.259027153, -0.120009594, 0.462596059)
(0.838593662, 0.243347108, -0.130266085, 0.469652742)
(0.8314032, 0.238660067, -0.135669962, 0.4831187)
(0.832062662, 0.25476262, -0.12458425, 0.4767039)
(0.8401968, 0.254666179, -0.121458746, 0.4631008)
(0.8462993, 0.243119746, -0.126302615, 0.4568567)
(0.838296056, 0.244881287, -0.127866939, 0.4700458)
(0.8419245, 0.257732958, -0.11805363, 0.4591299)
(0.845185161, 0.242135063, -0.126969978, 0.459250748)
(0.846694946, 0.2571209, -0.116428293, 0.4510442)
(0.844890654, 0.242186323, -0.126358435, 0.4599339)
(0.8408246, 0.2574269, -0.117398016, 0.461479247)
(0.840227, 0.241640568, -0.1276415, 0.4683332)
(0.84520036, 0.252374142, -0.118384391, 0.455992132)
(0.8383652, 0.24686487, -0.123909511, 0.469944566)
(0.840921462, 0.260455936, -0.1132693, 0.460634261)
(0.8364374, 0.249049976, -0.122143805, 0.472681135)
(0.844163835, 0.24600327, -0.120926052, 0.4607023)
(0.8359272, 0.248563036, -0.121658593, 0.4739634)
(0.843552351, 0.243541464, -0.121757396, 0.462906182)
(0.8354568, 0.245754912, -0.122877687, 0.4759386)
(0.842806935, 0.248836979, -0.118135907, 0.462385863)
(0.834648669, 0.251454622, -0.119177781, 0.4753198)
(0.842431247, 0.251566827, -0.115839332, 0.4621743)
(0.845924735, 0.2359079, -0.124305256, 0.4618517)
(0.8400454, 0.248799577, -0.1176726, 0.467520773)
(0.8442085, 0.233707488, -0.12581645, 0.465685517)
(0.8453306, 0.248684213, -0.11518009, 0.458591223)
(0.8384783, 0.242556944, -0.121210694, 0.47268194)
(0.845195353, 0.247026458, -0.115399323, 0.459680021)
(0.8377025, 0.244408578, -0.1197167, 0.473483771)
(0.8399086, 0.2586825, -0.109112129, 0.464468956)
(0.847201347, 0.2496175, -0.111653432, 0.455493569)
(0.8392243, 0.249320745, -0.114189878, 0.4695768)
(0.8421802, 0.233333856, -0.123155847, 0.470234454)
(0.8350628, 0.242605656, -0.119186588, 0.479173332)
(0.8426934, 0.245582446, -0.114173159, 0.465318769)
(0.8497724, 0.249245614, -0.108585879, 0.451633364)
(0.8423295, 0.2457217, -0.113013685, 0.4661863)
(0.8346316, 0.243695632, -0.116567388, 0.480015069)
(0.84236443, 0.245508879, -0.11206048, 0.466465443)
(0.849541068, 0.2485091, -0.106819548, 0.452893674)
(0.842423, 0.244604632, -0.111502834, 0.46696803)
(0.8361599, 0.2365935, -0.118449315, 0.4804476)
(0.8427136, 0.242684215, -0.111640669, 0.4674126)
(0.8347159, 0.242159113, -0.114334665, 0.481181771)
(0.842033148, 0.244903326, -0.109268554, 0.468041539)
(0.838956952, 0.230916128, -0.119060121, 0.478177547)
(0.843554139, 0.2418677, -0.109787695, 0.4667582)
(0.8404516, 0.227870673, -0.119507387, 0.476900339)
(0.8424275, 0.242351592, -0.108837917, 0.4687599)
(0.8368965, 0.232603639, -0.11684069, 0.48150596)
(0.838965058, 0.247056916, -0.106084168, 0.473124385)
(0.846634746, 0.240518466, -0.107033491, 0.4624979)
(0.838662565, 0.243990451, -0.107110336, 0.4750169)
(0.846371949, 0.2432347, -0.10422942, 0.462198555)
(0.839074254, 0.240007743, -0.108670667, 0.475963563)
(0.8310642, 0.244202375, -0.108437315, 0.48778975)
(0.839147568, 0.2418176, -0.107052445, 0.475284427)
(0.846404552, 0.2442325, -0.102370426, 0.462028265)
(0.8389448, 0.24082081, -0.106938221, 0.47617355)
(0.846680164, 0.236416727, -0.106740832, 0.464592457)
(0.8386851, 0.24044022, -0.1066266, 0.4768925)
(0.846217453, 0.234429941, -0.107655868, 0.466228366)
(0.8400667, 0.247108817, -0.101048522, 0.472244024)
(0.841279745, 0.230766445, -0.111014679, 0.47609973)
(0.842635155, 0.2456055, -0.100297824, 0.4685983)
(0.841568351, 0.229996979, -0.110612519, 0.4760556)
(0.838901639, 0.245925739, -0.1007061, 0.4749977)
(0.8461766, 0.236643136, -0.103928424, 0.46603)
(0.840575159, 0.2501264, -0.09672993, 0.4706523)
(0.8420209, 0.2338454, -0.106635682, 0.474284619)
(0.8388981, 0.249582231, -0.096835956, 0.4739001)
(0.840308845, 0.233332857, -0.106920823, 0.477498531)
(0.84252286, 0.247573689, -0.0963207558, 0.468598843)
(0.840487063, 0.232916832, -0.106631257, 0.477452576)
(0.8422775, 0.247410834, -0.0959737748, 0.469196618)
(0.843153358, 0.2310687, -0.106199622, 0.473731369)
(0.8451486, 0.24523589, -0.09567764, 0.465219319)
(0.841651559, 0.232042283, -0.105290696, 0.476122946)
(0.845126033, 0.244543537, -0.09537056, 0.465687662)
(0.84062165, 0.233015209, -0.104277425, 0.4776876)
(0.841615, 0.248019829, -0.09353702, 0.4705542)
(0.840441942, 0.232606843, -0.104021266, 0.478258282)
(0.8430456, 0.2461746, -0.0937162, 0.4689237)
(0.840375066, 0.232090473, -0.103700861, 0.4786961)
(0.844275355, 0.243985564, -0.0939500853, 0.467807144)
(0.83866477, 0.234763473, -0.101864152, 0.480781823)
(0.8440011, 0.244352892, -0.09336951, 0.468226463)
(0.8390634, 0.234530121, -0.10170579, 0.4802334)
(0.846177638, 0.238627344, -0.09599923, 0.466716737)
(0.843010962, 0.224694625, -0.1057072, 0.477148741)
(0.843878567, 0.239909485, -0.09488765, 0.4704347)
(0.8377843, 0.232175514, -0.101896226, 0.483558744)
(0.843750954, 0.240160361, -0.0939979, 0.470713973)
(0.843745947, 0.223907754, -0.10410478, 0.4765715)
(0.8405775, 0.239536539, -0.09430806, 0.476610631)
(0.8419323, 0.223132774, -0.104279414, 0.480091155)
(0.844379365, 0.23707518, -0.0938068852, 0.471189141)
(0.8418539, 0.2225162, -0.103837445, 0.480610251)
(0.8441342, 0.236665428, -0.09323924, 0.471946359)
(0.8364291, 0.235142276, -0.096547626, 0.4855645)
(0.844027, 0.235391751, -0.09310935, 0.472800046)
(0.836841345, 0.230224341, -0.09843478, 0.4868305)
(0.844432235, 0.230995983, -0.0947408, 0.4739189)
(0.8380971, 0.24326323, -0.08834144, 0.4802209)
(0.8429929, 0.2286542, -0.09600122, 0.47735095)
(0.836292, 0.239632681, -0.0907600746, 0.484720975)
(0.8439017, 0.231182948, -0.09345758, 0.475026548)
(0.8503191, 0.236669824, -0.08696666, 0.46193257)
(0.8433432, 0.231614918, -0.09249833, 0.4759947)
(0.8355677, 0.2309534, -0.0952539, 0.489299268)
(0.8431237, 0.233376935, -0.0907852054, 0.475852728)
(0.85041815, 0.235605389, -0.08628633, 0.462421417)
(0.8428597, 0.233242825, -0.0902024955, 0.4764965)
(0.849420846, 0.2221547, -0.0946569443, 0.469224334)
(0.842183352, 0.231213853, -0.0909601, 0.478532881)
(0.846823931, 0.216490015, -0.09883731, 0.475659966)
(0.8427671, 0.231647566, -0.09000989, 0.4774739)
(0.8368359, 0.244985282, -0.0828106, 0.482524842)
(0.8437436, 0.234116659, -0.08709119, 0.4750801)
(0.8486472, 0.219650969, -0.09439822, 0.471847773)
(0.842446446, 0.2318086, -0.08823836, 0.478291541)
(0.848768532, 0.219472423, -0.0938112, 0.4718297)
(0.8428733, 0.23239398, -0.0871009156, 0.4774631)
(0.850061834, 0.223349169, -0.09008766, 0.468395531)
(0.8426556, 0.231857225, -0.08679112, 0.478164375)
(0.8500596, 0.22314094, -0.08947311, 0.468616247)
(0.8424268, 0.230059355, -0.0872788, 0.47934562)
(0.8501172, 0.224682063, -0.0877089351, 0.468108863)
(0.842538059, 0.2324338, -0.0849890262, 0.478415251)
(0.8502535, 0.227496326, -0.08493011, 0.467013121)
(0.8424168, 0.228498951, -0.08675452, 0.480203837)
(0.8498858, 0.220584691, -0.0889904946, 0.470231026)
(0.842240453, 0.227821767, -0.0866604, 0.48085162)
(0.8475427, 0.236517087, -0.07859271, 0.4685661)
(0.8423032, 0.226400644, -0.08687052, 0.481374681)
(0.847033858, 0.236531138, -0.077807866, 0.469608963)
(0.842418134, 0.2254373, -0.08653962, 0.481685162)
(0.8496521, 0.2278766, -0.0819534138, 0.4684518)
(0.8426631, 0.2230474, -0.08729789, 0.482232153)
(0.8461658, 0.235655591, -0.0773255453, 0.471689343)
(0.841807, 0.22406961, -0.08628316, 0.483434528)
(0.8483498, 0.2301801, -0.07952335, 0.4701017)
(0.8415827, 0.224635139, -0.08543903, 0.4837124)
(0.8467229, 0.233973756, -0.07691907, 0.471593142)
(0.840585649, 0.226020366, -0.0840342939, 0.4850451)
(0.846071839, 0.234846532, -0.07561383, 0.4725381)
(0.845407, 0.219290122, -0.0857718661, 0.4794184)
(0.841466963, 0.234881386, -0.07648769, 0.480534762)
(0.848368764, 0.22441864, -0.08051923, 0.4726768)
(0.840858459, 0.234135374, -0.07635734, 0.4819826)
(0.848677158, 0.2304503, -0.0752961561, 0.470074624)
(0.841670036, 0.225787908, -0.08045326, 0.483878583)
(0.8494515, 0.222773552, -0.0792561, 0.47172296)
(0.8414715, 0.224992678, -0.08024451, 0.4846287)
(0.8480435, 0.230028823, -0.07403126, 0.471623)
(0.8407616, 0.226373211, -0.0787114352, 0.4854684)
(0.8483303, 0.226853088, -0.07514619, 0.4724685)
(0.8433304, 0.216107428, -0.08356166, 0.4848803)
(0.846178234, 0.229283869, -0.07335384, 0.4754268)
(0.8399398, 0.221400484, -0.08043299, 0.4888902)
(0.844943, 0.231260344, -0.07150228, 0.476945937)
(0.8466557, 0.214724541, -0.08126538, 0.480066)
(0.8435255, 0.230424628, -0.0713674, 0.4798707)
(0.84320575, 0.2142515, -0.0816221, 0.486249179)
(0.8409087, 0.230270416, -0.0712187, 0.4845367)
(0.848114669, 0.220882043, -0.0742688, 0.475811839)
(0.841025054, 0.23146686, -0.06943169, 0.484023869)
(0.8450254, 0.2159346, -0.07805499, 0.482919872)
(0.8402765, 0.230602443, -0.06960227, 0.48570922)
(0.8473058, 0.220406353, -0.07350419, 0.477588832)
(0.8435859, 0.236028135, -0.0638767257, 0.478093445)
(0.8442314, 0.219653457, -0.07403897, 0.4832637)
(0.849774837, 0.228075191, -0.06582482, 0.4706714)
(0.844754159, 0.218095019, -0.0740243047, 0.483058453)
(0.8497352, 0.227786928, -0.06535188, 0.470948279)
(0.8433814, 0.22053735, -0.07204325, 0.484645)
(0.8442572, 0.235351, -0.06109442, 0.477605522)
(0.8429676, 0.220098749, -0.0713619739, 0.485664129)
(0.847235739, 0.231239662, -0.06190516, 0.4742231)
(0.8450069, 0.21676755, -0.07187476, 0.48353827)
(0.841630161, 0.232764885, -0.06200793, 0.483357131)
(0.8447631, 0.216687635, -0.07122105, 0.4840963)
(0.8367441, 0.220129475, -0.07139736, 0.4962909)
(0.8445026, 0.2201008, -0.06834815, 0.4834247)
(0.848057866, 0.232045636, -0.0586537719, 0.472771049)
(0.8452666, 0.21817486, -0.0685317, 0.482936382)
(0.8372209, 0.223098978, -0.0677677542, 0.494666964)
(0.8452725, 0.220060989, -0.06662696, 0.482336551)
(0.843178034, 0.205259323, -0.0768502, 0.490931123)
(0.847679555, 0.21607922, -0.06766517, 0.479760945)
(0.8399666, 0.2132297, -0.0717383, 0.4938043)
(0.8457712, 0.221182346, -0.06383312, 0.481325954)
(0.8384665, 0.217324615, -0.0686453059, 0.49500677)
(0.8457335, 0.219530761, -0.06409331, 0.482113153)
(0.838098466, 0.228357941, -0.0603577457, 0.49173218)
(0.845634162, 0.219800666, -0.06267461, 0.482350975)
(0.8393612, 0.212144583, -0.06954744, 0.4956115)
(0.8450057, 0.220598847, -0.06154679, 0.483232349)
(0.837958634, 0.216303751, -0.06673591, 0.496572673)
(0.844893634, 0.2211338, -0.060648378, 0.4832973)
(0.8526249, 0.217282608, -0.0597300269, 0.4714355)
(0.8447985, 0.218077809, -0.0615433156, 0.484736979)
(0.8393615, 0.208299115, -0.06959372, 0.497232854)
(0.8458436, 0.21458821, -0.0629867762, 0.484286249)
(0.839000463, 0.2261197, -0.0576168969, 0.491557151)
(0.846673369, 0.220565587, -0.05811229, 0.480747133)
(0.839241862, 0.216813385, -0.06300657, 0.494666785)
(0.8465139, 0.21930939, -0.0584434643, 0.481562078)
