(0, 0, 0, 0)
(-0.922994435, -0.0916406959, 0.06572751, 0.3679173)
(-0.915248036, -0.0949880853, 0.06385637, 0.386291057)
(-0.9070403, -0.0989158452, 0.06291812, 0.404394448)
(-0.9015795, -0.08811287, 0.0566487052, 0.419739783)
(-0.8945363, -0.101409078, 0.0616382658, 0.430954218)
(-0.9009889, -0.09917371, 0.06279778, 0.417660177)
(-0.9072012, -0.10313797, 0.0664860159, 0.402403057)
(-0.904291153, -0.0910635, 0.0593796223, 0.4128426)
(-0.910801053, -0.09125525, 0.0610859245, 0.397972763)
(-0.9049434, -0.0870049149, 0.0571330748, 0.412605554)
(-0.9093754, -0.07232836, 0.0511813425, 0.4064301)
(-0.9055925, -0.09024062, 0.05846792, 0.410292774)
(-0.9119717, -0.08361469, 0.05662083, 0.3976307)
(-0.9053652, -0.0933416, 0.05896555, 0.4100295)
(-0.8986575, -0.101946443, 0.06086859, 0.422275633)
(-0.905524433, -0.09714965, 0.0601189546, 0.408623576)
(-0.9086401, -0.111446068, 0.067310594, 0.3967647)
(-0.9036839, -0.10483671, 0.0620323829, 0.410507947)
(-0.9086595, -0.09054885, 0.0565700941, 0.403656423)
(-0.908158541, -0.109303467, 0.06507831, 0.398830265)
(-0.913091063, -0.09479395, 0.0594684966, 0.3920997)
(-0.9069588, -0.106822886, 0.0627476051, 0.402588248)
(-0.905906856, -0.09131504, 0.0545391254, 0.409901977)
(-0.9081586, -0.10674952, 0.0625851, 0.3999194)
(-0.909793556, -0.08939585, 0.05507684, 0.4015603)
(-0.906077147, -0.107249185, 0.06270287, 0.404462725)
(-0.9125441, -0.103713155, 0.0635259151, 0.390476018)
(-0.9059488, -0.110575661, 0.06478245, 0.4035257)
(-0.911698, -0.09840587, 0.0612647571, 0.394169539)
(-0.905545652, -0.109310322, 0.06491019, 0.404753029)
(-0.912056446, -0.104889877, 0.06558984, 0.390959144)
(-0.905411363, -0.1143513, 0.06841687, 0.403079361)
(-0.9117075, -0.106080495, 0.06728971, 0.391163)
(-0.904848933, -0.114197515, 0.06936703, 0.404222071)
(-0.9109825, -0.105128296, 0.06780611, 0.3930155)
(-0.904695153, -0.118687257, 0.07264206, 0.402694762)
(-0.909576952, -0.104766235, 0.06807823, 0.396307081)
(-0.9039212, -0.120640539, 0.07396146, 0.403611124)
(-0.9080197, -0.105021529, 0.0679857, 0.399810731)
(-0.9036093, -0.122700386, 0.07501973, 0.403493464)
(-0.9091822, -0.109681375, 0.07083855, 0.39539817)
(-0.9030296, -0.122644879, 0.07490916, 0.4048263)
(-0.9097413, -0.116033927, 0.07433511, 0.391638935)
(-0.9089054, -0.10013327, 0.06640505, 0.399317741)
(-0.9103547, -0.116005771, 0.07444758, 0.3901982)
(-0.9098981, -0.09950725, 0.0663285, 0.397220552)
(-0.909749568, -0.117098376, 0.07439709, 0.3912911)
(-0.9102948, -0.0999564, 0.06612009, 0.396232337)
(-0.9093492, -0.118013807, 0.0741108, 0.3920002)
(-0.906548858, -0.105016783, 0.06661215, 0.403365254)
(-0.9101018, -0.116538458, 0.0732616559, 0.3908532)
(-0.903311849, -0.1259974, 0.0751208961, 0.403124362)
(-0.9096221, -0.117323622, 0.0733466744, 0.391718179)
(-0.9034496, -0.114491463, 0.06952471, 0.407230735)
(-0.9094048, -0.11506474, 0.0717885, 0.3931787)
(-0.9023177, -0.123062529, 0.07279442, 0.406668544)
(-0.9085722, -0.116293505, 0.0717312843, 0.394749284)
(-0.901530147, -0.1214601, 0.0714686, 0.4091249)
(-0.907922149, -0.116430774, 0.07138838, 0.396263659)
(-0.901354134, -0.12876597, 0.07487955, 0.406660825)
(-0.9071434, -0.116941482, 0.07116303, 0.397933871)
(-0.911582947, -0.124215625, 0.07638491, 0.3843856)
(-0.905873835, -0.119566292, 0.07180911, 0.399924785)
(-0.907070935, -0.101989642, 0.06382762, 0.403418452)
(-0.9039344, -0.120233975, 0.07180078, 0.404092848)
(-0.9032815, -0.137686878, 0.08026864, 0.398348838)
(-0.9046197, -0.120302215, 0.0719408, 0.4025109)
(-0.9089618, -0.128355235, 0.07757878, 0.388966382)
(-0.904137, -0.120336853, 0.07154586, 0.403654)
(-0.9041893, -0.136887684, 0.07960276, 0.3966949)
(-0.9029876, -0.121601589, 0.0710843, 0.405922771)
(-0.8989584, -0.139380932, 0.07819209, 0.40783906)
(-0.9029465, -0.122679733, 0.07109313, 0.405688554)
(-0.9004421, -0.14068751, 0.0791196, 0.403919578)
(-0.9029258, -0.122994676, 0.071089156, 0.405639827)
(-0.904945254, -0.137088954, 0.07899008, 0.395020485)
(-0.9047642, -0.120627992, 0.07052327, 0.4023396)
(-0.8983479, -0.133028388, 0.07405682, 0.412056)
(-0.903773367, -0.118729122, 0.06878812, 0.405419916)
(-0.89845103, -0.134360448, 0.074571535, 0.4113052)
(-0.903995, -0.120276459, 0.06956918, 0.404334873)
(-0.89906, -0.136454716, 0.07573643, 0.4090664)
(-0.904551, -0.121970765, 0.070601, 0.402400464)
(-0.8976806, -0.124173708, 0.069134064, 0.4170981)
(-0.9042982, -0.121003166, 0.0700588748, 0.403354466)
(-0.9024611, -0.1387891, 0.0782588646, 0.400221318)
(-0.903717935, -0.121177807, 0.06991479, 0.404625446)
(-0.90262866, -0.1385485, 0.0782573, 0.399927169)
(-0.9031522, -0.121309407, 0.06973301, 0.405878454)
(-0.9066343, -0.132223025, 0.076521866, 0.393288583)
(-0.9026647, -0.122081123, 0.06978206, 0.406722337)
(-0.904980242, -0.13543348, 0.07741957, 0.3958215)
(-0.9029, -0.121491469, 0.06941898, 0.406438679)
(-0.9040833, -0.1369065, 0.07749762, 0.3973463)
(-0.9032156, -0.121136338, 0.06910486, 0.405896723)
(-0.898103356, -0.113753267, 0.0634296238, 0.420056134)
(-0.902366757, -0.123685233, 0.06996725, 0.406866968)
(-0.9089389, -0.119725458, 0.0705364, 0.393090785)
(-0.9022735, -0.123003304, 0.0696458742, 0.40733546)
(-0.9083908, -0.122911617, 0.07211417, 0.393088132)
(-0.9019113, -0.122947536, 0.0696990341, 0.408144444)
(-0.908158958, -0.121301532, 0.07143273, 0.394246966)
(-0.901669, -0.121692285, 0.06914901, 0.409148335)
(-0.9072406, -0.125313163, 0.0732117742, 0.394779861)
(-0.901089847, -0.122797072, 0.06960473, 0.41001603)
(-0.906809, -0.125568077, 0.07335064, 0.395663768)
(-0.8999817, -0.129109636, 0.07248909, 0.410011023)
(-0.906258166, -0.119187571, 0.0701554045, 0.3994605)
(-0.8993911, -0.1275719, 0.0718177, 0.41190204)
(-0.9059638, -0.121322028, 0.07138089, 0.399268568)
(-0.899247646, -0.1317879, 0.07411893, 0.410477817)
(-0.905441463, -0.120771892, 0.07135051, 0.400623381)
(-0.8986122, -0.129770339, 0.07339207, 0.412637174)
(-0.9051064, -0.122135736, 0.0723200738, 0.400793)
(-0.898106456, -0.127183229, 0.07236707, 0.414719433)
(-0.9046441, -0.123635255, 0.07339814, 0.401180983)
(-0.8977209, -0.130756527, 0.0744941458, 0.414065778)
(-0.9042249, -0.121386312, 0.07253415, 0.402965873)
(-0.8972633, -0.127960876, 0.0733461455, 0.41613096)
(-0.9039097, -0.122674674, 0.07352111, 0.403103918)
(-0.8987627, -0.138657138, 0.07976748, 0.408211917)
(-0.903100431, -0.122022986, 0.0733975, 0.405133158)
(-0.898152351, -0.113892548, 0.06772403, 0.4192426)
(-0.902828932, -0.121994257, 0.07371427, 0.4056891)
(-0.9062523, -0.104714207, 0.06652103, 0.404124439)
(-0.902955353, -0.122298606, 0.0739675239, 0.4052696)
(-0.9031006, -0.138890341, 0.08237471, 0.397910953)
(-0.9035777, -0.121868171, 0.07393061, 0.404016972)
(-0.8967515, -0.1234508, 0.07204075, 0.418815762)
(-0.9029012, -0.124821924, 0.07504518, 0.4044221)
(-0.9037269, -0.140593782, 0.08322676, 0.3957073)
(-0.9022675, -0.125840887, 0.07497897, 0.4055312)
(-0.9068046, -0.109980956, 0.06868332, 0.4011138)
(-0.902376533, -0.126916215, 0.07526283, 0.404900342)
(-0.9027501, -0.10990981, 0.0667523, 0.4104952)
(-0.9015581, -0.127750039, 0.07512675, 0.4064836)
(-0.9045971, -0.110440433, 0.0674808, 0.4061446)
(-0.9009682, -0.128067866, 0.07480334, 0.407749236)
(-0.9075409, -0.122195736, 0.07434505, 0.3948551)
(-0.900793552, -0.12729983, 0.07395901, 0.4085287)
(-0.9059949, -0.112653986, 0.068499, 0.402231544)
(-0.9016572, -0.129543111, 0.075097315, 0.405701041)
(-0.907482743, -0.117134146, 0.07113413, 0.3971077)
(-0.9008565, -0.127204567, 0.07351314, 0.408500165)
(-0.895218849, -0.1423122, 0.07890879, 0.414854079)
(-0.900960743, -0.128382534, 0.07401532, 0.407810628)
(-0.901261747, -0.144597426, 0.0824184939, 0.40003258)
(-0.9015232, -0.127841771, 0.0738570839, 0.406764835)
(-0.89509, -0.126307085, 0.07049009, 0.421771973)
(-0.9012065, -0.128112271, 0.07383889, 0.4073843)
(-0.9074364, -0.12709786, 0.07591191, 0.393246382)
(-0.9009641, -0.127519846, 0.07351649, 0.408163816)
(-0.9073903, -0.12413501, 0.07442015, 0.394582182)
(-0.9006317, -0.128153771, 0.0736261, 0.408678561)
(-0.906566262, -0.12968418, 0.07675836, 0.3942435)
(-0.90078783, -0.125782043, 0.07237831, 0.409294069)
(-0.9051317, -0.134002328, 0.078246, 0.3957999)
(-0.9003632, -0.126179338, 0.0722114146, 0.410134524)
(-0.9045958, -0.13489987, 0.0783019438, 0.3967079)
(-0.9000022, -0.126913309, 0.07216853, 0.410707653)
(-0.9044703, -0.134937242, 0.07796769, 0.397047162)
(-0.899929464, -0.126472473, 0.07170731, 0.411083579)
(-0.903056741, -0.138045013, 0.07894111, 0.398999184)
(-0.9004416, -0.124945611, 0.07114426, 0.4105266)
(-0.90187, -0.139813289, 0.0793164447, 0.400988221)
(-0.900173664, -0.1252323, 0.07101992, 0.411048055)
(-0.9034863, -0.1366567, 0.0780784339, 0.3986744)
(-0.9006206, -0.124149449, 0.07046174, 0.410493255)
(-0.9021904, -0.138912618, 0.078637, 0.400714457)
(-0.901157439, -0.123389155, 0.0702076554, 0.409586549)
(-0.900919139, -0.1403382, 0.07866772, 0.403064877)
(-0.900490463, -0.124235757, 0.07011135, 0.410812318)
(-0.9040202, -0.1352226, 0.07698424, 0.3981657)
(-0.8998353, -0.1257953, 0.0703747049, 0.41172725)
(-0.9028743, -0.137738585, 0.07767554, 0.399765849)
(-0.900632441, -0.123955972, 0.06968157, 0.4106589)
(-0.901254, -0.1399479, 0.0781428, 0.402553827)
(-0.90190196, -0.122770891, 0.06972683, 0.4082137)
(-0.8996716, -0.140626326, 0.0780033842, 0.405870318)
(-0.903243542, -0.123353921, 0.0705694, 0.4049134)
(-0.8997306, -0.141025588, 0.07805696, 0.405590475)
(-0.9036576, -0.124137126, 0.07110913, 0.403653681)
(-0.897641, -0.137871072, 0.07560315, 0.4117237)
(-0.9039262, -0.12647821, 0.072299324, 0.4021112)
(-0.898262143, -0.141235709, 0.07734379, 0.408895373)
(-0.9034134, -0.125943258, 0.07158801, 0.403556228)
(-0.8964964, -0.134241939, 0.07299627, 0.415866345)
(-0.9030674, -0.125492811, 0.0710741952, 0.404560626)
(-0.8967073, -0.138378575, 0.07503179, 0.413687855)
(-0.9027091, -0.1260536, 0.07116043, 0.405170262)
(-0.8961646, -0.138102517, 0.074671, 0.415019155)
(-0.9026372, -0.128146112, 0.07218742, 0.404492)
(-0.8984277, -0.145453, 0.07929313, 0.4066738)
(-0.9017835, -0.128042, 0.07178668, 0.406495273)
(-0.898195744, -0.145617187, 0.07940335, 0.407105774)
(-0.902051747, -0.128502861, 0.07227949, 0.405666441)
(-0.895830452, -0.142031163, 0.0766869262, 0.41404593)
(-0.901836932, -0.129248425, 0.07266949, 0.4058375)
(-0.908022761, -0.128171667, 0.0748836547, 0.391738623)
(-0.9014622, -0.129128739, 0.07283723, 0.406677455)
(-0.902364, -0.111613318, 0.06447811, 0.411247134)
(-0.9020374, -0.128774241, 0.07299324, 0.405484438)
(-0.9077677, -0.115940332, 0.06885061, 0.397209436)
(-0.9017238, -0.1287929, 0.07289303, 0.4061934)
(-0.907087743, -0.114671059, 0.06796332, 0.399278432)
(-0.900907338, -0.127358958, 0.07190549, 0.40862596)
(-0.9035979, -0.139925718, 0.0794619, 0.397010535)
(-0.899815, -0.12943925, 0.07254096, 0.4102637)
(-0.905595541, -0.1316406, 0.07610356, 0.395949155)
(-0.9002149, -0.126448125, 0.0712618157, 0.410543144)
(-0.901483357, -0.141675383, 0.07956018, 0.401155859)
(-0.900804, -0.1258098, 0.0710920542, 0.409475356)
(-0.901390731, -0.141806334, 0.07951581, 0.401326418)
(-0.901110232, -0.125509739, 0.07102833, 0.4089041)
(-0.8989452, -0.143406272, 0.07937058, 0.4062417)
(-0.90167284, -0.125785291, 0.07155444, 0.4074852)
(-0.8977638, -0.1431259, 0.0789475, 0.409026325)
(-0.903276265, -0.1286867, 0.07402045, 0.40255782)
(-0.8963842, -0.130107254, 0.07211167, 0.417573243)
(-0.9025375, -0.1299542, 0.07463175, 0.40369305)
(-0.895462632, -0.137007818, 0.07532263, 0.4167757)
(-0.902170539, -0.129539013, 0.07418254, 0.404728085)
(-0.895386, -0.138011441, 0.07564739, 0.416550457)
(-0.902084, -0.128954977, 0.07377193, 0.40518266)
(-0.8951208, -0.136939913, 0.0751998, 0.4175539)
(-0.901819468, -0.130237177, 0.07465705, 0.405199)
(-0.8948483, -0.135730475, 0.07455869, 0.4186465)
(-0.9016474, -0.130479783, 0.07454735, 0.405524075)
(-0.895610332, -0.1271101, 0.07031886, 0.420452744)
(-0.900741041, -0.133157089, 0.07554555, 0.4064821)
(-0.8943304, -0.131713048, 0.07212818, 0.421452433)
(-0.900609255, -0.132620692, 0.07516018, 0.407020479)
(-0.894071043, -0.144390747, 0.0784803256, 0.4166884)
(-0.9005828, -0.133329034, 0.0755360052, 0.406777978)
(-0.9015193, -0.115944743, 0.06706923, 0.411486924)
(-0.899949, -0.133663729, 0.07548643, 0.408077985)
(-0.9040257, -0.116913825, 0.06861295, 0.405414462)
(-0.9004086, -0.134394839, 0.0760050043, 0.406725347)
(-0.895917654, -0.125529438, 0.06956636, 0.4203981)
(-0.9005039, -0.133879319, 0.0756975859, 0.406741917)
(-0.8961745, -0.124392994, 0.06896797, 0.4202869)
(-0.9004949, -0.133435309, 0.0753540248, 0.406971335)
(-0.8937284, -0.144205928, 0.07801275, 0.417574465)
(-0.900112867, -0.132843062, 0.0747101456, 0.4081274)
(-0.902349353, -0.115205988, 0.0665352643, 0.409958869)
(-0.9009571, -0.132896364, 0.07482222, 0.4062222)
(-0.894611537, -0.130601242, 0.07096433, 0.421399564)
(-0.9005303, -0.133150473, 0.074617, 0.407122165)
(-0.8935835, -0.142091557, 0.07624534, 0.418933421)
(-0.9003109, -0.134077385, 0.0748966858, 0.407251835)
(-0.8943829, -0.130206168, 0.07042061, 0.422097832)
