(0, 0, 0, 0)
(-0.657995462, -0.379813075, -0.6364976, 0.132871181)
(-0.6578639, -0.3656247, -0.643567741, 0.139119372)
(-0.6625062, -0.3742427, -0.6373555, 0.121679328)
(-0.6556797, -0.3739524, -0.640990436, 0.139193773)
(-0.662152767, -0.366356, -0.6414763, 0.125877053)
(-0.655099, -0.375753343, -0.6404858, 0.139401048)
(-0.6480292, -0.3847448, -0.6394559, 0.152071476)
(-0.6545887, -0.3747984, -0.641624749, 0.1391309)
(-0.659454048, -0.38274, -0.63557905, 0.121118806)
(-0.653202236, -0.378950924, -0.6408604, 0.137916431)
(-0.6566885, -0.390098721, -0.6336207, 0.1229153)
(-0.6538088, -0.378776848, -0.6408608, 0.135498166)
(-0.6593201, -0.385031343, -0.6349485, 0.117848575)
(-0.653715432, -0.379444569, -0.640654, 0.135056749)
(-0.6539491, -0.394285, -0.633067548, 0.126946464)
(-0.655007064, -0.379781485, -0.6397895, 0.1319133)
(-0.662072, -0.374033183, -0.6388866, 0.116549775)
(-0.654871, -0.381331027, -0.639130831, 0.131310314)
(-0.6614339, -0.372361869, -0.640166461, 0.118485704)
(-0.654367745, -0.382079482, -0.6391935, 0.131338373)
(-0.6609803, -0.374763131, -0.639457464, 0.1172683)
(-0.6534139, -0.38088277, -0.6405156, 0.1331102)
(-0.6461131, -0.390473366, -0.63936305, 0.1458877)
(-0.6531132, -0.383872777, -0.639411151, 0.131294981)
(-0.659343958, -0.3744426, -0.6409434, 0.119372822)
(-0.653007448, -0.387643158, -0.6379492, 0.12780726)
(-0.6593026, -0.38018325, -0.6384876, 0.114518076)
(-0.6517249, -0.38948822, -0.638080537, 0.1280893)
(-0.6458491, -0.403002262, -0.634237766, 0.134946764)
(-0.651430845, -0.390999049, -0.6377792, 0.126472443)
(-0.6553223, -0.377161264, -0.6428335, 0.122748062)
(-0.649666369, -0.390528649, -0.6392926, 0.129329592)
(-0.6552175, -0.3786445, -0.6424899, 0.120519638)
(-0.64920646, -0.391931236, -0.639177442, 0.127957508)
(-0.655338168, -0.382508844, -0.6407987, 0.116601869)
(-0.6479718, -0.392688423, -0.6396782, 0.129384026)
(-0.653195262, -0.381271064, -0.64278084, 0.121660419)
(-0.6465747, -0.393436074, -0.6401222, 0.131882191)
(-0.64022994, -0.405865639, -0.6368364, 0.140776977)
(-0.6452718, -0.392899871, -0.6411338, 0.134913161)
(-0.651238143, -0.381807834, -0.6437504, 0.125287965)
(-0.6464491, -0.396091133, -0.639023542, 0.129862621)
(-0.6498448, -0.3819156, -0.644376338, 0.128924042)
(-0.64581573, -0.3967986, -0.6387901, 0.13198486)
(-0.6520776, -0.3858949, -0.641002, 0.122458957)
(-0.6449688, -0.3952611, -0.639909148, 0.135278016)
(-0.6518389, -0.386944115, -0.640651166, 0.122255534)
(-0.645418644, -0.398527622, -0.6379811, 0.1326296)
(-0.648251, -0.384258568, -0.6436528, 0.133518279)
(-0.6461067, -0.399715036, -0.6367845, 0.131451145)
(-0.6519866, -0.3878708, -0.6397798, 0.123091221)
(-0.646202743, -0.4007897, -0.636147141, 0.130791187)
(-0.6493132, -0.386520535, -0.6417962, 0.130735353)
(-0.6453006, -0.401192337, -0.636294961, 0.133268863)
(-0.651017, -0.389139563, -0.639580846, 0.125234127)
(-0.6461815, -0.403543174, -0.634704947, 0.129430041)
(-0.648759, -0.389198273, -0.6407782, 0.130536154)
(-0.6434382, -0.40274027, -0.6364298, 0.136910632)
(-0.649624944, -0.391617626, -0.6390069, 0.127645016)
(-0.642551839, -0.401274979, -0.6375564, 0.14009814)
(-0.6494451, -0.392023385, -0.638853133, 0.128083229)
(-0.6423769, -0.4012469, -0.6376412, 0.140593082)
(-0.6494745, -0.392418683, -0.6386816, 0.12757878)
(-0.6566863, -0.388589978, -0.6367531, 0.110934705)
(-0.64916, -0.39263308, -0.6389017, 0.127416819)
(-0.6562497, -0.390431643, -0.6362174, 0.1101227)
(-0.6486662, -0.396509975, -0.6373297, 0.125789136)
(-0.6494581, -0.382017374, -0.6442703, 0.1310823)
(-0.6486931, -0.396780849, -0.637282, 0.1250356)
(-0.649977863, -0.382069767, -0.6441819, 0.128767744)
(-0.648719847, -0.396975338, -0.6374112, 0.123613156)
(-0.6427162, -0.391065657, -0.6435498, 0.140808612)
(-0.6492462, -0.393958569, -0.638877869, 0.122926757)
(-0.6415035, -0.3973565, -0.6411288, 0.139768064)
(-0.6487488, -0.392796516, -0.6399232, 0.123831518)
(-0.6420244, -0.404220372, -0.6375973, 0.133716777)
(-0.6480618, -0.392941982, -0.640489042, 0.124041334)
(-0.6544067, -0.3951498, -0.635906458, 0.105978988)
(-0.6479054, -0.3921627, -0.641213953, 0.123578422)
(-0.640151143, -0.394674867, -0.6439672, 0.140515327)
(-0.647170365, -0.394330055, -0.640785456, 0.122753315)
(-0.6464595, -0.380741656, -0.648085654, 0.130808353)
(-0.646098554, -0.395779818, -0.640832067, 0.123487175)
(-0.648869455, -0.381641, -0.646624267, 0.12327072)
(-0.645391762, -0.397216231, -0.6406991, 0.123261675)
(-0.6464961, -0.383041948, -0.6473926, 0.1272965)
(-0.644734442, -0.398501456, -0.640579045, 0.123177618)
(-0.6505652, -0.387255162, -0.6433194, 0.113746956)
(-0.6439597, -0.3987164, -0.641187668, 0.123367019)
(-0.651202559, -0.393459827, -0.6400516, 0.107044339)
(-0.6435436, -0.399599642, -0.641284764, 0.122170351)
(-0.650779247, -0.395070225, -0.6396842, 0.105877608)
(-0.643093944, -0.401256055, -0.640874147, 0.121260412)
(-0.649732947, -0.392246425, -0.641950846, 0.109035991)
(-0.6425459, -0.40169695, -0.6411206, 0.121403672)
(-0.6472241, -0.4094941, -0.6343734, 0.104813039)
(-0.642674744, -0.4011736, -0.6414971, 0.120458968)
(-0.647017658, -0.3875098, -0.646241963, 0.116514146)
(-0.642864048, -0.402306467, -0.6409367, 0.118640289)
(-0.645782053, -0.388075173, -0.646720648, 0.118809693)
(-0.6413511, -0.402750254, -0.641567647, 0.121868856)
(-0.646186, -0.38955012, -0.64583534, 0.116580985)
(-0.6421951, -0.4043576, -0.6404184, 0.118086807)
(-0.6439435, -0.389866918, -0.647014141, 0.121298172)
(-0.639841437, -0.4045751, -0.6416022, 0.123565532)
(-0.6452041, -0.391819537, -0.6453731, 0.116972513)
(-0.641577959, -0.406761885, -0.63959676, 0.117636636)
(-0.644870162, -0.392475039, -0.6452548, 0.117269814)
(-0.6398065, -0.4066368, -0.640632153, 0.12200211)
(-0.6438451, -0.392728448, -0.6457728, 0.119186208)
(-0.640101433, -0.40766564, -0.6401002, 0.119794175)
(-0.643591762, -0.393429667, -0.645769656, 0.118255593)
(-0.640703857, -0.408603966, -0.6395363, 0.116338514)
(-0.642421961, -0.3941601, -0.6463316, 0.119110756)
(-0.636848748, -0.408138484, -0.642123044, 0.124598183)
(-0.639604151, -0.393999845, -0.648221, 0.124419041)
(-0.6380477, -0.4090414, -0.641373754, 0.1192473)
(-0.6403329, -0.394812971, -0.647794664, 0.120243631)
(-0.6364816, -0.410127133, -0.641967654, 0.120683223)
(-0.638629138, -0.395944417, -0.648399949, 0.122304343)
(-0.636127, -0.411174059, -0.6418119, 0.119815119)
(-0.6371613, -0.3969952, -0.648803353, 0.124396585)
(-0.634578645, -0.412293, -0.642193139, 0.122116737)
(-0.635751665, -0.3982512, -0.649125159, 0.125905588)
(-0.6342069, -0.41357848, -0.642022848, 0.120586589)
(-0.6342191, -0.400061816, -0.6494138, 0.126405656)
(-0.6329927, -0.415445834, -0.6421668, 0.119777821)
(-0.6362958, -0.402475476, -0.6475689, 0.1174548)
(-0.6331938, -0.418481767, -0.640812, 0.115319245)
(-0.6348001, -0.404961348, -0.6473083, 0.118436396)
(-0.6301505, -0.419935584, -0.6417864, 0.121139579)
(-0.631653666, -0.405690044, -0.648733437, 0.124796107)
(-0.633039832, -0.418500632, -0.641145945, 0.114235044)
(-0.632275641, -0.404932559, -0.648961961, 0.122904614)
(-0.638997, -0.396361083, -0.649942636, 0.1102502)
(-0.6321099, -0.408265948, -0.647544742, 0.120173931)
(-0.6239022, -0.410938859, -0.6503152, 0.137714446)
(-0.6312893, -0.409163177, -0.647645, 0.120893471)
(-0.637477, -0.413078219, -0.642121136, 0.103295669)
(-0.631161869, -0.408679157, -0.6480649, 0.120946184)
(-0.6234396, -0.416133851, -0.647970438, 0.135240391)
(-0.6308635, -0.4079148, -0.64862, 0.122102164)
(-0.627829134, -0.422602624, -0.6422853, 0.121273048)
(-0.63113755, -0.408189952, -0.6484156, 0.120844647)
(-0.6235441, -0.408428282, -0.6521058, 0.138337418)
(-0.6309231, -0.4089669, -0.6481854, 0.120572828)
(-0.6237488, -0.407274127, -0.6526432, 0.138282314)
(-0.6310929, -0.4081862, -0.6485421, 0.120411478)
(-0.6287672, -0.396107882, -0.6560078, 0.131924808)
(-0.630801558, -0.4088196, -0.6484319, 0.120382428)
(-0.6302343, -0.3952285, -0.655831158, 0.128392041)
(-0.629839838, -0.409849674, -0.648432, 0.1219051)
(-0.629726, -0.3959834, -0.6557307, 0.129071921)
(-0.6300141, -0.410089344, -0.648251653, 0.121155813)
(-0.629435956, -0.39647004, -0.6556936, 0.129181355)
(-0.6309065, -0.409640372, -0.648135364, 0.1186274)
(-0.6304332, -0.396049261, -0.655523658, 0.12644203)
(-0.628857, -0.411062062, -0.64851, 0.122481018)
(-0.6296653, -0.396865368, -0.655572057, 0.127454683)
(-0.6294515, -0.411314815, -0.648169756, 0.120361418)
(-0.635688245, -0.400206059, -0.6507003, 0.111016847)
(-0.6287741, -0.410813451, -0.6488129, 0.122136645)
(-0.6239578, -0.402139843, -0.655766964, 0.137585968)
(-0.6291609, -0.4097502, -0.649268031, 0.121294193)
(-0.6328516, -0.3954847, -0.6548342, 0.11951112)
(-0.6292279, -0.4101224, -0.649116457, 0.120498046)
(-0.628474653, -0.3965912, -0.6565675, 0.129050374)
(-0.6281965, -0.4110899, -0.649119, 0.122550741)
(-0.634621143, -0.400180846, -0.651457, 0.112761132)
(-0.6285191, -0.412501127, -0.6481883, 0.12107183)
(-0.632885158, -0.398833573, -0.6530923, 0.117722861)
(-0.628246367, -0.412868172, -0.648145, 0.121468164)
(-0.633769035, -0.400152743, -0.6519668, 0.1146907)
(-0.6274686, -0.4120514, -0.649018466, 0.123579092)
(-0.6319027, -0.3984758, -0.653887033, 0.119782664)
(-0.627040744, -0.412441343, -0.6491196, 0.123918831)
(-0.6315653, -0.399079233, -0.6538833, 0.119572923)
(-0.627172768, -0.413541466, -0.6485753, 0.122425109)
(-0.6309663, -0.3995726, -0.6540285, 0.120291471)
(-0.628168, -0.414525658, -0.6476343, 0.118924871)
(-0.6288383, -0.400434852, -0.6547614, 0.124506831)
(-0.6276565, -0.415135682, -0.647624969, 0.119546734)
(-0.6298531, -0.400629044, -0.6542461, 0.121422373)
(-0.6299075, -0.414743364, -0.646789134, 0.113438487)
(-0.628137469, -0.402286053, -0.6543908, 0.124024)
(-0.6285616, -0.416214734, -0.646788955, 0.115497448)
(-0.629392147, -0.4020031, -0.653948665, 0.120871946)
(-0.627035439, -0.416940749, -0.647264361, 0.118472807)
(-0.628663063, -0.402569175, -0.6541164, 0.121871449)
(-0.62912786, -0.4164317, -0.6465061, 0.113192312)
(-0.628247559, -0.4032062, -0.6540609, 0.122205496)
(-0.6294196, -0.416558355, -0.64632684, 0.112124227)
(-0.6277833, -0.4040535, -0.653906, 0.122621141)
(-0.627831, -0.4182453, -0.646317661, 0.114772223)
(-0.627885938, -0.404372483, -0.653763056, 0.121803463)
(-0.629488647, -0.417207241, -0.6460565, 0.110874876)
(-0.627366066, -0.405139536, -0.6536754, 0.122402407)
(-0.628294766, -0.4186911, -0.645890951, 0.112997159)
(-0.6270058, -0.405875027, -0.6534455, 0.123036817)
(-0.6310376, -0.415576249, -0.646079838, 0.108021736)
(-0.629287, -0.403162032, -0.653704345, 0.118865155)
(-0.6282997, -0.417878836, -0.6463623, 0.11328087)
(-0.6279918, -0.404305667, -0.6538203, 0.121170215)
(-0.630957246, -0.415430516, -0.6463057, 0.107700214)
(-0.628175259, -0.404184, -0.6538509, 0.12045785)
(-0.6297361, -0.417191625, -0.6460425, 0.10960158)
(-0.6277758, -0.404969722, -0.6537077, 0.120679036)
(-0.6319579, -0.414183, -0.6465275, 0.105279706)
(-0.626616657, -0.4074742, -0.6530403, 0.121880174)
(-0.6336842, -0.408123046, -0.648892343, 0.104013383)
(-0.6265763, -0.406705558, -0.653569, 0.121821336)
(-0.6302589, -0.416810453, -0.6461923, 0.107136764)
(-0.626817942, -0.406421244, -0.6537119, 0.120755382)
(-0.6328678, -0.41115886, -0.647927761, 0.103035927)
(-0.625970364, -0.40906024, -0.6528612, 0.12084309)
(-0.63284117, -0.4108953, -0.648137569, 0.102931306)
(-0.626256049, -0.407580465, -0.6535618, 0.120576404)
(-0.6320098, -0.4133144, -0.6473454, 0.103338018)
(-0.6260345, -0.407989949, -0.6535291, 0.120518319)
(-0.6332734, -0.407410324, -0.649919748, 0.102887608)
(-0.626162, -0.4064463, -0.654337645, 0.120684162)
(-0.6293871, -0.4172687, -0.6467807, 0.106927864)
(-0.626333, -0.406349868, -0.654335737, 0.120130964)
(-0.633424342, -0.406861722, -0.650193155, 0.102400966)
(-0.625906348, -0.4084024, -0.653502941, 0.119927622)
(-0.633206844, -0.4074674, -0.6500157, 0.102464586)
(-0.6254362, -0.41043067, -0.652758658, 0.119508155)
(-0.632772446, -0.403599441, -0.652428031, 0.105091162)
(-0.6250048, -0.408002734, -0.6542984, 0.121640131)
(-0.6322118, -0.400231183, -0.6545705, 0.107985266)
(-0.6250528, -0.410101742, -0.653254569, 0.119933069)
(-0.6320609, -0.401206821, -0.6541982, 0.107502386)
(-0.6252176, -0.4121297, -0.6521218, 0.118275858)
(-0.6323851, -0.4037499, -0.6526713, 0.105333529)
(-0.6246653, -0.4082283, -0.654477656, 0.121662542)
(-0.632170558, -0.4028757, -0.6533113, 0.105999827)
(-0.624474347, -0.41010946, -0.6536706, 0.120651372)
(-0.6319279, -0.40729475, -0.651146233, 0.103859633)
(-0.624353766, -0.408401638, -0.6547126, 0.121415883)
(-0.631391943, -0.409159571, -0.6505356, 0.103615209)
(-0.624191165, -0.4081598, -0.6549956, 0.121538453)
(-0.6288774, -0.416577816, -0.6479346, 0.105626129)
(-0.6255262, -0.406085819, -0.6554308, 0.1192548)
(-0.628544748, -0.41718632, -0.6478455, 0.105750285)
(-0.6250509, -0.406907558, -0.655305743, 0.11963325)
(-0.6275706, -0.418655, -0.647596538, 0.107246093)
(-0.625656068, -0.40637517, -0.655270755, 0.11846453)
(-0.628513157, -0.417633027, -0.6476853, 0.105155513)
(-0.6263365, -0.405697018, -0.6553467, 0.11676129)
(-0.625951, -0.420099646, -0.647818446, 0.109694652)
(-0.625043, -0.406998634, -0.6553979, 0.118857391)
(-0.6272189, -0.41921863, -0.6476481, 0.106790356)
(-0.6244401, -0.4080009, -0.655255, 0.119376637)
(-0.6283542, -0.41781354, -0.647824168, 0.104530886)
(-0.625896037, -0.406246, -0.6554413, 0.1166834)
(-0.629798055, -0.4159734, -0.6480305, 0.101867042)
(-0.6248132, -0.408607334, -0.6547411, 0.118163228)
(-0.6272681, -0.420424432, -0.646999359, 0.1056872)
