(0, 0, 0, 0)
(-0.816090167, -0.308919072, -0.420134336, 0.249104172)
(-0.8218683, -0.314903527, -0.41438508, 0.231632009)
(-0.8155755, -0.32310465, -0.413216531, 0.244319826)
(-0.8225458, -0.315058559, -0.4131794, 0.2311693)
(-0.816960335, -0.3232734, -0.411300957, 0.242696613)
(-0.82491, -0.314331949, -0.410671473, 0.228183568)
(-0.8238217, -0.303033084, -0.41544655, 0.238522008)
(-0.8304079, -0.289508879, -0.417478651, 0.228733376)
(-0.826304734, -0.29494524, -0.415642232, 0.239727736)
(-0.8229814, -0.292376637, -0.416553259, 0.252390325)
(-0.8190099, -0.2927733, -0.41598478, 0.265449226)
(-0.8277462, -0.295629323, -0.408787966, 0.245625451)
(-0.828521967, -0.28161025, -0.412387669, 0.2533446)
(-0.8284934, -0.298985034, -0.402311057, 0.249704823)
(-0.8353824, -0.30822584, -0.392443568, 0.230480358)
(-0.843755841, -0.306664824, -0.386144817, 0.211954981)
(-0.8423694, -0.323583037, -0.376265854, 0.210075408)
(-0.847935557, -0.306733817, -0.378468275, 0.209001124)
(-0.8448256, -0.302926242, -0.3795875, 0.224541262)
(-0.8417509, -0.3005794, -0.380461961, 0.237394542)
(-0.8514728, -0.2892824, -0.378721476, 0.218814254)
(-0.8602401, -0.2760919, -0.37769714, 0.202744156)
(-0.8659905, -0.2557337, -0.380756646, 0.199211076)
(-0.861795247, -0.25799045, -0.379812658, 0.215620652)
(-0.857798, -0.266604453, -0.3760831, 0.227301762)
(-0.864443839, -0.265983582, -0.370894432, 0.210777)
(-0.86743784, -0.246199474, -0.375350326, 0.214591444)
(-0.8678662, -0.260784924, -0.3676085, 0.208958268)
(-0.8698031, -0.273485422, -0.359540641, 0.198441193)
(-0.8701712, -0.256519645, -0.364705026, 0.209738061)
(-0.8764227, -0.253895134, -0.360882282, 0.192832753)
(-0.871560454, -0.2634553, -0.358707875, 0.205675662)
(-0.8776125, -0.254224062, -0.357794166, 0.192743167)
(-0.8719088, -0.261708, -0.3572702, 0.208907038)
(-0.8774415, -0.250923723, -0.3578817, 0.197621718)
(-0.8723802, -0.2627058, -0.35578534, 0.208219483)
(-0.8778856, -0.251361847, -0.3571569, 0.196400419)
(-0.872493148, -0.262114167, -0.35600397, 0.208117858)
(-0.8760557, -0.24545449, -0.360664159, 0.205425829)
(-0.8708373, -0.258004576, -0.3585903, 0.215613469)
(-0.8760471, -0.2469877, -0.3604295, 0.204032242)
(-0.8706425, -0.2588431, -0.358990639, 0.214727)
(-0.875839531, -0.247882441, -0.36090222, 0.202999949)
(-0.870070755, -0.256896943, -0.3607605, 0.216408461)
(-0.8755483, -0.254515648, -0.359067082, 0.199268043)
(-0.8698241, -0.257727683, -0.361190677, 0.21569337)
(-0.875531435, -0.251835078, -0.360716343, 0.199768558)
(-0.869835, -0.2559458, -0.362395585, 0.215750575)
(-0.8755293, -0.2482672, -0.36260885, 0.2008154)
(-0.870088339, -0.258451581, -0.361732453, 0.212834656)
(-0.875697255, -0.248796612, -0.36261335, 0.199414447)
(-0.870139837, -0.252513558, -0.364252359, 0.215438619)
(-0.874859333, -0.2572354, -0.360042453, 0.197029188)
(-0.872763753, -0.244498476, -0.366355628, 0.21044594)
(-0.874760866, -0.2574466, -0.360359669, 0.196610421)
(-0.869497359, -0.256355077, -0.363732249, 0.214371756)
(-0.8752632, -0.2508958, -0.36286357, 0.198231518)
(-0.869699, -0.253368974, -0.364981949, 0.214979038)
(-0.8752917, -0.251804918, -0.362793624, 0.197077364)
(-0.8698849, -0.2524307, -0.365663946, 0.214170381)
(-0.8751295, -0.253213048, -0.3626566, 0.196243718)
(-0.869443536, -0.2573303, -0.3641772, 0.212659463)
(-0.8748627, -0.2461725, -0.365674645, 0.200740069)
(-0.870907068, -0.2622588, -0.3615648, 0.204968587)
(-0.875309646, -0.247373968, -0.364950836, 0.198620662)
(-0.8712628, -0.2631657, -0.3609669, 0.203341842)
(-0.8762737, -0.249648884, -0.363372952, 0.1943705)
(-0.87087667, -0.251682758, -0.365383118, 0.211482272)
(-0.8764413, -0.250056773, -0.362923, 0.19393076)
(-0.8725907, -0.242616624, -0.367809176, 0.21080561)
(-0.876285434, -0.251215518, -0.362704, 0.193546921)
(-0.8712817, -0.24924998, -0.366353, 0.211017311)
(-0.8765361, -0.24944213, -0.363580585, 0.193060338)
(-0.8733925, -0.239275262, -0.369216472, 0.2088352)
(-0.876212, -0.250266045, -0.3637132, 0.193215191)
(-0.8731262, -0.239985466, -0.369334072, 0.20892559)
(-0.8746931, -0.2540965, -0.363280863, 0.195892945)
(-0.876272142, -0.237229913, -0.3689184, 0.199419677)
(-0.874544263, -0.254961938, -0.363299, 0.19539836)
(-0.876575232, -0.237995386, -0.368779123, 0.197423592)
(-0.8739417, -0.255681545, -0.363660544, 0.196478561)
(-0.877361238, -0.239603639, -0.367982179, 0.193433315)
(-0.873417735, -0.256054074, -0.364011854, 0.197669357)
(-0.8728071, -0.240396261, -0.370430231, 0.207843184)
(-0.8737741, -0.255162, -0.364468753, 0.196401969)
(-0.8761049, -0.237941623, -0.369975537, 0.1973373)
(-0.8733524, -0.255470216, -0.365108848, 0.196687728)
(-0.8735832, -0.239007413, -0.371513247, 0.204219833)
(-0.8720811, -0.256496519, -0.3659326, 0.199442923)
(-0.8715132, -0.240799978, -0.372530341, 0.209048763)
(-0.8737668, -0.252975374, -0.3670171, 0.194508687)
(-0.871442735, -0.240204409, -0.3733481, 0.208567768)
(-0.8729023, -0.254136533, -0.367517173, 0.195927158)
(-0.869262, -0.244715571, -0.373238653, 0.212581009)
(-0.8718713, -0.256097168, -0.367607027, 0.19778721)
(-0.8748015, -0.239227563, -0.3724783, 0.196856037)
(-0.872062743, -0.256323636, -0.367540568, 0.196770579)
(-0.87484014, -0.239281267, -0.372542351, 0.196497619)
(-0.87174505, -0.256408542, -0.367809981, 0.197562844)
(-0.875421643, -0.240686879, -0.371881, 0.19341971)
(-0.8705184, -0.254461616, -0.369404227, 0.20245412)
(-0.875866652, -0.245018721, -0.370174229, 0.189193934)
(-0.8704092, -0.255430549, -0.3693408, 0.201817811)
(-0.8756434, -0.24498862, -0.370495, 0.189637989)
(-0.870029151, -0.252219975, -0.37082383, 0.20475328)
(-0.874749, -0.255301654, -0.3669815, 0.1869755)
(-0.8699693, -0.252035856, -0.370921433, 0.205057621)
(-0.875405431, -0.249114588, -0.369005769, 0.188260451)
(-0.869835734, -0.253057718, -0.370533377, 0.205067486)
(-0.875197053, -0.2511872, -0.368180424, 0.188091367)
(-0.870166242, -0.2494117, -0.371493, 0.20639126)
(-0.8756058, -0.246164948, -0.3696579, 0.1899218)
(-0.8700712, -0.249350384, -0.371327639, 0.207162991)
(-0.8748188, -0.252680272, -0.3673423, 0.189484254)
(-0.8714114, -0.24362801, -0.3725185, 0.206197873)
(-0.8733063, -0.2568157, -0.366355062, 0.192784175)
(-0.8709039, -0.244673282, -0.372317433, 0.207463309)
(-0.87593627, -0.245471954, -0.369344175, 0.189904973)
(-0.87027514, -0.250342667, -0.370514184, 0.206564575)
(-0.875575, -0.240654215, -0.371368378, 0.193750873)
(-0.8699866, -0.248174027, -0.371429831, 0.208741173)
(-0.875371158, -0.24596931, -0.3694197, 0.191712186)
(-0.869755864, -0.249360546, -0.371133924, 0.2088151)
(-0.875211358, -0.241754159, -0.371186078, 0.194373444)
(-0.8695455, -0.249482945, -0.371233284, 0.209367052)
(-0.8748863, -0.239963457, -0.372089565, 0.196318269)
(-0.8697363, -0.252549917, -0.370055, 0.2069699)
(-0.8747321, -0.24074544, -0.371991456, 0.1962337)
(-0.8695618, -0.2533891, -0.3699967, 0.2067819)
(-0.8744326, -0.240959585, -0.372267067, 0.196782321)
(-0.86908716, -0.252905756, -0.370624185, 0.208239868)
(-0.873813868, -0.2400643, -0.373168617, 0.198906377)
(-0.8687823, -0.2536652, -0.370773852, 0.208321869)
(-0.8730948, -0.239501491, -0.374106348, 0.200970322)
(-0.867854, -0.252135456, -0.372121364, 0.21161969)
(-0.873000562, -0.241552278, -0.373662621, 0.199746326)
(-0.8675713, -0.253053784, -0.372138739, 0.211651951)
(-0.87269634, -0.2426589, -0.373561442, 0.1999238)
(-0.8669755, -0.252379566, -0.372861475, 0.213617146)
(-0.8722157, -0.243052438, -0.3739532, 0.200808734)
(-0.8674688, -0.258311361, -0.370808244, 0.208025023)
(-0.8713848, -0.243792638, -0.3747259, 0.2020745)
(-0.866637766, -0.2597183, -0.371427953, 0.208630741)
(-0.8701797, -0.244805366, -0.375808865, 0.204022914)
(-0.8661524, -0.261997, -0.371691555, 0.207323343)
(-0.8700732, -0.247743383, -0.375627279, 0.201246291)
(-0.86605525, -0.264926165, -0.371500969, 0.20432651)
(-0.8687288, -0.248648256, -0.376787, 0.203754336)
(-0.863071442, -0.2606844, -0.3752795, 0.21521312)
(-0.8682208, -0.250325829, -0.377077758, 0.203327119)
(-0.8628183, -0.263779163, -0.37493974, 0.213038251)
(-0.867392, -0.250831157, -0.378028929, 0.204472467)
(-0.862049639, -0.264840484, -0.375575572, 0.213712186)
(-0.8666349, -0.252311736, -0.3785259, 0.204940975)
(-0.862517238, -0.269142628, -0.37433064, 0.208573639)
(-0.8668549, -0.255512238, -0.377738684, 0.201468721)
(-0.8607818, -0.2647059, -0.377502054, 0.215586975)
(-0.8662682, -0.256418824, -0.378137916, 0.202089936)
(-0.860661566, -0.256140083, -0.381189555, 0.219882891)
(-0.866147637, -0.255592167, -0.378682166, 0.2026341)
(-0.8602451, -0.2616386, -0.3793754, 0.218169257)
(-0.866083741, -0.257010221, -0.3782063, 0.202001661)
(-0.8603202, -0.2596874, -0.380041659, 0.219043285)
(-0.866093159, -0.256657064, -0.378271043, 0.202288628)
(-0.8609706, -0.2535981, -0.382058948, 0.220110059)
(-0.865721464, -0.2585182, -0.377753943, 0.202476352)
(-0.860861242, -0.2539405, -0.382042736, 0.220171466)
(-0.86602, -0.256539, -0.3784766, 0.202367231)
(-0.8602685, -0.266205, -0.3776431, 0.215542421)
(-0.865560532, -0.254785568, -0.379482955, 0.2046505)
(-0.8600446, -0.2660758, -0.377782643, 0.216349691)
(-0.865518749, -0.255241632, -0.379228681, 0.204730421)
(-0.86239177, -0.272195071, -0.373996943, 0.205709785)
(-0.865272045, -0.255433559, -0.379074931, 0.205815986)
(-0.8598172, -0.254432678, -0.3819821, 0.223758832)
(-0.865297258, -0.255647928, -0.378693581, 0.206145331)
(-0.8708683, -0.2520566, -0.376956433, 0.1896308)
(-0.8653178, -0.254485756, -0.378913879, 0.207090288)
(-0.866418, -0.269259721, -0.372300833, 0.195477113)
(-0.866194963, -0.253608137, -0.378625423, 0.205017)
(-0.868060648, -0.236634552, -0.384059876, 0.20729883)
(-0.8662211, -0.254196763, -0.378338963, 0.204706311)
(-0.871305346, -0.2547312, -0.375342041, 0.1872358)
(-0.866120636, -0.253612965, -0.378644139, 0.205290347)
(-0.864379048, -0.239396468, -0.384954423, 0.21759665)
(-0.86638546, -0.252994746, -0.378861576, 0.204533264)
(-0.860719, -0.253218234, -0.381573051, 0.222362638)
(-0.8660298, -0.2545426, -0.3784808, 0.204823747)
(-0.8691697, -0.264345139, -0.372876167, 0.188756421)
(-0.865413249, -0.256203145, -0.378269821, 0.205747128)
(-0.8601332, -0.269415379, -0.3757694, 0.215368539)
(-0.8650655, -0.2563892, -0.378509343, 0.206535473)
(-0.8687164, -0.240814, -0.382653922, 0.202277914)
(-0.8647278, -0.2567977, -0.378660053, 0.207165062)
(-0.8677935, -0.240538165, -0.383414626, 0.205107629)
(-0.8642024, -0.2572646, -0.3788991, 0.208337709)
(-0.8690073, -0.244900346, -0.381229818, 0.1987811)
(-0.864011765, -0.258629352, -0.3785829, 0.208013445)
(-0.865397334, -0.241700768, -0.384511381, 0.211705208)
(-0.8648496, -0.2586998, -0.378342867, 0.204856575)
(-0.865591168, -0.241947174, -0.384466559, 0.210710675)
(-0.8641724, -0.259389669, -0.3785082, 0.206529811)
(-0.8649235, -0.242610008, -0.384650022, 0.2123491)
(-0.8645912, -0.259429, -0.378389925, 0.204938263)
(-0.8662634, -0.242465481, -0.384176582, 0.2078618)
(-0.864589, -0.260025531, -0.37841475, 0.204144239)
(-0.865198, -0.24339205, -0.3846891, 0.210254773)
(-0.862742, -0.260963738, -0.379313231, 0.209035218)
(-0.8655754, -0.244621918, -0.384473354, 0.207652435)
(-0.862517357, -0.2619796, -0.379517138, 0.208319992)
(-0.8618781, -0.246278286, -0.386175662, 0.2176731)
(-0.8619382, -0.262587547, -0.379886061, 0.209277049)
(-0.8601223, -0.24840112, -0.3864072, 0.221756563)
(-0.8626368, -0.26067993, -0.380410045, 0.207826525)
(-0.8613638, -0.2456413, -0.3869023, 0.219133422)
(-0.8623229, -0.26078, -0.380569547, 0.208709762)
(-0.8674098, -0.249856248, -0.382216066, 0.197694048)
(-0.8616881, -0.2601306, -0.3812652, 0.210861236)
(-0.8668132, -0.2603088, -0.378558546, 0.193823963)
(-0.8616983, -0.256840825, -0.3827972, 0.212073237)
(-0.867035031, -0.247905552, -0.3836053, 0.199097857)
(-0.861285746, -0.256991118, -0.383036733, 0.213132232)
(-0.866867959, -0.2515452, -0.382277578, 0.19780989)
(-0.8610231, -0.257391423, -0.3829783, 0.213814318)
(-0.8664945, -0.256380349, -0.380525231, 0.196613982)
(-0.860842943, -0.257864, -0.382893145, 0.2141224)
(-0.865817964, -0.246202469, -0.384955347, 0.203845412)
(-0.860613, -0.2590419, -0.382632136, 0.21409148)
(-0.866130054, -0.252316028, -0.3825592, 0.1995086)
(-0.8602489, -0.256123126, -0.384169757, 0.216301069)
(-0.8651333, -0.259459227, -0.3804842, 0.198638067)
(-0.8599888, -0.256265521, -0.3845384, 0.216512173)
(-0.8611432, -0.271132141, -0.3780338, 0.204963773)
(-0.860097, -0.256176829, -0.38468945, 0.215917856)
(-0.85984993, -0.272640079, -0.378228, 0.208012268)
(-0.86128, -0.255582, -0.384515077, 0.212185547)
(-0.8561324, -0.269129157, -0.381721944, 0.221122533)
(-0.8605516, -0.2550722, -0.385349333, 0.21423085)
(-0.858756065, -0.2723891, -0.379348159, 0.210801378)
(-0.8601812, -0.2554779, -0.385501772, 0.214959443)
(-0.8597032, -0.27229178, -0.378977329, 0.207710952)
(-0.8609674, -0.2555612, -0.385127127, 0.212369278)
(-0.8608361, -0.272054285, -0.3785827, 0.204016492)
(-0.860848844, -0.2560852, -0.385051131, 0.212356672)
(-0.8568554, -0.2723587, -0.380548149, 0.216339409)
(-0.8610025, -0.257477134, -0.384582669, 0.210893989)
(-0.859221, -0.274946958, -0.3785316, 0.2070203)
(-0.8610594, -0.25817132, -0.384486943, 0.2099857)
(-0.855019152, -0.260696739, -0.386508763, 0.227135569)
(-0.8607876, -0.256871, -0.385430872, 0.210962117)
(-0.85527, -0.26891616, -0.3834348, 0.221754625)
(-0.8602562, -0.256318122, -0.386178225, 0.212430537)
(-0.8545459, -0.267057419, -0.384725779, 0.224538848)
(-0.8601821, -0.257954717, -0.385716677, 0.211586341)
(-0.856238544, -0.274072737, -0.381214738, 0.21544151)
(-0.860233247, -0.2587878, -0.385426432, 0.210888624)
(-0.854291439, -0.267129868, -0.384956717, 0.225024909)
