(0, 0, 0, 0)
(-0.8319581, -0.219800875, -0.483686566, 0.159939319)
(-0.829072654, -0.21523492, -0.485779732, 0.174156681)
(-0.8353162, -0.21674934, -0.48211, 0.151117653)
(-0.833242357, -0.2083018, -0.48521468, 0.163964212)
(-0.8380225, -0.216037571, -0.4805286, 0.141909778)
(-0.839915037, -0.196567371, -0.485194772, 0.143143788)
(-0.839731634, -0.212316766, -0.480665356, 0.136869773)
(-0.8415198, -0.19307892, -0.485221565, 0.138293669)
(-0.84408915, -0.206408069, -0.480095178, 0.120074913)
(-0.8416734, -0.2087644, -0.480603516, 0.130474687)
(-0.8454564, -0.218583688, -0.475075126, 0.108297087)
(-0.851784647, -0.204703614, -0.474333555, 0.08698866)
(-0.8536362, -0.1866311, -0.477395684, 0.092560254)
(-0.8519684, -0.1964841, -0.475222, 0.0985292941)
(-0.8578771, -0.185330033, -0.473389477, 0.0748470649)
(-0.862717, -0.16413784, -0.474347, 0.0614258274)
(-0.8614939, -0.1780899, -0.4717734, 0.0595161356)
(-0.8653679, -0.155971944, -0.4734261, 0.0517567657)
(-0.8634197, -0.155520409, -0.4751282, 0.06762264)
(-0.866714358, -0.135085255, -0.47677213, 0.05697796)
(-0.86450547, -0.147886872, -0.476145267, 0.06360523)
(-0.8616431, -0.156267181, -0.47680065, 0.07624262)
(-0.8649828, -0.1428431, -0.4774492, 0.058675576)
(-0.865174055, -0.122728981, -0.481554717, 0.06720522)
(-0.8630207, -0.138865173, -0.480683, 0.0696819)
(-0.865619659, -0.126630709, -0.481545925, 0.0527335554)
(-0.863149047, -0.142900556, -0.4809658, 0.0567900464)
(-0.8651253, -0.12292777, -0.483557016, 0.0511812754)
(-0.8619571, -0.134845719, -0.484306574, 0.0655266643)
(-0.8597271, -0.126210123, -0.487612545, 0.0847023949)
(-0.861811161, -0.128087983, -0.4863747, 0.06568575)
(-0.863353, -0.1323037, -0.484645933, 0.0472814068)
(-0.8624579, -0.118812494, -0.4878546, 0.0636222661)
(-0.862390041, -0.133259058, -0.4855539, 0.0525619239)
(-0.861088037, -0.121947855, -0.488577753, 0.07034083)
(-0.861901343, -0.132876366, -0.4862365, 0.05517283)
(-0.862990856, -0.113051452, -0.488915056, 0.05854947)
(-0.8621521, -0.1306125, -0.48676163, 0.0519347079)
(-0.861609638, -0.115841053, -0.4897636, 0.06588827)
(-0.8614319, -0.132040545, -0.4872702, 0.055390276)
(-0.8619205, -0.113964908, -0.490053535, 0.06286983)
(-0.860855937, -0.1329936, -0.4876226, 0.0588550232)
(-0.861467957, -0.114926673, -0.49024877, 0.0657333359)
(-0.8603204, -0.134263337, -0.48769173, 0.06307844)
(-0.8626778, -0.117217273, -0.488903821, 0.05495756)
(-0.860892057, -0.1366227, -0.4867986, 0.0567992069)
(-0.862949848, -0.118211649, -0.488428116, 0.0527402)
(-0.8603245, -0.1322129, -0.487836242, 0.06616153)
(-0.8628151, -0.116381496, -0.488757372, 0.0558725148)
(-0.860665143, -0.134361848, -0.4870843, 0.062859185)
(-0.863470852, -0.121606782, -0.48709783, 0.04863609)
(-0.860886455, -0.135114029, -0.486525, 0.06254816)
(-0.863529742, -0.120205455, -0.487066, 0.0513191223)
(-0.860944, -0.133892357, -0.4864162, 0.06517499)
(-0.863734, -0.121171489, -0.486498028, 0.0509980656)
(-0.8612758, -0.137546, -0.48529768, 0.0614109449)
(-0.863623261, -0.119754121, -0.486575335, 0.0553018078)
(-0.861181438, -0.135458961, -0.485378057, 0.06652503)
(-0.863681734, -0.118631847, -0.486426175, 0.0580520667)
(-0.8610728, -0.130672574, -0.4858609, 0.0736032352)
(-0.863997757, -0.122528158, -0.485090137, 0.056413155)
(-0.8613771, -0.135653824, -0.4843237, 0.07111893)
(-0.864181161, -0.12183214, -0.484667927, 0.0586919673)
(-0.862552345, -0.1414527, -0.482132733, 0.0595192)
(-0.8646945, -0.1229406, -0.48374635, 0.05638001)
(-0.863939941, -0.14138341, -0.480828524, 0.0492182933)
(-0.86459583, -0.124221951, -0.4834193, 0.0578695461)
(-0.866891444, -0.10898722, -0.484109938, 0.0475246)
(-0.8643704, -0.1234262, -0.483603716, 0.0612964071)
(-0.8649685, -0.136045441, -0.4808371, 0.04600887)
(-0.8648469, -0.121620893, -0.483445376, 0.05940484)
(-0.863240957, -0.141295731, -0.480959117, 0.0594040379)
(-0.863927543, -0.123618349, -0.483577669, 0.06708358)
(-0.8646492, -0.1366504, -0.48059836, 0.05228563)
(-0.864442945, -0.122213371, -0.4832301, 0.06550498)
(-0.864266157, -0.13913919, -0.480234027, 0.05531393)
(-0.8642389, -0.123774342, -0.482961327, 0.06722667)
(-0.8657871, -0.130815521, -0.4805509, 0.04869291)
(-0.863734663, -0.128867924, -0.48236227, 0.06842614)
(-0.8658397, -0.131006464, -0.48038286, 0.04889975)
(-0.86372447, -0.12954174, -0.482175618, 0.06859814)
(-0.866004169, -0.1294862, -0.480487853, 0.0490067154)
(-0.8635848, -0.130602628, -0.482117176, 0.0687551945)
(-0.86571157, -0.131807163, -0.4803604, 0.0492350534)
(-0.8635256, -0.130203187, -0.482307225, 0.0689238161)
(-0.8652017, -0.135927022, -0.480059564, 0.04992614)
(-0.8633248, -0.1310463, -0.482424, 0.0690238848)
(-0.865396857, -0.13334097, -0.480476648, 0.0495040566)
(-0.8629916, -0.13423115, -0.482112616, 0.06924522)
(-0.8654601, -0.131770208, -0.4807399, 0.05004647)
(-0.862908542, -0.13449949, -0.482147753, 0.06951376)
(-0.8655226, -0.130698651, -0.480880439, 0.0504232943)
(-0.8628229, -0.136481076, -0.481813878, 0.06902841)
(-0.865612864, -0.128781, -0.48110953, 0.0516079254)
(-0.8628906, -0.1359267, -0.481712162, 0.06997932)
(-0.865682542, -0.129184648, -0.480818063, 0.0521441326)
(-0.862934, -0.1373813, -0.481235057, 0.0698856339)
(-0.865830243, -0.128879726, -0.48056522, 0.0527749173)
(-0.8630339, -0.1394762, -0.4805458, 0.06924434)
(-0.8659357, -0.127634689, -0.480518162, 0.0544703752)
(-0.8631398, -0.139789328, -0.480245948, 0.06937221)
(-0.866054535, -0.12919122, -0.480005115, 0.05342501)
(-0.86326, -0.13801533, -0.480343729, 0.07073755)
(-0.866103232, -0.125156879, -0.480601072, 0.05677781)
(-0.863308549, -0.1374702, -0.48028484, 0.0716007)
(-0.8661456, -0.125212356, -0.480481237, 0.0570221432)
(-0.8633839, -0.1392506, -0.479840726, 0.07021655)
(-0.8661502, -0.125301957, -0.4803917, 0.0575063378)
(-0.863733, -0.143149644, -0.478827745, 0.06478863)
(-0.865929961, -0.125127167, -0.480561346, 0.0597441941)
(-0.8634549, -0.142923236, -0.4790555, 0.06726454)
(-0.8655695, -0.124642193, -0.480946332, 0.06280608)
(-0.863754, -0.143977389, -0.478723735, 0.06342878)
(-0.8657428, -0.125479162, -0.480713665, 0.0604865253)
(-0.8629262, -0.140911058, -0.47984007, 0.07249805)
(-0.865603447, -0.126711771, -0.480614275, 0.0607015267)
(-0.8626764, -0.141125724, -0.4800097, 0.07391656)
(-0.8653586, -0.126508117, -0.480894983, 0.0623725131)
(-0.863409638, -0.145794749, -0.478700817, 0.06413341)
(-0.865140438, -0.126929969, -0.4810159, 0.06359672)
(-0.863168657, -0.14616473, -0.478828639, 0.06556579)
(-0.86526227, -0.127811685, -0.4808112, 0.06169157)
(-0.8624811, -0.143945, -0.479772478, 0.07228089)
(-0.865164757, -0.1285489, -0.480802655, 0.06159603)
(-0.862828434, -0.147123411, -0.479006082, 0.0665943548)
(-0.864803135, -0.128558949, -0.4811563, 0.06384974)
(-0.863441, -0.147669047, -0.478563577, 0.0603370257)
(-0.864602447, -0.129013121, -0.481342, 0.0642512739)
(-0.8621898, -0.147537634, -0.479590058, 0.0696761757)
(-0.864277, -0.129264548, -0.4816644, 0.0656914562)
(-0.8631282, -0.148231059, -0.4789029, 0.0607402623)
(-0.8639779, -0.130259961, -0.4817759, 0.0668311)
(-0.862032354, -0.149728328, -0.479476333, 0.06770585)
(-0.863858461, -0.131147146, -0.481901973, 0.0657224953)
(-0.861083, -0.148533121, -0.480619162, 0.07402265)
(-0.8633665, -0.130933046, -0.482512742, 0.068089366)
(-0.8619562, -0.150354877, -0.4798119, 0.0648497045)
(-0.8629444, -0.132246539, -0.482673973, 0.06974017)
(-0.8649714, -0.134497687, -0.480855882, 0.05012403)
(-0.862575531, -0.1339528, -0.482856959, 0.06977931)
(-0.8645508, -0.136740535, -0.480955362, 0.0503572859)
(-0.8622757, -0.134507492, -0.4831959, 0.0700719953)
(-0.8616505, -0.152328387, -0.480201662, 0.06132474)
(-0.8620265, -0.135453939, -0.483321339, 0.0704488754)
(-0.8611172, -0.153804451, -0.480360627, 0.06383624)
(-0.862540364, -0.135010645, -0.483079344, 0.0665630251)
(-0.8636591, -0.116188347, -0.4856475, 0.06884646)
(-0.862642348, -0.13531673, -0.483112484, 0.0643427745)
(-0.860199153, -0.154359549, -0.481176376, 0.06855402)
(-0.8622633, -0.136354372, -0.48344022, 0.0647686943)
(-0.863818944, -0.118192643, -0.485808551, 0.0619467273)
(-0.861621559, -0.13781, -0.4841667, 0.0648015738)
(-0.864079356, -0.1264, -0.484621137, 0.0503226146)
(-0.860998631, -0.1396028, -0.4847287, 0.065042235)
(-0.858233631, -0.138658762, -0.4868157, 0.08496678)
(-0.860692561, -0.139885828, -0.485130578, 0.0654863343)
(-0.8608329, -0.1226569, -0.488201678, 0.074706465)
(-0.8604369, -0.14006792, -0.48544392, 0.0661333352)
(-0.862584233, -0.122116685, -0.487257361, 0.0601346157)
(-0.860246241, -0.140003145, -0.4857624, 0.0664103)
(-0.862632751, -0.12330474, -0.487177253, 0.05761184)
(-0.8598533, -0.13851583, -0.486485034, 0.0692676157)
(-0.8623872, -0.1343021, -0.4854884, 0.0505186766)
(-0.8594502, -0.14069511, -0.4865848, 0.06917639)
(-0.856159866, -0.147522911, -0.4874073, 0.0875288844)
(-0.8591548, -0.141701534, -0.48680377, 0.06925127)
(-0.8615548, -0.140703872, -0.485224128, 0.0498337969)
(-0.859167755, -0.139748111, -0.487292081, 0.06962541)
(-0.85954, -0.153813168, -0.484135956, 0.05607938)
(-0.859619737, -0.137935832, -0.487306327, 0.0675286)
(-0.860306263, -0.150163755, -0.4843595, 0.0521509573)
(-0.8598655, -0.136422634, -0.487465739, 0.0663122)
(-0.85984087, -0.151781291, -0.484456033, 0.0542080849)
(-0.8597292, -0.136472315, -0.487677, 0.06642317)
(-0.8566139, -0.142587632, -0.488507628, 0.08509895)
(-0.859509051, -0.138761789, -0.487432837, 0.06632248)
(-0.858547032, -0.125866175, -0.4903422, 0.081357725)
(-0.859327853, -0.139549091, -0.487397164, 0.06727418)
(-0.860105455, -0.121088363, -0.4901206, 0.07306073)
(-0.85974133, -0.138793588, -0.487189859, 0.0650161356)
(-0.8588651, -0.125917047, -0.4900049, 0.0799429044)
(-0.8597373, -0.139172614, -0.4870523, 0.0652914345)
(-0.859208345, -0.124862656, -0.489885718, 0.078627035)
(-0.859941661, -0.139025971, -0.486805737, 0.06474804)
(-0.862805545, -0.130380958, -0.486096859, 0.04771955)
(-0.860155642, -0.137291983, -0.4867572, 0.06595907)
(-0.8572267, -0.151748836, -0.485789746, 0.0783764943)
(-0.860283852, -0.137447909, -0.486482233, 0.06599179)
(-0.861912668, -0.118444271, -0.488642782, 0.065619)
(-0.86043936, -0.13770476, -0.4861589, 0.0658103451)
(-0.8629001, -0.1206455, -0.487345, 0.05781756)
(-0.860467, -0.13715148, -0.486019015, 0.0676129)
(-0.861696362, -0.118319608, -0.488449663, 0.06997734)
(-0.86098516, -0.137007415, -0.485611528, 0.06414938)
(-0.8627555, -0.118289478, -0.487606555, 0.062454816)
(-0.8609075, -0.1373436, -0.4854525, 0.06565699)
(-0.8624055, -0.118420735, -0.4876963, 0.0662241355)
(-0.860901535, -0.137638465, -0.485314071, 0.06613934)
(-0.8622934, -0.118521459, -0.487727016, 0.06726761)
(-0.861152, -0.137501687, -0.485142738, 0.06439788)
(-0.862706363, -0.118525282, -0.487451762, 0.06387772)
(-0.8609776, -0.137790129, -0.485317, 0.0647979)
(-0.8630902, -0.119883254, -0.4870648, 0.05891663)
(-0.860732853, -0.137724608, -0.485622317, 0.065892145)
(-0.861532748, -0.119234093, -0.488396883, 0.07080209)
(-0.8605668, -0.138060659, -0.4857892, 0.06612709)
(-0.8628001, -0.120332077, -0.4874113, 0.05938468)
(-0.8605305, -0.1383694, -0.485849023, 0.06551171)
(-0.8619649, -0.1192964, -0.488314569, 0.06583141)
(-0.8602521, -0.138532981, -0.4861635, 0.0664842)
(-0.861831, -0.119651675, -0.488531381, 0.06532937)
(-0.860204339, -0.139034078, -0.4863164, 0.0649180859)
(-0.8612144, -0.120367981, -0.489072531, 0.0680394545)
(-0.8598274, -0.139750674, -0.486622721, 0.0660682246)
(-0.8602801, -0.121998958, -0.4895446, 0.07335121)
(-0.860010266, -0.139358982, -0.486676365, 0.0640901849)
(-0.8600297, -0.12290477, -0.48962003, 0.0742661953)
(-0.8599486, -0.139815778, -0.486652255, 0.06410649)
(-0.8600044, -0.123273209, -0.4896188, 0.07395569)
(-0.8598215, -0.140453622, -0.486700982, 0.06404541)
(-0.862532139, -0.126139, -0.48731336, 0.05150748)
(-0.859744, -0.1396082, -0.486950874, 0.06502836)
(-0.861242652, -0.12076053, -0.4892826, 0.06542547)
(-0.8602952, -0.139673337, -0.4865498, 0.0604393929)
(-0.860586464, -0.122763075, -0.4893478, 0.06970545)
(-0.8603439, -0.140035063, -0.486393273, 0.0601677522)
(-0.860500336, -0.123693384, -0.4891513, 0.07049924)
(-0.8604188, -0.140509143, -0.486102134, 0.06034439)
(-0.85992986, -0.1265248, -0.488902181, 0.07407205)
(-0.860551655, -0.140332654, -0.4859485, 0.0600960739)
(-0.8612448, -0.122436866, -0.488613039, 0.06725972)
(-0.8602379, -0.141416863, -0.485810727, 0.0630861)
(-0.8621631, -0.1227608, -0.4877488, 0.0608745962)
(-0.860085547, -0.141496062, -0.4857404, 0.0654834956)
(-0.862473667, -0.124169752, -0.487124562, 0.058571402)
(-0.8600262, -0.141441375, -0.485646755, 0.0670563653)
(-0.8622601, -0.123468988, -0.487267941, 0.06191114)
(-0.8605583, -0.142786235, -0.484870732, 0.06286439)
(-0.8626966, -0.124540955, -0.486576378, 0.0590562746)
(-0.8605296, -0.14321, -0.484636784, 0.06408469)
(-0.8624078, -0.124641716, -0.4866906, 0.06204344)
(-0.8602098, -0.1433732, -0.484798968, 0.06673148)
(-0.8624116, -0.125338227, -0.486545265, 0.06172679)
(-0.86035943, -0.1442643, -0.48446095, 0.06532296)
(-0.862285435, -0.125735015, -0.486473024, 0.06323426)
(-0.8606615, -0.145128161, -0.483949572, 0.06318541)
(-0.8625023, -0.12637797, -0.486043245, 0.0622923039)
(-0.860618, -0.145657584, -0.483774036, 0.06390001)
(-0.8623918, -0.126906633, -0.485973626, 0.06328275)
