(0, 0, 0, 0)
(0.805631459, 0.2119596, -0.108637489, 0.542428732)
(0.8008636, 0.199479014, -0.11891681, 0.5519822)
(0.8068306, 0.209963962, -0.109810635, 0.5411848)
(0.8082504, 0.225104809, -0.09820051, 0.535178244)
(0.8088113, 0.209359542, -0.10945785, 0.5385274)
(0.8044471, 0.1963918, -0.119891562, 0.547650456)
(0.803529561, 0.2121933, -0.10858649, 0.5454568)
(0.810040236, 0.220772162, -0.100457959, 0.5338565)
(0.808389843, 0.205430716, -0.111889713, 0.5401709)
(0.801532149, 0.216042027, -0.105508521, 0.547485)
(0.8057749, 0.201939672, -0.114905752, 0.544742048)
(0.8085315, 0.216327116, -0.103818595, 0.537309051)
(0.816324651, 0.219534054, -0.09951872, 0.5248953)
(0.808962047, 0.213393614, -0.10622301, 0.5373641)
(0.8020807, 0.205119684, -0.114087671, 0.5491598)
(0.809318244, 0.212353557, -0.107342623, 0.537017167)
(0.802756965, 0.2242895, -0.10055811, 0.5432896)
(0.808798969, 0.212452143, -0.108125709, 0.537603259)
(0.800719738, 0.208249465, -0.1134109, 0.55010736)
(0.8079215, 0.215769932, -0.106345184, 0.537956238)
(0.8111909, 0.201183066, -0.1163446, 0.536617935)
(0.806439161, 0.21532777, -0.107366465, 0.540150166)
(0.812619448, 0.204412192, -0.114607096, 0.5336016)
(0.804957449, 0.21309562, -0.111325115, 0.542439342)
(0.805530369, 0.227665469, -0.101555444, 0.537564754)
(0.807857633, 0.211589217, -0.113553472, 0.5382393)
(0.813876867, 0.201068833, -0.122163966, 0.531273663)
(0.8064792, 0.211124077, -0.120591812, 0.5389577)
(0.797449052, 0.204293475, -0.1317562, 0.5522495)
(0.8051864, 0.202385917, -0.135007665, 0.5408213)
(0.795623541, 0.191895783, -0.15028958, 0.554592)
(0.78816396, 0.203236923, -0.150270954, 0.5611693)
(0.782383561, 0.21276693, -0.148448631, 0.5661884)
(0.7902179, 0.207241148, -0.155247435, 0.55543226)
(0.797274351, 0.1959572, -0.166153044, 0.546211958)
(0.8052419, 0.1966442, -0.1700398, 0.532919347)
(0.79865694, 0.203747734, -0.170902461, 0.539839149)
(0.8013926, 0.185406059, -0.185758054, 0.5374834)
(0.79428333, 0.180506945, -0.1923735, 0.5472876)
(0.792883337, 0.1914638, -0.184203207, 0.54840374)
(0.801262856, 0.181237966, -0.190964758, 0.5372737)
(0.8021741, 0.1638169, -0.2042185, 0.536633432)
(0.7965434, 0.1692754, -0.201719478, 0.5442183)
(0.806027949, 0.170576379, -0.201164767, 0.529863536)
(0.798359454, 0.170979619, -0.202743918, 0.540632069)
(0.79015553, 0.161620915, -0.211098433, 0.5522411)
(0.7846712, 0.1692425, -0.20663023, 0.559421241)
(0.7904209, 0.1549417, -0.21701771, 0.551481)
(0.7996123, 0.151100889, -0.21977298, 0.538041353)
(0.8084555, 0.1555536, -0.217106074, 0.524469)
(0.805545, 0.166862741, -0.2095314, 0.5285363)
(0.8033516, 0.149045348, -0.219864726, 0.532983363)
(0.811107159, 0.137938827, -0.22519879, 0.5218847)
(0.8205417, 0.134539977, -0.226383224, 0.5073075)
(0.829165161, 0.139156684, -0.223330438, 0.4931979)
(0.8237556, 0.146967441, -0.21789211, 0.502344668)
(0.817765653, 0.154800832, -0.212828651, 0.511859238)
(0.8164021, 0.137217015, -0.2238942, 0.5143253)
(0.815542459, 0.152652055, -0.213712767, 0.515669048)
(0.8119052, 0.165210858, -0.204636082, 0.5211902)
(0.8174473, 0.153455839, -0.211360782, 0.5133789)
(0.8128268, 0.1389416, -0.220452458, 0.520968854)
(0.8169844, 0.155017808, -0.209842, 0.5142685)
(0.808753252, 0.155753851, -0.209468484, 0.5270502)
(0.81704247, 0.155865833, -0.2082257, 0.514577031)
(0.814203, 0.139323518, -0.21828784, 0.5196275)
(0.8166383, 0.155617088, -0.207470819, 0.5155979)
(0.821076, 0.142819166, -0.215323776, 0.5089917)
(0.816304564, 0.1554273, -0.207753181, 0.516069531)
(0.8120119, 0.140121236, -0.217749447, 0.5230563)
(0.8182779, 0.15263176, -0.209593877, 0.5130256)
(0.8167629, 0.1362284, -0.2199866, 0.5156995)
(0.813634038, 0.151089668, -0.210525662, 0.520433068)
(0.819858, 0.142618477, -0.215658352, 0.5108663)
(0.820753932, 0.15943332, -0.205597714, 0.5085997)
(0.812564433, 0.1550681, -0.209183246, 0.521474242)
(0.81068176, 0.138887331, -0.219426021, 0.5247452)
(0.819015563, 0.1432638, -0.216310725, 0.5117603)
(0.8169954, 0.159112871, -0.206605315, 0.514310956)
(0.814305365, 0.1428705, -0.217426747, 0.518864751)
(0.8161884, 0.159856781, -0.206691876, 0.5153259)
(0.8146925, 0.144056827, -0.216589883, 0.5182785)
(0.8226143, 0.14432624, -0.2159816, 0.505794168)
(0.8142918, 0.140374467, -0.218892857, 0.51895076)
(0.809559941, 0.1528085, -0.2112144, 0.525976062)
(0.81702435, 0.161496177, -0.205189779, 0.514088869)
(0.818513334, 0.1456329, -0.214817375, 0.512523532)
(0.810806632, 0.148987368, -0.2125338, 0.524618566)
(0.8169896, 0.140247881, -0.218010515, 0.5151018)
(0.813533545, 0.154302329, -0.209014565, 0.5202564)
(0.819501638, 0.144434467, -0.215029284, 0.511192858)
(0.823986053, 0.158976078, -0.206003666, 0.503325)
(0.816076934, 0.159567729, -0.205731779, 0.5159758)
(0.8171586, 0.1434075, -0.2152465, 0.515126348)
(0.82490325, 0.143188655, -0.215411052, 0.502622843)
(0.817403257, 0.147136763, -0.213446558, 0.514435)
(0.825013041, 0.1438536, -0.2154386, 0.5022408)
(0.817987144, 0.150247633, -0.211675152, 0.5133384)
(0.8134717, 0.1349581, -0.221246466, 0.520672858)
(0.820711434, 0.144553572, -0.215390921, 0.5090616)
(0.8134689, 0.14987509, -0.212480754, 0.520247757)
(0.8205915, 0.159386143, -0.2065074, 0.5085079)
(0.812707365, 0.154781446, -0.2095179, 0.521202147)
(0.817499, 0.142115027, -0.216802374, 0.514291167)
(0.823159, 0.131760448, -0.22296901, 0.5053051)
(0.818260968, 0.14318563, -0.2160329, 0.5131048)
(0.822278738, 0.1587165, -0.206491217, 0.5059923)
(0.814201534, 0.153178185, -0.210194126, 0.519067168)
(0.8103191, 0.137324989, -0.219998822, 0.5254761)
(0.8183259, 0.135111466, -0.220881745, 0.5131265)
(0.8250023, 0.146886587, -0.213443592, 0.5022324)
(0.8201724, 0.159457043, -0.206197664, 0.5092868)
(0.811787248, 0.154298812, -0.2101565, 0.5225204)
(0.805806339, 0.1413304, -0.2187012, 0.531856835)
(0.8140267, 0.146722838, -0.214810386, 0.519316256)
(0.8203761, 0.159510076, -0.205973327, 0.509032965)
(0.8215495, 0.1433609, -0.216051131, 0.507765651)
(0.8250068, 0.158665359, -0.207174718, 0.5012661)
(0.8174021, 0.150340021, -0.213401377, 0.513528466)
(0.8102215, 0.157392964, -0.209376737, 0.524337649)
(0.8181238, 0.154292673, -0.211185023, 0.51212126)
(0.8172838, 0.1378397, -0.221394867, 0.5138401)
(0.8211565, 0.153536052, -0.21179685, 0.5072187)
(0.814133048, 0.143675849, -0.218556568, 0.5184377)
(0.8159778, 0.160406813, -0.207914278, 0.514996767)
(0.8177344, 0.144840479, -0.21782209, 0.5127233)
(0.811472833, 0.153488144, -0.212291151, 0.5223848)
(0.814804256, 0.139403686, -0.220946178, 0.517536)
(0.823072255, 0.140493736, -0.219816983, 0.504474044)
(0.819755852, 0.155066952, -0.211125776, 0.5092941)
(0.811445832, 0.153707176, -0.212557822, 0.522253633)
(0.8175889, 0.1448388, -0.217966646, 0.512894332)
(0.81014365, 0.135940537, -0.223547682, 0.524608433)
(0.8171026, 0.147038326, -0.216542378, 0.513646245)
(0.8210382, 0.162319243, -0.2068597, 0.506712735)
(0.8168588, 0.1467629, -0.216984987, 0.5139259)
(0.8085493, 0.143515244, -0.2191948, 0.5268823)
(0.8165716, 0.150593922, -0.214374438, 0.5143694)
(0.8223477, 0.163480237, -0.20564115, 0.5047081)
(0.8191236, 0.1472994, -0.215699553, 0.510698557)
(0.8111306, 0.143111482, -0.218092382, 0.5234711)
(0.8185654, 0.1528788, -0.21162194, 0.511659)
(0.811392367, 0.15845181, -0.20823966, 0.522658169)
(0.8180753, 0.149881661, -0.213208392, 0.5126699)
(0.818287134, 0.133185163, -0.223130554, 0.5127188)
(0.817527235, 0.1492379, -0.212661177, 0.5139576)
(0.822204769, 0.137005314, -0.22005868, 0.5067377)
(0.8201449, 0.152500242, -0.210438326, 0.5097271)
(0.8134974, 0.1608029, -0.20550102, 0.5197439)
(0.816646457, 0.146283388, -0.214762315, 0.5153318)
(0.8110617, 0.1570482, -0.20780696, 0.5237662)
(0.817686141, 0.149110973, -0.212465435, 0.513822734)
(0.8251734, 0.1455356, -0.214513, 0.5018888)
(0.8184923, 0.153852224, -0.210085213, 0.512117147)
(0.810307562, 0.155739263, -0.209623635, 0.52459985)
(0.818015933, 0.152275756, -0.211675584, 0.5126943)
(0.824358046, 0.143530071, -0.216788083, 0.502827764)
(0.8162448, 0.140193686, -0.219192877, 0.5157951)
(0.823331654, 0.149798661, -0.213525414, 0.504075646)
(0.8150934, 0.146235734, -0.216509759, 0.5170699)
(0.8217627, 0.157422125, -0.2096021, 0.505956)
(0.8144809, 0.148670524, -0.21539703, 0.517805)
(0.8211145, 0.141305953, -0.220014229, 0.5073436)
(0.813382149, 0.144702986, -0.218264177, 0.519452751)
(0.8184699, 0.158952683, -0.209403634, 0.5108729)
(0.8122606, 0.147050679, -0.217178613, 0.5210012)
(0.820492446, 0.150243208, -0.214633226, 0.5080863)
(0.815117061, 0.1365373, -0.223108545, 0.5168793)
(0.815810263, 0.153170526, -0.212414742, 0.5156282)
(0.8192601, 0.139448076, -0.22105813, 0.510392368)
(0.8154492, 0.1530157, -0.212391973, 0.516254246)
(0.820723832, 0.141974643, -0.218879938, 0.508278668)
(0.819648147, 0.158265144, -0.208392322, 0.509609461)
(0.818319857, 0.141748577, -0.218526632, 0.5123535)
(0.815828145, 0.156726912, -0.208859816, 0.5159832)
(0.817453265, 0.140784845, -0.21866259, 0.513942)
(0.82276094, 0.154637054, -0.209390089, 0.5052798)
(0.8207622, 0.1381278, -0.219295636, 0.509096742)
(0.82446295, 0.153933868, -0.20909299, 0.5028373)
(0.8165761, 0.148912683, -0.212497622, 0.515628934)
(0.821140945, 0.163224012, -0.203279957, 0.5077035)
(0.8173038, 0.147774875, -0.213172346, 0.5145238)
(0.820419967, 0.1637054, -0.2025194, 0.5090162)
(0.819436133, 0.147033617, -0.212715492, 0.511525)
(0.826744854, 0.142649278, -0.215269476, 0.499803126)
(0.818915665, 0.145463929, -0.213899165, 0.5123129)
(0.8128892, 0.155641124, -0.207632244, 0.521417141)
(0.818949938, 0.146565139, -0.213294744, 0.5121962)
(0.8116125, 0.152268663, -0.2097054, 0.5235675)
(0.8187782, 0.145923257, -0.213550225, 0.5125474)
(0.818066359, 0.12931101, -0.22404778, 0.51366204)
(0.817572951, 0.145722121, -0.213871971, 0.5143911)
(0.8218268, 0.160477266, -0.204506189, 0.506976366)
(0.8160905, 0.147209, -0.213225752, 0.5165856)
(0.8078076, 0.145307064, -0.214514762, 0.5294489)
(0.81588, 0.143673748, -0.2154071, 0.517008066)
(0.822828352, 0.153680027, -0.208776772, 0.5057155)
(0.816089, 0.141653672, -0.216861129, 0.516627848)
(0.821114957, 0.155348048, -0.2083351, 0.508167)
(0.8142528, 0.144630015, -0.21551092, 0.5192588)
(0.816299736, 0.161331654, -0.20478417, 0.5154515)
(0.8140087, 0.144988015, -0.2153977, 0.5195885)
(0.8217624, 0.151006043, -0.211636871, 0.507063746)
(0.8138221, 0.145550653, -0.215281963, 0.519771457)
(0.821909964, 0.147072047, -0.214351729, 0.506840348)
(0.8143661, 0.1510348, -0.2121568, 0.518638551)
(0.821995258, 0.146857977, -0.214557275, 0.5066771)
(0.814211845, 0.140916646, -0.218463883, 0.519109845)
(0.8214647, 0.150113255, -0.212718025, 0.50735873)
(0.8170526, 0.134698972, -0.222969472, 0.5143597)
(0.8147159, 0.14964661, -0.213938341, 0.517758965)
(0.8123413, 0.16453369, -0.204119027, 0.5209277)
(0.8156709, 0.1497315, -0.212507218, 0.5168191)
(0.819437265, 0.1358017, -0.220636576, 0.511272967)
(0.821244061, 0.152284175, -0.2100784, 0.5081681)
(0.8134136, 0.153346062, -0.209134892, 0.520678341)
(0.8204463, 0.145774171, -0.212963924, 0.5101609)
(0.812574863, 0.140737876, -0.215757236, 0.52284205)
(0.819506168, 0.152593777, -0.207291409, 0.512010753)
(0.8273476, 0.147326246, -0.209462926, 0.4999163)
(0.8200821, 0.138915, -0.214413792, 0.512049437)
(0.8127171, 0.142824933, -0.211696386, 0.5237142)
(0.8211795, 0.1447844, -0.210200056, 0.5104094)
(0.819436848, 0.160224572, -0.200434923, 0.5125203)
(0.8189255, 0.14350611, -0.210781768, 0.5141381)
(0.826252043, 0.138166949, -0.213780463, 0.502509)
(0.821782, 0.15094772, -0.205996037, 0.5093671)
(0.813417256, 0.148493543, -0.207865924, 0.5225838)
(0.8185756, 0.137537792, -0.214561358, 0.514762759)
(0.822915256, 0.153209761, -0.204390481, 0.507505536)
(0.8282964, 0.142131239, -0.211006925, 0.499199361)
(0.8218148, 0.150684342, -0.2061447, 0.509331942)
(0.81716007, 0.1356377, -0.2158807, 0.5169597)
(0.820415139, 0.151849285, -0.205872253, 0.511348665)
(0.822551668, 0.136780158, -0.215304121, 0.508275568)
(0.8287068, 0.149099186, -0.2077053, 0.497868448)
(0.820732534, 0.150478363, -0.207264408, 0.5106816)
(0.8159027, 0.135574237, -0.216743559, 0.5185987)
(0.8213212, 0.14962171, -0.207821548, 0.5097598)
(0.8260591, 0.137405172, -0.215206742, 0.502426445)
(0.8230756, 0.151917562, -0.206508473, 0.5067758)
(0.816767931, 0.139191791, -0.215063587, 0.516975343)
(0.819504738, 0.155372977, -0.2050328, 0.51208663)
(0.818494737, 0.13899532, -0.215686515, 0.5140293)
(0.8243599, 0.152153343, -0.207657263, 0.50414145)
(0.824976861, 0.135416567, -0.21832101, 0.5033999)
(0.8206442, 0.148065314, -0.21126689, 0.509888232)
(0.8148137, 0.1348077, -0.220575586, 0.518895)
(0.8197844, 0.149697125, -0.211690754, 0.5106185)
