(0, 0, 0, 0)
(0.81410253, 0.104894042, 0.138678253, 0.554078162)
(0.8141086, 0.120335683, 0.14988406, 0.5479792)
(0.813114047, 0.106335409, 0.139203355, 0.5551222)
(0.816435456, 0.118137158, 0.14902474, 0.545223236)
(0.8140021, 0.1055214, 0.138539746, 0.5541413)
(0.8143725, 0.120332651, 0.149503663, 0.547691762)
(0.814769447, 0.104832917, 0.138389841, 0.5531808)
(0.8122833, 0.121229276, 0.14945361, 0.5506023)
(0.812934458, 0.1058787, 0.138412222, 0.555670142)
(0.811921, 0.12183807, 0.149808, 0.550905943)
(0.816464, 0.105827972, 0.1397721, 0.550137)
(0.810550869, 0.120870717, 0.148380116, 0.5535168)
(0.8154312, 0.1048453, 0.138734549, 0.5521161)
(0.8153347, 0.1199295, 0.149805933, 0.5462642)
(0.812891543, 0.106932715, 0.139637321, 0.555224538)
(0.8123161, 0.122138716, 0.150966689, 0.549939752)
(0.8185827, 0.10727594, 0.142952487, 0.545874357)
(0.811838567, 0.121377632, 0.150375023, 0.5509746)
(0.81202215, 0.106083475, 0.138944253, 0.556831062)
(0.8105316, 0.122016519, 0.150138274, 0.5528191)
(0.816426754, 0.106893845, 0.141434416, 0.549561)
(0.8111092, 0.1224882, 0.150825992, 0.551679254)
(0.811336458, 0.106669083, 0.139801726, 0.5575036)
(0.817656636, 0.111258939, 0.1469036, 0.5454157)
(0.811585069, 0.126481578, 0.157107756, 0.5483148)
(0.803886831, 0.125446, 0.156009182, 0.5600807)
(0.804966867, 0.106864676, 0.14764154, 0.5646328)
(0.8055147, 0.08950194, 0.141222313, 0.5684995)
(0.8123632, 0.08646112, 0.148153171, 0.557351947)
(0.8188764, 0.0843335763, 0.1540936, 0.546428859)
(0.816489637, 0.099535, 0.167353451, 0.543535054)
(0.8093991, 0.11104279, 0.175282866, 0.5493802)
(0.808208346, 0.12345919, 0.187432155, 0.5444505)
(0.8044001, 0.110133067, 0.179906249, 0.5553783)
(0.801130235, 0.09443456, 0.172555134, 0.5652408)
(0.8082566, 0.08134425, 0.170733839, 0.5576328)
(0.8124207, 0.0915673152, 0.1781266, 0.547593832)
(0.8050773, 0.105735175, 0.184119761, 0.5538687)
(0.800276935, 0.09473005, 0.175227746, 0.5655779)
(0.808023751, 0.08440706, 0.17376934, 0.556576431)
(0.8159199, 0.08364223, 0.1760457, 0.5443222)
(0.8082693, 0.09657281, 0.18065609, 0.5520307)
(0.800553739, 0.09892999, 0.180038512, 0.56295)
(0.80248183, 0.08256017, 0.170041561, 0.5659439)
(0.8104205, 0.0817498341, 0.173293918, 0.553628862)
(0.807172358, 0.09832093, 0.1832673, 0.5524663)
(0.804052949, 0.0856109858, 0.17185013, 0.562705338)
(0.811772645, 0.0703898445, 0.162444085, 0.5564912)
(0.8100898, 0.08664762, 0.172018588, 0.5537655)
(0.8023995, 0.09885898, 0.176162243, 0.56155926)
(0.810618758, 0.09082297, 0.172833562, 0.5520661)
(0.8150545, 0.07381273, 0.161364377, 0.5515428)
(0.807551563, 0.08560528, 0.166131377, 0.559403837)
(0.8015807, 0.100564033, 0.174596578, 0.5629132)
(0.8097208, 0.09271861, 0.1719229, 0.5533516)
(0.8081519, 0.07885103, 0.16135627, 0.560925245)
(0.8010567, 0.0927892253, 0.169279188, 0.5666065)
(0.8066266, 0.077076, 0.15967387, 0.5638412)
(0.7986175, 0.08010965, 0.159416839, 0.574785948)
(0.80609, 0.08264345, 0.164269909, 0.562498331)
(0.7975687, 0.09178166, 0.167851314, 0.5720893)
(0.8050756, 0.07850351, 0.1607911, 0.5655411)
(0.80643, 0.09214249, 0.171702817, 0.5582998)
(0.8023059, 0.08183352, 0.162979439, 0.568371534)
(0.793373346, 0.0887171254, 0.165396169, 0.5790786)
(0.8018016, 0.0827513561, 0.164079025, 0.568633854)
(0.80960387, 0.0816516951, 0.165984869, 0.557067)
(0.8007786, 0.08931105, 0.16808477, 0.5679126)
(0.7932904, 0.103203312, 0.175648138, 0.573748469)
(0.7994133, 0.08874742, 0.167147011, 0.570196569)
(0.8029838, 0.0723658055, 0.156224027, 0.5705911)
(0.8100755, 0.07537573, 0.160614967, 0.558837235)
(0.8040054, 0.0911263153, 0.169302449, 0.56267935)
(0.7980207, 0.0841942057, 0.1612254, 0.574526548)
(0.8040209, 0.09031314, 0.167749271, 0.563253045)
(0.8110684, 0.07721292, 0.160062134, 0.557302833)
(0.803022, 0.08842665, 0.164440975, 0.5659466)
(0.7999578, 0.105057217, 0.175354689, 0.5641642)
(0.8013706, 0.0893669, 0.163745686, 0.568336248)
(0.809311867, 0.07901143, 0.1586762, 0.559994)
(0.807198167, 0.0953106657, 0.169398338, 0.557360947)
(0.8095641, 0.0788867846, 0.15774861, 0.559909)
(0.801142752, 0.08504307, 0.158780724, 0.5707246)
(0.8094599, 0.08256004, 0.159641638, 0.5589928)
(0.817416, 0.0807720944, 0.160860524, 0.5472028)
(0.8094206, 0.08249946, 0.158803165, 0.5592976)
(0.8016193, 0.08264874, 0.155813754, 0.571224868)
(0.810096, 0.0777967349, 0.15502286, 0.5600535)
(0.813500345, 0.08947023, 0.164281681, 0.55065763)
(0.8056143, 0.0897053853, 0.160940811, 0.563060045)
(0.799320757, 0.08390577, 0.154025, 0.5747368)
(0.8074421, 0.08288587, 0.15588364, 0.5629099)
(0.801679134, 0.07593692, 0.148753375, 0.573948145)
(0.8052625, 0.0876325, 0.158694923, 0.564525247)
(0.813069, 0.0773055255, 0.153751761, 0.556150138)
(0.8053218, 0.08911473, 0.159480855, 0.563986838)
(0.797513, 0.088220574, 0.155975446, 0.576074541)
(0.8056964, 0.08655314, 0.157755986, 0.5643358)
(0.7973997, 0.0971393362, 0.162453949, 0.5729977)
(0.8057746, 0.08879163, 0.159306839, 0.56344)
(0.813855648, 0.0867242739, 0.1607789, 0.551605)
(0.8056273, 0.08901197, 0.159401283, 0.5635892)
(0.8063686, 0.0737422258, 0.148236662, 0.5677656)
(0.804387331, 0.09050991, 0.159532681, 0.5650826)
(0.8085352, 0.07477329, 0.148923725, 0.5643593)
(0.809307933, 0.08977756, 0.159605518, 0.558110058)
(0.8099133, 0.07468447, 0.148095846, 0.562610269)
(0.804753542, 0.0906072, 0.157240257, 0.5651881)
(0.8109429, 0.07621661, 0.148226082, 0.5608847)
(0.805184245, 0.0915332, 0.156642988, 0.56459105)
(0.7997421, 0.0840625837, 0.148663089, 0.575539231)
(0.8080919, 0.08334345, 0.150793865, 0.5632961)
(0.8165625, 0.07968947, 0.150797278, 0.5514849)
(0.8085486, 0.08837528, 0.153969765, 0.56101)
(0.800090849, 0.0950761437, 0.155412734, 0.5715436)
(0.7957659, 0.08477578, 0.145723268, 0.5816653)
(0.8024747, 0.0900652558, 0.151986718, 0.569932342)
(0.8072458, 0.09927769, 0.16047141, 0.559238)
(0.800888, 0.09353453, 0.1536898, 0.571147144)
(0.809269667, 0.08589857, 0.150901422, 0.561188757)
(0.8131773, 0.096594356, 0.160029575, 0.5511831)
(0.8048973, 0.09853278, 0.157852173, 0.5634841)
(0.8001866, 0.08894499, 0.148470953, 0.5742357)
(0.807069, 0.09290291, 0.153330982, 0.562581658)
(0.8015809, 0.08518583, 0.145225465, 0.5736907)
(0.8081594, 0.09066544, 0.1513812, 0.561909)
(0.8010079, 0.104694277, 0.158822477, 0.56762743)
(0.8051099, 0.08857964, 0.14791508, 0.567514539)
(0.813643634, 0.08275066, 0.146345958, 0.556524336)
(0.8054639, 0.0914862752, 0.149651751, 0.5660941)
(0.8009097, 0.107892506, 0.159875616, 0.5668709)
(0.8076554, 0.09390867, 0.151937291, 0.5619511)
(0.807222068, 0.10917557, 0.16297397, 0.556698)
(0.8082906, 0.09342202, 0.151812136, 0.561152041)
(0.8157409, 0.08201098, 0.146181881, 0.5535992)
(0.8082511, 0.0950793847, 0.152800843, 0.5606621)
(0.8014237, 0.109399542, 0.1605719, 0.565657437)
(0.8082016, 0.09510712, 0.152116045, 0.5609148)
(0.801218152, 0.09163359, 0.146638215, 0.5728438)
(0.8078174, 0.0969405, 0.152797312, 0.5609693)
(0.8151416, 0.0993597, 0.156995937, 0.5486567)
(0.807466567, 0.100205, 0.154234961, 0.5605071)
(0.8035375, 0.08976386, 0.14503479, 0.5702937)
(0.8103157, 0.0951882, 0.1512356, 0.5580818)
(0.8019415, 0.100109689, 0.151561975, 0.5691194)
(0.808076, 0.08580009, 0.14320302, 0.5649286)
(0.8128139, 0.09550202, 0.151703537, 0.5542555)
(0.804433, 0.103764296, 0.153897956, 0.564301252)
(0.8077874, 0.0875921845, 0.142524078, 0.565238)
(0.811088443, 0.0997573, 0.1521221, 0.555916131)
(0.803292453, 0.09936212, 0.148403347, 0.568176866)
(0.8115228, 0.0973247141, 0.149658486, 0.5563821)
(0.8040513, 0.110540248, 0.156280667, 0.5629022)
(0.8113113, 0.09791526, 0.149240747, 0.556699)
(0.8044139, 0.112345189, 0.156887785, 0.5618569)
(0.8086666, 0.09686826, 0.146575466, 0.5614185)
(0.812838435, 0.081324175, 0.136102051, 0.5604964)
(0.809776962, 0.0980716646, 0.146556124, 0.559610963)
(0.802482963, 0.111337453, 0.152899966, 0.5659033)
(0.806251168, 0.09528235, 0.14178811, 0.566371262)
(0.8146042, 0.0887253359, 0.1396369, 0.555922)
(0.806407869, 0.09874376, 0.143857047, 0.565031946)
(0.812479138, 0.105286606, 0.15066196, 0.553257048)
(0.80491966, 0.104530729, 0.146986589, 0.5653076)
(0.810233235, 0.08902987, 0.137337685, 0.562791348)
(0.802783847, 0.101753816, 0.144057155, 0.569589138)
(0.8110609, 0.0989167243, 0.144828737, 0.5580506)
(0.80665, 0.115124948, 0.154838875, 0.558647454)
(0.8064485, 0.100246228, 0.1433347, 0.564842165)
(0.8144151, 0.09988288, 0.145822421, 0.5527091)
(0.805970669, 0.108110815, 0.148387745, 0.562764943)
(0.814217, 0.10024219, 0.145442486, 0.553035855)
(0.8058796, 0.107640006, 0.14730984, 0.563268542)
(0.8014078, 0.0980214551, 0.138269782, 0.5736017)
(0.808990657, 0.100056857, 0.142472908, 0.561448336)
(0.8162328, 0.102727689, 0.146830678, 0.54922837)
(0.80826813, 0.104094207, 0.144481331, 0.561241567)
(0.810494244, 0.11704988, 0.154728159, 0.5526822)
(0.8082232, 0.104403377, 0.14441523, 0.5612658)
(0.8163343, 0.0959351, 0.141108885, 0.551799834)
(0.808081746, 0.104934454, 0.144240066, 0.5614156)
(0.816360354, 0.09785505, 0.141697273, 0.551273048)
(0.8079302, 0.103966534, 0.142681077, 0.5622115)
(0.8065832, 0.119808577, 0.15375042, 0.5580594)
(0.8081003, 0.103816852, 0.142401442, 0.5620656)
(0.816253662, 0.100450665, 0.143048942, 0.550614834)
(0.8083425, 0.100311771, 0.139842182, 0.562995732)
(0.80132, 0.113960773, 0.147433892, 0.5684739)
(0.8098312, 0.1074283, 0.145864576, 0.557992935)
(0.8165229, 0.09357993, 0.13815476, 0.5526722)
(0.808207035, 0.100559324, 0.140032068, 0.5630987)
(0.811321855, 0.112558462, 0.149823442, 0.5537513)
(0.807480037, 0.101845846, 0.140263587, 0.56385237)
(0.814545035, 0.10495951, 0.145177931, 0.5517456)
(0.8082345, 0.09923223, 0.138616517, 0.5636448)
(0.8128457, 0.108915351, 0.147323176, 0.5529153)
(0.8082253, 0.09947199, 0.138526261, 0.563638031)
(0.81267786, 0.109116204, 0.147190526, 0.5531575)
(0.81044, 0.0960885, 0.1365312, 0.5615275)
(0.806645453, 0.1125219, 0.146999687, 0.561295867)
(0.810640633, 0.09657398, 0.136426479, 0.5611801)
(0.8088987, 0.112909473, 0.147738427, 0.557770252)
(0.81137526, 0.09683142, 0.136665881, 0.5600145)
(0.813343763, 0.110525295, 0.1472616, 0.5518788)
(0.806620657, 0.1061447, 0.141239, 0.564046144)
(0.813881, 0.09385042, 0.134721652, 0.5573508)
(0.8083098, 0.109170377, 0.1439342, 0.5603572)
(0.8143872, 0.09471223, 0.135550275, 0.556263566)
(0.808628559, 0.1102033, 0.14485912, 0.5594559)
(0.8086809, 0.09516615, 0.133677378, 0.5648975)
(0.8089762, 0.11024794, 0.145154163, 0.5588678)
(0.811829, 0.09388895, 0.134373114, 0.5604128)
(0.810803, 0.109833248, 0.14579691, 0.556127965)
(0.805310965, 0.102256134, 0.138096467, 0.567404032)
(0.8073219, 0.115381308, 0.1487508, 0.559277952)
(0.8132637, 0.10019841, 0.139985472, 0.5558475)
(0.804970741, 0.102579281, 0.138938114, 0.567623)
(0.81283, 0.102582186, 0.141975373, 0.5555425)
(0.804301, 0.107915491, 0.14289476, 0.5665997)
(0.812610269, 0.103044, 0.142291352, 0.555697441)
(0.804118633, 0.108352393, 0.142967016, 0.5667569)
(0.812497139, 0.103627145, 0.142637789, 0.5556657)
(0.8067278, 0.1191533, 0.151812658, 0.558521032)
(0.808157265, 0.103366107, 0.140503883, 0.562544048)
(0.8054443, 0.119651243, 0.151591659, 0.560324)
(0.810893655, 0.104202755, 0.142195776, 0.558008552)
(0.8145927, 0.115148023, 0.151515767, 0.54792583)
(0.809768, 0.106604151, 0.142880082, 0.559013963)
(0.8012315, 0.1144679, 0.14526625, 0.5690545)
(0.8092664, 0.104302257, 0.14045693, 0.560785949)
(0.8069304, 0.120583788, 0.151480824, 0.5580112)
(0.811024368, 0.104329795, 0.1406566, 0.55818516)
(0.810925543, 0.11977908, 0.151507154, 0.5523571)
(0.8073198, 0.109054178, 0.141877323, 0.562328)
(0.815393031, 0.09963035, 0.137881041, 0.553350568)
(0.8121325, 0.116274908, 0.148299888, 0.552203059)
(0.80824, 0.10583391, 0.138790175, 0.5623918)
(0.8113529, 0.117507935, 0.148643, 0.5529951)
(0.810187161, 0.103224888, 0.137606382, 0.5603624)
(0.81863445, 0.09646238, 0.135645747, 0.549666047)
(0.8123178, 0.111030005, 0.143348262, 0.5543134)
(0.8044927, 0.122457907, 0.148483649, 0.5619148)
(0.8122668, 0.110240147, 0.142407, 0.5547882)
(0.8111351, 0.09594022, 0.13150999, 0.5617477)
(0.813402832, 0.10936252, 0.142164215, 0.55335784)
(0.8063024, 0.106245846, 0.1367526, 0.5655855)
(0.808659554, 0.11916966, 0.146985069, 0.557013154)
(0.8059927, 0.106717467, 0.136534631, 0.565990746)
(0.81401825, 0.10548564, 0.13860251, 0.5541086)
(0.807568133, 0.120383978, 0.146890521, 0.5583588)
