(0, 0, 0, 0)
(0.4176796, 0.395773262, -0.7581044, 0.306895733)
(0.426217943, 0.395016521, -0.7595632, 0.2921711)
(0.418001741, 0.383308828, -0.764818549, 0.305616766)
(0.4264087, 0.394299984, -0.7596628, 0.292601258)
(0.426472, 0.408148348, -0.7514862, 0.2946269)
(0.42581436, 0.393903, -0.759460866, 0.294519335)
(0.433152974, 0.389732927, -0.76249665, 0.281221747)
(0.425635248, 0.393605769, -0.759240031, 0.295742661)
(0.433726519, 0.391754359, -0.761094, 0.281328946)
(0.4255772, 0.393014222, -0.759174347, 0.296779633)
(0.434702456, 0.394755781, -0.7590451, 0.281162232)
(0.425824761, 0.392056525, -0.7592698, 0.297446221)
(0.434999883, 0.3937479, -0.7591834, 0.2817416)
(0.426170647, 0.391341537, -0.7592651, 0.297904044)
(0.4355248, 0.3993088, -0.755618453, 0.282685816)
(0.426570684, 0.39280358, -0.758040249, 0.298526078)
(0.4354769, 0.393031061, -0.758756936, 0.2831508)
(0.426858336, 0.3921464, -0.7579668, 0.2991648)
(0.4362378, 0.396043628, -0.7566664, 0.283375949)
(0.427184969, 0.391694129, -0.7578033, 0.2997045)
(0.435051471, 0.388450325, -0.7603761, 0.285770625)
(0.427791625, 0.392243236, -0.7570406, 0.3000485)
(0.4351229, 0.387761652, -0.7602806, 0.2868488)
(0.4274944, 0.390594929, -0.7574506, 0.3015839)
(0.436014622, 0.38946566, -0.75893265, 0.286755919)
(0.428516865, 0.392742, -0.755861461, 0.301331282)
(0.436361969, 0.389458537, -0.7584684, 0.287464529)
(0.4282, 0.390766054, -0.7564213, 0.302941382)
(0.4361096, 0.387983769, -0.7588252, 0.288896859)
(0.4282105, 0.3902367, -0.7562747, 0.303973049)
(0.436622441, 0.3891127, -0.757836044, 0.289200157)
(0.428076, 0.389237046, -0.7564323, 0.305050284)
(0.437397659, 0.393571138, -0.7549959, 0.2894243)
(0.428170323, 0.387790143, -0.756879151, 0.305651754)
(0.437498122, 0.392864347, -0.755071, 0.290035844)
(0.428447, 0.390325844, -0.7551197, 0.306387246)
(0.437744349, 0.393076539, -0.754537761, 0.2907636)
(0.428624034, 0.386380881, -0.7569098, 0.306722641)
(0.437737137, 0.388783157, -0.756656468, 0.291040957)
(0.4287163, 0.386889577, -0.756353, 0.3073256)
(0.437897176, 0.390130073, -0.755603254, 0.291733325)
(0.4288901, 0.38732487, -0.755754232, 0.308006853)
(0.4380219, 0.38922292, -0.755756438, 0.2923601)
(0.428858578, 0.3853352, -0.7565119, 0.308685452)
(0.438182622, 0.390587121, -0.7546612, 0.293128282)
(0.42989248, 0.379452229, -0.7596287, 0.3068755)
(0.4382694, 0.390445679, -0.7544895, 0.293628663)
(0.429032952, 0.387251854, -0.754891455, 0.310008973)
(0.43808803, 0.389333665, -0.7548511, 0.294445157)
(0.429194361, 0.388390332, -0.7540191, 0.310484141)
(0.438090682, 0.389810264, -0.7543071, 0.295203865)
(0.428724051, 0.384113938, -0.756071746, 0.311460465)
(0.437999129, 0.3887262, -0.754645467, 0.295903534)
(0.428783476, 0.3807334, -0.757642031, 0.311713636)
(0.4377433, 0.389506668, -0.7538454, 0.2972917)
(0.429749638, 0.377327442, -0.759420931, 0.3101921)
(0.437974721, 0.388500333, -0.7542288, 0.2972957)
(0.428568661, 0.38126117, -0.7568253, 0.3133435)
(0.437836975, 0.3876336, -0.7544465, 0.298075944)
(0.4287019, 0.3794239, -0.7575568, 0.313623548)
(0.4378926, 0.3875465, -0.754172862, 0.298799574)
(0.429279476, 0.3773985, -0.758384943, 0.3132761)
(0.438300163, 0.3869587, -0.754142344, 0.299040556)
(0.435260624, 0.398305148, -0.746952832, 0.3065331)
(0.4386016, 0.387194425, -0.753509164, 0.299888462)
(0.4299539, 0.3775274, -0.757372558, 0.3146417)
(0.4394401, 0.38451454, -0.7546251, 0.299302459)
(0.436939418, 0.396472365, -0.747204244, 0.305907547)
(0.4394927, 0.3846149, -0.7540991, 0.3004198)
(0.430360675, 0.378560126, -0.755838156, 0.316528857)
(0.439780831, 0.384199, -0.753907144, 0.301011562)
(0.430876851, 0.374951661, -0.757540047, 0.316052884)
(0.4399537, 0.384017974, -0.753676236, 0.301567435)
(0.4385966, 0.369453043, -0.7614002, 0.3023361)
(0.440221339, 0.3841539, -0.7532058, 0.302178741)
(0.43762517, 0.395848125, -0.745903552, 0.308895528)
(0.440233618, 0.384026945, -0.7528786, 0.3031359)
(0.439427435, 0.3697953, -0.7605607, 0.30282405)
(0.4395909, 0.3840328, -0.752487838, 0.305025667)
(0.440888941, 0.3713199, -0.759633362, 0.3011571)
(0.440855324, 0.38527742, -0.751599431, 0.303819239)
(0.443235576, 0.373206228, -0.7584524, 0.2983445)
(0.440908581, 0.385203063, -0.7512393, 0.3047255)
(0.4437609, 0.373810083, -0.7578791, 0.298264116)
(0.440416843, 0.38480258, -0.7510885, 0.3063104)
(0.438925683, 0.370245934, -0.758905768, 0.307122469)
(0.442221731, 0.385326773, -0.7507564, 0.303855449)
(0.435993046, 0.371280849, -0.75753665, 0.31336686)
(0.4422881, 0.385506481, -0.750243664, 0.3047957)
(0.445777923, 0.374665558, -0.756593347, 0.29744643)
(0.441844732, 0.3849083, -0.7501247, 0.3064826)
(0.443746775, 0.372731417, -0.757083058, 0.30163765)
(0.440813154, 0.384208918, -0.750022531, 0.309085131)
(0.448684275, 0.3815972, -0.752355754, 0.2950032)
(0.440729946, 0.383313477, -0.7501013, 0.3101223)
(0.448653519, 0.381037742, -0.752267838, 0.2959954)
(0.440614462, 0.3828816, -0.7499038, 0.31129536)
(0.449864, 0.386268526, -0.748990655, 0.295689136)
(0.440919578, 0.382359117, -0.7497515, 0.3118718)
(0.4489053, 0.379807234, -0.752105534, 0.297603428)
(0.441339254, 0.38286075, -0.749103069, 0.312220842)
(0.449065715, 0.379638582, -0.7517752, 0.2984103)
(0.442043841, 0.383979529, -0.748068154, 0.3123314)
(0.449094057, 0.378988445, -0.75163275, 0.299550444)
(0.441988468, 0.3830224, -0.748082936, 0.313547254)
(0.449228764, 0.37859264, -0.751399338, 0.300433248)
(0.442743719, 0.3844102, -0.746947646, 0.313490033)
(0.4494575, 0.378794044, -0.7508583, 0.301189065)
(0.4419642, 0.382162333, -0.7476659, 0.315618873)
(0.448798984, 0.377035826, -0.751416147, 0.302980483)
(0.4412471, 0.380176425, -0.7482961, 0.3175213)
(0.449737668, 0.379564315, -0.7496751, 0.302744538)
(0.442915767, 0.384625137, -0.7455537, 0.316289)
(0.449002832, 0.377668947, -0.7501954, 0.304908872)
(0.444211632, 0.386647, -0.744184434, 0.315229416)
(0.4495147, 0.378547132, -0.7493924, 0.3050407)
(0.442126125, 0.365744948, -0.755186439, 0.316936374)
(0.4483767, 0.380203128, -0.747861, 0.308395416)
(0.4534223, 0.371674657, -0.7531404, 0.2984053)
(0.448194116, 0.379710853, -0.7477581, 0.309515029)
(0.4534493, 0.3716403, -0.752846062, 0.299149066)
(0.447850525, 0.3793635, -0.7476034, 0.3108091)
(0.456478983, 0.380020946, -0.7482205, 0.295596123)
(0.447923154, 0.3794817, -0.747259438, 0.311387181)
(0.456339955, 0.378641, -0.7486587, 0.296470881)
(0.448415637, 0.380274564, -0.7464649, 0.3116162)
(0.457513064, 0.382940948, -0.7459292, 0.296019673)
(0.448615462, 0.380317032, -0.746110439, 0.312125325)
(0.456504554, 0.3779419, -0.7483522, 0.297879815)
(0.448640943, 0.380174965, -0.745883048, 0.31280458)
(0.457364261, 0.380776137, -0.746503055, 0.297591269)
(0.448514342, 0.3783205, -0.7465051, 0.3137494)
(0.457559615, 0.380584657, -0.7462337, 0.298210949)
(0.448988229, 0.3799092, -0.745282769, 0.314057559)
(0.456548482, 0.3763133, -0.7481523, 0.300366282)
(0.449169874, 0.3798431, -0.744931638, 0.314710021)
(0.4577349, 0.3796274, -0.745981634, 0.299788654)
(0.44883883, 0.376496166, -0.74627316, 0.316023439)
(0.4581132, 0.3799472, -0.7453478, 0.3003819)
(0.449778825, 0.379828781, -0.7440222, 0.31600666)
(0.458123118, 0.3781137, -0.74584347, 0.301447719)
(0.449834138, 0.378078282, -0.7444095, 0.317113)
(0.45805, 0.3763161, -0.7463193, 0.30262807)
(0.450835884, 0.38042295, -0.742765248, 0.3167414)
(0.457673639, 0.3751925, -0.7464531, 0.304258347)
(0.452163637, 0.3828912, -0.7410945, 0.31578666)
(0.458180577, 0.375800222, -0.7457127, 0.30456093)
(0.45155704, 0.381307274, -0.741416931, 0.3178082)
(0.45845288, 0.376139075, -0.745064735, 0.305317819)
(0.450376123, 0.377420932, -0.7429091, 0.320625633)
(0.458903551, 0.376736134, -0.744255245, 0.305878341)
(0.4498118, 0.370792627, -0.7459711, 0.3220392)
(0.4591413, 0.37658444, -0.743861139, 0.3066658)
(0.455012232, 0.3615044, -0.751346, 0.312662065)
(0.459213436, 0.3767009, -0.74325943, 0.307871759)
(0.4615436, 0.3916959, -0.7347723, 0.306041747)
(0.4599862, 0.376889437, -0.742790937, 0.3076176)
(0.457424432, 0.3618466, -0.7505513, 0.310648918)
(0.460353583, 0.377063543, -0.7423161, 0.308000654)
(0.454339117, 0.362847179, -0.749165952, 0.317282766)
(0.460891038, 0.3770028, -0.7420264, 0.3079696)
(0.452094674, 0.368105322, -0.745487332, 0.323043972)
(0.4612752, 0.3768758, -0.7417056, 0.308322251)
(0.452337474, 0.369268477, -0.7444342, 0.3238045)
(0.461672366, 0.374389, -0.7427601, 0.308219075)
(0.456750423, 0.383189321, -0.7368171, 0.318818837)
(0.461046815, 0.373275518, -0.742834866, 0.3103185)
(0.469543576, 0.3839898, -0.73763293, 0.2966114)
(0.462148279, 0.371711016, -0.743441, 0.309104055)
(0.4583112, 0.382343054, -0.736686766, 0.317895055)
(0.462516427, 0.372563779, -0.742668152, 0.309384555)
(0.462521255, 0.386631757, -0.734548, 0.311495334)
(0.4628364, 0.372831643, -0.7422394, 0.3096122)
(0.462184072, 0.386609346, -0.7341657, 0.3129216)
(0.462765753, 0.37304, -0.7417962, 0.3105277)
(0.4550075, 0.375678539, -0.7389534, 0.325241)
(0.463357061, 0.374667048, -0.740587533, 0.3105718)
(0.4693752, 0.367817581, -0.7449433, 0.29909277)
(0.462863773, 0.373598039, -0.7407089, 0.31230104)
(0.466756463, 0.363398552, -0.7466937, 0.304184854)
(0.46344322, 0.374399453, -0.73996973, 0.312234223)
(0.472341061, 0.383034617, -0.735947132, 0.297590584)
(0.463604, 0.374137372, -0.7397889, 0.312737882)
(0.4694791, 0.367239267, -0.7442535, 0.301349282)
(0.462821543, 0.37272802, -0.740156054, 0.3147049)
(0.457778931, 0.381354332, -0.7342538, 0.3253902)
(0.464138865, 0.375020474, -0.7386004, 0.3136945)
(0.46861583, 0.3654796, -0.7442759, 0.304757774)
(0.464649051, 0.375556648, -0.7378748, 0.314004958)
(0.4681636, 0.3648138, -0.7440874, 0.306704372)
(0.464264631, 0.3750136, -0.737634063, 0.3157834)
(0.469095975, 0.366058439, -0.743042469, 0.3063301)
(0.464361757, 0.3749787, -0.7371873, 0.316723645)
(0.470056564, 0.3674214, -0.7419552, 0.305860847)
(0.46415934, 0.374465853, -0.737004936, 0.318048924)
(0.4697444, 0.36697, -0.74179405, 0.3072698)
(0.465355843, 0.376616955, -0.735606432, 0.316996545)
(0.4706783, 0.368477523, -0.7406515, 0.3067924)
(0.465339541, 0.376433879, -0.7352118, 0.318151325)
(0.468755484, 0.3654656, -0.741624653, 0.310959756)
(0.466045737, 0.377147764, -0.734449, 0.3180338)
(0.4688742, 0.365634769, -0.741092563, 0.3118493)
(0.46707195, 0.378293663, -0.7334622, 0.317444444)
(0.468828827, 0.365554571, -0.740626454, 0.313116431)
(0.469170839, 0.3798465, -0.7323928, 0.314954162)
(0.468403131, 0.365389675, -0.740245163, 0.3148429)
(0.470769852, 0.3805543, -0.731835246, 0.31300354)
(0.4699279, 0.366074353, -0.73969084, 0.313073158)
(0.468841821, 0.3794955, -0.7317651, 0.3173174)
(0.4696686, 0.3660182, -0.7392874, 0.314477682)
(0.4680647, 0.3788337, -0.73162365, 0.3195737)
(0.469998956, 0.366321653, -0.7387471, 0.31490016)
(0.470588535, 0.380811453, -0.7304044, 0.31628868)
(0.471219271, 0.36707738, -0.7380091, 0.3139253)
(0.465719372, 0.374470949, -0.732748449, 0.325509846)
(0.4714286, 0.366867274, -0.737662554, 0.314670265)
(0.471515119, 0.381135374, -0.7293661, 0.316914)
(0.470366836, 0.3665912, -0.7372677, 0.317493826)
(0.475284934, 0.3816009, -0.7292508, 0.3109311)
(0.4706589, 0.366645664, -0.7369322, 0.317776859)
(0.47065416, 0.380908, -0.7286588, 0.320078284)
(0.471544057, 0.3676799, -0.736150861, 0.3170797)
(0.465516925, 0.374651968, -0.7311095, 0.329254717)
(0.471712857, 0.368218, -0.735529661, 0.3176453)
(0.48074916, 0.373623639, -0.733442247, 0.302238762)
(0.471755415, 0.369281322, -0.73460263, 0.318491966)
(0.469046265, 0.354170978, -0.7424317, 0.321486622)
(0.4728752, 0.3695169, -0.73424983, 0.317369461)
(0.467134774, 0.355015844, -0.741237, 0.326062351)
(0.47316137, 0.369515181, -0.73388654, 0.317785054)
(0.4743977, 0.356345862, -0.741199434, 0.3139872)
(0.473634452, 0.370071679, -0.7333281, 0.317722052)
(0.477386624, 0.3599219, -0.739314, 0.3097951)
(0.473277122, 0.369963467, -0.7330485, 0.319023073)
(0.4752547, 0.3574998, -0.740136266, 0.313887268)
(0.47431314, 0.370948851, -0.732398, 0.317832261)
(0.4706287, 0.355804, -0.740150034, 0.322630078)
(0.472846657, 0.370975822, -0.731779337, 0.3213908)
(0.4738133, 0.357630968, -0.7391984, 0.318098873)
(0.47453022, 0.3720853, -0.7309859, 0.319426268)
(0.47321412, 0.3573867, -0.7388406, 0.3200902)
(0.4758682, 0.3727238, -0.7304296, 0.317960739)
(0.468892962, 0.359388351, -0.736694932, 0.329028726)
(0.476771, 0.372041017, -0.7305091, 0.317224532)
(0.473180652, 0.356932461, -0.7382155, 0.322082669)
(0.47740078, 0.372361273, -0.7299564, 0.317173749)
(0.471401662, 0.3581522, -0.736824155, 0.326492816)
(0.4792998, 0.3707439, -0.7306482, 0.3146008)
(0.471150279, 0.359869361, -0.7352644, 0.328477979)
(0.479632, 0.371301144, -0.7297678, 0.315479875)
