(0, 0, 0, 0)
(0.5516281, -0.430776447, 0.675140142, 0.23307465)
(0.556430936, -0.442502946, 0.6674078, 0.221681327)
(0.548567533, -0.435468554, 0.67316395, 0.2372572)
(0.5580545, -0.430939525, 0.6738828, 0.2207903)
(0.5539198, -0.44277972, 0.668160737, 0.225122482)
(0.558717847, -0.4299149, 0.6747729, 0.218378)
(0.553631842, -0.417369664, 0.6829554, 0.229926839)
(0.5605515, -0.426658332, 0.6765026, 0.2146834)
(0.5588275, -0.412050128, 0.6850053, 0.2206676)
(0.555016637, -0.4251253, 0.6787287, 0.224838167)
(0.5634453, -0.42487967, 0.6772621, 0.20814079)
(0.5623509, -0.4101695, 0.6857995, 0.212606221)
(0.5564559, -0.420664221, 0.6815586, 0.221079946)
(0.555217, -0.435228944, 0.6743291, 0.218151376)
(0.5613414, -0.4257, 0.6786842, 0.2075169)
(0.555835, -0.4364416, 0.6742741, 0.2142912)
(0.5630633, -0.42978096, 0.6772272, 0.199025884)
(0.56561023, -0.415693045, 0.6850371, 0.194957748)
(0.5565317, -0.429825664, 0.6805555, 0.205830976)
(0.560608149, -0.440120071, 0.67481935, 0.19139418)
(0.5504688, -0.4447795, 0.675467849, 0.207119241)
(0.54374963, -0.430840731, 0.6860982, 0.219047591)
(0.546791732, -0.416662246, 0.694522738, 0.212248728)
(0.5394699, -0.426480144, 0.692259669, 0.218777269)
(0.546550155, -0.423878759, 0.6933935, 0.202027738)
(0.5404391, -0.411269635, 0.7021324, 0.213993117)
(0.547344, -0.415728241, 0.699109435, 0.197055086)
(0.553643, -0.4197614, 0.696182668, 0.1805806)
(0.545115948, -0.4301402, 0.6933979, 0.192425311)
(0.5349797, -0.426536649, 0.6983198, 0.210268125)
(0.527325869, -0.4360682, 0.6951202, 0.220408767)
(0.5268352, -0.4212003, 0.7042376, 0.221549913)
(0.52678746, -0.407194227, 0.712581158, 0.221169591)
(0.532509446, -0.400515378, 0.7157595, 0.2090679)
(0.5238717, -0.405370772, 0.7148213, 0.224194989)
(0.5312518, -0.401648074, 0.71594733, 0.209451273)
(0.528489053, -0.417030424, 0.7085758, 0.211436585)
(0.525468469, -0.431831539, 0.7013123, 0.213460833)
(0.532320857, -0.423879564, 0.7044548, 0.201752469)
(0.5255901, -0.4134101, 0.7114016, 0.2162292)
(0.532070756, -0.422766179, 0.705358148, 0.201592118)
(0.5230093, -0.418439955, 0.7095591, 0.218849987)
(0.5206355, -0.4330912, 0.7020991, 0.220063046)
(0.52928555, -0.432767838, 0.7008728, 0.20333752)
(0.525092661, -0.419299364, 0.7094403, 0.212509409)
(0.5183935, -0.429990351, 0.705018044, 0.2220944)
(0.5199767, -0.41628778, 0.712481856, 0.22067681)
(0.5218425, -0.402740359, 0.719559252, 0.218437821)
(0.520546, -0.418312371, 0.7117662, 0.217797)
(0.5164779, -0.4324482, 0.7048646, 0.222272515)
(0.5190808, -0.4200712, 0.711602, 0.218444377)
(0.52577, -0.429501832, 0.7054495, 0.203555524)
(0.5187829, -0.419532955, 0.712346733, 0.217757955)
(0.5099582, -0.413670957, 0.7169008, 0.2342481)
(0.5169425, -0.422954023, 0.7112185, 0.219200164)
(0.523645, -0.415718168, 0.714250267, 0.206932217)
(0.514671862, -0.417990953, 0.714587033, 0.223073691)
(0.5213815, -0.42778486, 0.708337, 0.208374724)
(0.512584865, -0.422640055, 0.712714732, 0.2250996)
(0.520228148, -0.417655021, 0.7143895, 0.211127073)
(0.512310266, -0.423585862, 0.712445, 0.224800646)
(0.5189139, -0.415670842, 0.7159495, 0.212984324)
(0.5132639, -0.4270283, 0.710859954, 0.221100047)
(0.5211638, -0.423426926, 0.7117075, 0.206326187)
(0.512257, -0.423508823, 0.713152647, 0.222814754)
(0.52045244, -0.420252234, 0.7137019, 0.207717881)
(0.511853456, -0.4225982, 0.7138565, 0.223216519)
(0.520499766, -0.423980951, 0.711872339, 0.206295788)
(0.5115494, -0.421658754, 0.714727938, 0.222901821)
(0.519591451, -0.428183556, 0.7100419, 0.206213728)
(0.512475967, -0.418832332, 0.71644, 0.220593527)
(0.519940734, -0.427256, 0.7107828, 0.20469898)
(0.510978639, -0.424124926, 0.7141757, 0.221295714)
(0.5182486, -0.4327441, 0.7084623, 0.2055043)
(0.5129154, -0.420658469, 0.7161789, 0.216914684)
(0.5194888, -0.430865824, 0.709616661, 0.202312261)
(0.512367845, -0.4216713, 0.7160127, 0.2167912)
(0.5203821, -0.427849084, 0.711431742, 0.2000313)
(0.5120692, -0.4221615, 0.7160826, 0.216311142)
(0.519593239, -0.4164742, 0.718027532, 0.202505544)
(0.512661755, -0.4252175, 0.71457237, 0.213902667)
(0.52118665, -0.4257152, 0.712906837, 0.197217911)
(0.5122185, -0.425639659, 0.7146772, 0.213774547)
(0.520384, -0.42283994, 0.714857, 0.198459938)
(0.511726558, -0.425649047, 0.714932, 0.214081615)
(0.5193644, -0.4204796, 0.7165448, 0.200052887)
(0.511139035, -0.425415844, 0.715385, 0.214435473)
(0.518544734, -0.419743031, 0.7173391, 0.200877532)
(0.5107847, -0.426935554, 0.7148711, 0.2139729)
(0.51399374, -0.4145533, 0.7212027, 0.209338576)
(0.50940007, -0.426877439, 0.7154457, 0.215463758)
(0.516707659, -0.420525372, 0.717817068, 0.202263072)
(0.50793, -0.4224901, 0.7182229, 0.218323424)
(0.515723765, -0.41791594, 0.719506145, 0.204171836)
(0.508115053, -0.424880683, 0.716948748, 0.217439413)
(0.516250551, -0.430968672, 0.712320864, 0.200874418)
(0.508507431, -0.422909617, 0.7181434, 0.216420084)
(0.516508043, -0.4195058, 0.7187805, 0.201466665)
(0.508469462, -0.425601959, 0.716878, 0.215424567)
(0.516677, -0.431007922, 0.7125779, 0.198770627)
(0.5092446, -0.422527075, 0.7185731, 0.213994265)
(0.5157161, -0.4145835, 0.7218521, 0.202699214)
(0.5088609, -0.423234373, 0.718373954, 0.214177549)
(0.5102944, -0.4376796, 0.710275, 0.208675891)
(0.508206367, -0.4236418, 0.718559265, 0.214304417)
(0.515372932, -0.432647169, 0.712559938, 0.198659584)
(0.5074054, -0.425577164, 0.717963755, 0.214363575)
(0.5139334, -0.417646945, 0.7213407, 0.202758849)
(0.5066412, -0.4255024, 0.7183522, 0.215017542)
(0.512672365, -0.416812479, 0.722183466, 0.204659089)
(0.507733345, -0.428728431, 0.716648459, 0.211692482)
(0.515503645, -0.424084634, 0.718024969, 0.197100237)
(0.506741643, -0.427671373, 0.7177801, 0.21237202)
(0.510775864, -0.41622743, 0.723519146, 0.205870658)
(0.50567925, -0.428030252, 0.7181002, 0.213097826)
(0.511554062, -0.418730378, 0.722382367, 0.202832356)
(0.5054718, -0.4294449, 0.717754662, 0.2119045)
(0.5128081, -0.423855633, 0.7196982, 0.198516577)
(0.5038331, -0.425492376, 0.7203737, 0.2148725)
(0.512335956, -0.428109944, 0.717636645, 0.1980692)
(0.5032611, -0.426547319, 0.7201473, 0.214880511)
(0.5117648, -0.428301573, 0.7179463, 0.198009267)
(0.5029919, -0.424260139, 0.7217291, 0.214731351)
(0.511547863, -0.4264825, 0.7192506, 0.197762311)
(0.502572536, -0.424855173, 0.7217483, 0.214472413)
(0.5110641, -0.425568461, 0.7201117, 0.197848469)
(0.5020914, -0.428518862, 0.720101357, 0.213845432)
(0.510481, -0.427810758, 0.7192218, 0.197755381)
(0.5014375, -0.4279651, 0.720775843, 0.214215964)
(0.5082621, -0.420285553, 0.7240137, 0.202073976)
(0.5008296, -0.4282087, 0.721006334, 0.214375585)
(0.5085259, -0.423354357, 0.7225312, 0.2003022)
(0.5000116, -0.42703563, 0.721920431, 0.215545759)
(0.5080423, -0.423032582, 0.7229418, 0.200727239)
(0.500913858, -0.43148005, 0.7195909, 0.212365732)
(0.5081581, -0.4250697, 0.722041845, 0.199365735)
(0.499788225, -0.430129558, 0.7207529, 0.213811845)
(0.5071642, -0.424100071, 0.7229922, 0.2005145)
(0.4987101, -0.428763539, 0.7218486, 0.215371266)
(0.5068379, -0.425600141, 0.722416341, 0.200236335)
(0.4983088, -0.4304159, 0.7212925, 0.214866266)
(0.505530536, -0.424242646, 0.723706841, 0.201755971)
(0.4984075, -0.4330803, 0.720144868, 0.213125825)
(0.5054303, -0.4260466, 0.7230298, 0.200630024)
(0.49636057, -0.426774353, 0.7241292, 0.217086941)
(0.5044387, -0.423707783, 0.724731266, 0.201935783)
(0.496767968, -0.43103832, 0.7219815, 0.214872882)
(0.5043705, -0.4255916, 0.7239357, 0.200995609)
(0.4982819, -0.436282933, 0.7192983, 0.209719568)
(0.502111137, -0.4245164, 0.7253872, 0.203675047)
(0.493341982, -0.42856583, 0.724618852, 0.218797952)
(0.5017159, -0.426683456, 0.7246141, 0.202871114)
(0.5022182, -0.4123949, 0.7323169, 0.203517392)
(0.501893938, -0.427138239, 0.724661, 0.20130071)
(0.498959035, -0.413538069, 0.7324756, 0.20858)
(0.4981029, -0.4280584, 0.724859536, 0.20793806)
(0.5042344, -0.4191466, 0.728769362, 0.1973806)
(0.497866124, -0.4292342, 0.72449, 0.20736821)
(0.5038244, -0.4201835, 0.728537858, 0.197076768)
(0.497028, -0.4292175, 0.724844, 0.208174735)
(0.5040361, -0.422196627, 0.7276093, 0.195658818)
(0.495840818, -0.428107768, 0.725879669, 0.209676519)
(0.504132748, -0.432403684, 0.722279847, 0.1928448)
(0.4971617, -0.42263478, 0.7288593, 0.207302138)
(0.505585968, -0.4230673, 0.7273273, 0.190766335)
(0.4967712, -0.425530672, 0.727573752, 0.2068299)
(0.5014044, -0.438344061, 0.7199095, 0.195393175)
(0.496812046, -0.425678223, 0.727771461, 0.205729321)
(0.5045221, -0.420898318, 0.729164958, 0.191364542)
(0.495940715, -0.42426458, 0.7288178, 0.20704338)
(0.497080237, -0.439042568, 0.7205783, 0.20228669)
(0.496194839, -0.425051063, 0.728552759, 0.205750346)
(0.4959666, -0.4396491, 0.7206929, 0.203292161)
(0.4958709, -0.425594419, 0.7286195, 0.2051706)
(0.499280721, -0.4135852, 0.7346703, 0.199813917)
(0.494910866, -0.4260846, 0.7287963, 0.20584245)
(0.5033941, -0.4291524, 0.725787163, 0.188827)
(0.494568139, -0.426648855, 0.728745937, 0.205675691)
(0.5029887, -0.425938219, 0.727834642, 0.18930319)
(0.49407962, -0.427141875, 0.728846, 0.2054717)
(0.5022848, -0.425208777, 0.7287025, 0.189473465)
(0.493434221, -0.4277575, 0.728949249, 0.205375731)
(0.5014704, -0.425221741, 0.729153633, 0.189865455)
(0.492499918, -0.427986234, 0.72935617, 0.205696791)
(0.5002698, -0.424203038, 0.730323851, 0.1908114)
(0.491128534, -0.42353043, 0.732300341, 0.2077283)
(0.4986993, -0.430888742, 0.7272914, 0.191523492)
(0.48952195, -0.428887755, 0.730087459, 0.208316714)
(0.497856021, -0.427390069, 0.729766965, 0.192138761)
(0.489012957, -0.423435122, 0.7333926, 0.209055379)
(0.497073084, -0.429223537, 0.729162037, 0.192375436)
(0.4880356, -0.4268619, 0.731974959, 0.209338859)
(0.496492684, -0.4266706, 0.7309214, 0.19287613)
(0.487501, -0.427745879, 0.7318361, 0.209265918)
(0.495491266, -0.434562564, 0.7269908, 0.19268699)
(0.487988979, -0.425994933, 0.7330466, 0.20745559)
(0.493849367, -0.437501162, 0.7260218, 0.193901375)
(0.487221718, -0.4272099, 0.732913136, 0.207231864)
(0.495472163, -0.432164133, 0.7290388, 0.190378651)
(0.4887851, -0.421943367, 0.735782266, 0.204150155)
(0.492592275, -0.435638368, 0.7279221, 0.194168821)
(0.48724997, -0.423728317, 0.735374153, 0.205588758)
(0.495413572, -0.429599434, 0.7309862, 0.188862249)
(0.487500429, -0.422607929, 0.736077368, 0.204782844)
(0.4906112, -0.436930627, 0.7278847, 0.196407825)
(0.487718642, -0.4234758, 0.7357621, 0.203599915)
(0.4896513, -0.4378625, 0.7277094, 0.197375759)
(0.4873099, -0.424087256, 0.735728443, 0.203427508)
(0.4881429, -0.438827157, 0.727676153, 0.1990846)
(0.487789422, -0.424923629, 0.735463738, 0.201480672)
(0.488114655, -0.439623, 0.727481544, 0.198106766)
(0.486200631, -0.425700217, 0.7355646, 0.203305483)
(0.488502145, -0.4401741, 0.727406, 0.1961962)
(0.488535821, -0.426298231, 0.735170364, 0.197806075)
(0.48238048, -0.436785877, 0.73049587, 0.207130149)
(0.486173779, -0.425135165, 0.736557066, 0.200944915)
(0.484573275, -0.439516962, 0.7291676, 0.20081909)
(0.487277359, -0.42666173, 0.73602736, 0.196937278)
(0.48874712, -0.4409464, 0.728118062, 0.191145435)
(0.485581458, -0.427481383, 0.7361654, 0.198823422)
(0.476682484, -0.422679484, 0.74007, 0.215435132)
(0.484291553, -0.430826783, 0.734892845, 0.199455649)
(0.49280563, -0.43272692, 0.7325421, 0.182406291)
(0.4840455, -0.4285613, 0.7364316, 0.199257627)
(0.487633646, -0.416658819, 0.742383659, 0.1935853)
(0.4836037, -0.429722846, 0.736165643, 0.198811188)
(0.482061923, -0.4440173, 0.7286464, 0.198845312)
(0.482848346, -0.430441558, 0.7362078, 0.1989362)
(0.4909904, -0.435805321, 0.7320202, 0.182067424)
(0.481926441, -0.434722245, 0.734326363, 0.198817283)
(0.484788835, -0.4220405, 0.740948737, 0.194567427)
(0.4818374, -0.435987532, 0.734034956, 0.19733265)
(0.485449463, -0.4242439, 0.7399987, 0.191723078)
(0.479643017, -0.435388923, 0.735012054, 0.200340271)
(0.484993815, -0.4253886, 0.7397769, 0.1911954)
(0.478944242, -0.435923845, 0.735117137, 0.200463623)
(0.4834934, -0.425020784, 0.7404693, 0.193123817)
(0.4780994, -0.436826855, 0.7349752, 0.201034427)
(0.48151812, -0.4250171, 0.7410523, 0.195811465)
(0.479595125, -0.439190924, 0.7337623, 0.1967046)
(0.482040435, -0.426277161, 0.7405581, 0.193645328)
(0.4767673, -0.438015252, 0.735037565, 0.201383367)
(0.4839545, -0.431308478, 0.737699032, 0.1885768)
(0.475502819, -0.4362599, 0.7364175, 0.2031345)
(0.482412279, -0.42893368, 0.7394909, 0.190912351)
(0.473421931, -0.4317486, 0.7393562, 0.206923351)
(0.482004166, -0.43478483, 0.7366002, 0.189879254)
(0.472786635, -0.433365732, 0.7389003, 0.206623539)
(0.481257, -0.431655973, 0.7387517, 0.190553814)
