(0, 0, 0, 0)
(-0.158221185, -0.399539322, 0.8843653, -0.182297334)
(-0.160473466, -0.41370514, 0.877449155, -0.182151943)
(-0.153027743, -0.403474063, 0.880660653, -0.195519939)
(-0.16195114, -0.414146423, 0.8773124, -0.180492148)
(-0.158874154, -0.3994789, 0.883971, -0.1837684)
(-0.164424628, -0.413983345, 0.877804339, -0.176187128)
(-0.157512635, -0.401792526, 0.8823298, -0.1877409)
(-0.164204121, -0.396782815, 0.88647455, -0.172520563)
(-0.1654639, -0.412093669, 0.8790197, -0.173565388)
(-0.161325321, -0.422007948, 0.8728433, -0.1844664)
(-0.164545089, -0.410763443, 0.8793753, -0.175776631)
(-0.165704325, -0.397631526, 0.8861982, -0.17054)
(-0.161469787, -0.407315046, 0.880340755, -0.181719676)
(-0.170430779, -0.4132186, 0.879176557, -0.1650829)
(-0.161853135, -0.406394, 0.8806254, -0.182061329)
(-0.16537112, -0.395709634, 0.8866409, -0.1730149)
(-0.165141866, -0.4096155, 0.8794896, -0.177317008)
(-0.160696313, -0.4193703, 0.8732597, -0.1890044)
(-0.165313661, -0.410500139, 0.878863335, -0.178214014)
(-0.165779024, -0.3969842, 0.885622, -0.174912915)
(-0.163378984, -0.409182161, 0.878746748, -0.183525026)
(-0.168700188, -0.40259406, 0.88319397, -0.171542227)
(-0.160727188, -0.406323224, 0.8793346, -0.189311534)
(-0.168044537, -0.405929625, 0.8812317, -0.174392655)
(-0.159658477, -0.4083437, 0.877862036, -0.192672625)
(-0.16607064, -0.405247539, 0.8810419, -0.178773746)
(-0.162210032, -0.415918976, 0.8743815, -0.190148175)
(-0.164923638, -0.429886043, 0.8670611, -0.190271676)
(-0.1634744, -0.415375918, 0.8742109, -0.191034988)
(-0.163919941, -0.4020222, 0.8811452, -0.187327862)
(-0.165184885, -0.4170399, 0.873626649, -0.188595057)
(-0.161814317, -0.4277871, 0.866740942, -0.198933482)
(-0.16398415, -0.4153294, 0.873668849, -0.193167046)
(-0.163861588, -0.401416659, 0.880652845, -0.190957)
(-0.172519058, -0.4039588, 0.881358266, -0.1739602)
(-0.166915, -0.411846727, 0.87592, -0.187845185)
(-0.161711812, -0.419846356, 0.8700958, -0.201274812)
(-0.166046843, -0.4102923, 0.876072168, -0.191275179)
(-0.166390315, -0.396781474, 0.8828583, -0.188255)
(-0.166390523, -0.41067186, 0.875433862, -0.193076029)
(-0.1664042, -0.4247162, 0.867548168, -0.198206827)
(-0.166026577, -0.411093622, 0.8744886, -0.196740568)
(-0.167068124, -0.398063421, 0.881401539, -0.191742361)
(-0.168331087, -0.412519455, 0.8741336, -0.193346277)
(-0.1655559, -0.398512453, 0.8805306, -0.196073681)
(-0.168178767, -0.413608938, 0.8730842, -0.195876732)
(-0.176430732, -0.4119441, 0.875666559, -0.179950789)
(-0.168274313, -0.411912858, 0.873598754, -0.197070464)
(-0.171067417, -0.4010779, 0.879923046, -0.188700408)
(-0.1707445, -0.414802074, 0.872571945, -0.1934005)
(-0.164634824, -0.420636654, 0.86752826, -0.208218545)
(-0.170697778, -0.413515151, 0.8727154, -0.195538476)
(-0.172627434, -0.4011262, 0.879409552, -0.18956919)
(-0.172218114, -0.414756954, 0.872040331, -0.1945848)
(-0.169362918, -0.400665283, 0.87852174, -0.197441578)
(-0.172716156, -0.4156049, 0.871371448, -0.19532901)
(-0.170762643, -0.401088476, 0.8782952, -0.196381718)
(-0.176446989, -0.415517718, 0.872017264, -0.1892024)
(-0.168860391, -0.404410183, 0.875701, -0.2026975)
(-0.175964355, -0.4178998, 0.8701665, -0.1928902)
(-0.173645973, -0.403290421, 0.8770733, -0.1947981)
(-0.178074419, -0.417951852, 0.8703223, -0.19011806)
(-0.169889733, -0.407947779, 0.8733683, -0.20480217)
(-0.17924495, -0.4150829, 0.8717526, -0.188745648)
(-0.171990186, -0.403071731, 0.876022935, -0.201336339)
(-0.178862631, -0.416548252, 0.87047863, -0.191735908)
(-0.171577066, -0.404636532, 0.87472105, -0.204190373)
(-0.1803634, -0.414956, 0.871298552, -0.190051153)
(-0.1729556, -0.403118163, 0.875467539, -0.202827111)
(-0.1809569, -0.4149981, 0.8710685, -0.190449536)
(-0.176019266, -0.4007403, 0.8770494, -0.198012576)
(-0.178713769, -0.415470421, 0.869741559, -0.197472781)
(-0.174589649, -0.401024669, 0.876036644, -0.203119472)
(-0.181786373, -0.4141808, 0.8708123, -0.192597926)
(-0.175311372, -0.401116163, 0.8758504, -0.203120321)
(-0.181411475, -0.4155779, 0.8696217, -0.1953025)
(-0.174760669, -0.402923018, 0.8743688, -0.2063759)
(-0.1836179, -0.41299808, 0.871154368, -0.191852212)
(-0.1767648, -0.400576144, 0.8757736, -0.203257456)
(-0.181450769, -0.415876955, 0.8687607, -0.198436081)
(-0.180842116, -0.401990771, 0.875624, -0.197439045)
(-0.184567079, -0.41663444, 0.8685756, -0.194749177)
(-0.182729661, -0.402133852, 0.87552464, -0.19584395)
(-0.184168816, -0.416746557, 0.868048966, -0.19721821)
(-0.180159, -0.4025893, 0.8743343, -0.202494979)
(-0.186913371, -0.416198, 0.86865294, -0.193092763)
(-0.183306918, -0.40149796, 0.875326753, -0.197486684)
(-0.1885835, -0.416215956, 0.868807137, -0.1907218)
(-0.182381645, -0.403150231, 0.87405, -0.200607613)
(-0.185117453, -0.4180844, 0.866669357, -0.199552223)
(-0.184864491, -0.404320836, 0.873743832, -0.19728516)
(-0.1908702, -0.4182121, 0.8677743, -0.18877247)
(-0.184963986, -0.4046275, 0.8734491, -0.197867885)
(-0.181801572, -0.4155493, 0.866663933, -0.207751453)
(-0.188948736, -0.410876751, 0.870687544, -0.1933437)
(-0.18118304, -0.399656475, 0.874379456, -0.207142487)
(-0.1901004, -0.407036066, 0.872720659, -0.191160142)
(-0.182391584, -0.4099109, 0.8692326, -0.2077044)
(-0.190277979, -0.408640534, 0.87178123, -0.191845521)
(-0.1827922, -0.411474377, 0.868312061, -0.208110616)
(-0.189310163, -0.405937016, 0.8727423, -0.194158882)
(-0.180470541, -0.400059044, 0.8733664, -0.21122089)
(-0.18837212, -0.412311345, 0.8688378, -0.199088618)
(-0.183354169, -0.3983306, 0.874704361, -0.2064127)
(-0.19032754, -0.4117397, 0.8693018, -0.196367547)
(-0.1872256, -0.397155046, 0.8759478, -0.199825123)
(-0.18820782, -0.411491841, 0.868576348, -0.202057764)
(-0.185717791, -0.397242844, 0.8752411, -0.2041078)
(-0.189015061, -0.4123291, 0.868036568, -0.201917008)
(-0.190512747, -0.400059044, 0.8747159, -0.196290061)
(-0.187913761, -0.4116121, 0.867937, -0.20481497)
(-0.191145331, -0.401344568, 0.8740133, -0.19618091)
(-0.189642116, -0.414035141, 0.866868138, -0.2028554)
(-0.191165835, -0.401823461, 0.873530865, -0.197325572)
(-0.190445453, -0.415066957, 0.866267, -0.202561811)
(-0.1912769, -0.4023588, 0.8730257, -0.1983597)
(-0.189322144, -0.4144802, 0.8659856, -0.205990821)
(-0.1924688, -0.403650284, 0.872321248, -0.197681069)
(-0.185271591, -0.406821281, 0.8686066, -0.213760376)
(-0.193838269, -0.407688, 0.8702443, -0.1972104)
(-0.186353877, -0.41049698, 0.866724432, -0.2134318)
(-0.193363637, -0.406373471, 0.8706145, -0.198749527)
(-0.184677884, -0.3980331, 0.872568846, -0.214679658)
(-0.193396688, -0.4076546, 0.8697543, -0.199857309)
(-0.184469461, -0.402225, 0.8701127, -0.217002228)
(-0.193526044, -0.410240024, 0.8681434, -0.20143953)
(-0.184763044, -0.406914026, 0.867397249, -0.218873367)
(-0.193359762, -0.407708019, 0.8691488, -0.202401638)
(-0.186666563, -0.394619018, 0.8740933, -0.2130549)
(-0.193850085, -0.407791555, 0.869009256, -0.202363417)
(-0.1910657, -0.419099, 0.862099, -0.211270511)
(-0.193484321, -0.407708555, 0.868706763, -0.2041717)
(-0.197551921, -0.398329467, 0.874437869, -0.194075689)
(-0.194392473, -0.409235626, 0.86791265, -0.203630567)
(-0.187956572, -0.414582819, 0.86319536, -0.218373969)
(-0.193781227, -0.407788128, 0.86827606, -0.205558613)
(-0.198990956, -0.400190055, 0.87337023, -0.193584234)
(-0.193358749, -0.407578647, 0.868085146, -0.207172319)
(-0.19669278, -0.422615, 0.860731959, -0.204570189)
(-0.194734067, -0.408329964, 0.8677779, -0.205685988)
(-0.2021436, -0.404550254, 0.8712936, -0.190590084)
(-0.193903312, -0.4037063, 0.8696084, -0.207855836)
(-0.2005238, -0.4175349, 0.8637347, -0.19853732)
(-0.1944913, -0.403956324, 0.8693527, -0.207890227)
(-0.203541651, -0.4099888, 0.86821264, -0.191538319)
(-0.194601476, -0.405104429, 0.868567765, -0.20883204)
(-0.202730089, -0.404809356, 0.8705755, -0.192686677)
(-0.195394978, -0.4083019, 0.866884649, -0.208856985)
(-0.200243026, -0.422966838, 0.860004, -0.20345737)
(-0.198441342, -0.4086578, 0.867089748, -0.204389751)
(-0.205158472, -0.403594941, 0.8710955, -0.190299362)
(-0.197787315, -0.406487644, 0.867743, -0.206567213)
(-0.190645561, -0.39406243, 0.8721649, -0.218397215)
(-0.198241726, -0.407044858, 0.8672083, -0.207279)
(-0.200004429, -0.3949277, 0.8737872, -0.2013112)
(-0.198512137, -0.407416, 0.866757154, -0.208175987)
(-0.206175655, -0.404900879, 0.8697462, -0.192583486)
(-0.1984378, -0.406753242, 0.866836548, -0.2092096)
(-0.203019932, -0.398073822, 0.8723279, -0.1984039)
(-0.1982062, -0.406390578, 0.866656661, -0.210872591)
(-0.206238642, -0.405380547, 0.868993342, -0.1948917)
(-0.198658809, -0.407824248, 0.8657852, -0.211258262)
(-0.206642866, -0.4062202, 0.8683879, -0.195413724)
(-0.1980261, -0.4033199, 0.867678046, -0.212728873)
(-0.205667555, -0.40117234, 0.87056917, -0.1971571)
(-0.199253738, -0.4066616, 0.8659896, -0.212099731)
(-0.207709491, -0.406920731, 0.867732465, -0.195736423)
(-0.198955387, -0.4033494, 0.8673756, -0.213039026)
(-0.207948357, -0.4080089, 0.867035151, -0.196306542)
(-0.199618921, -0.408136457, 0.864878654, -0.213452414)
(-0.20646283, -0.4037073, 0.868757665, -0.199132174)
(-0.201153308, -0.4111175, 0.863420844, -0.212189)
(-0.206658319, -0.403770566, 0.8685155, -0.199856281)
(-0.199152455, -0.406390458, 0.8651589, -0.216067255)
(-0.208444163, -0.412257642, 0.8641502, -0.199597329)
(-0.199875012, -0.4039313, 0.8662861, -0.2154943)
(-0.209057987, -0.4120159, 0.864064634, -0.199824676)
(-0.201841965, -0.399719715, 0.8686602, -0.211927786)
(-0.209416971, -0.412523985, 0.8635819, -0.200486481)
(-0.201479748, -0.401790321, 0.867153764, -0.214510247)
(-0.20779033, -0.415963739, 0.8610037, -0.206082433)
(-0.205187872, -0.4014237, 0.8679672, -0.208302408)
(-0.207854733, -0.416420817, 0.8605441, -0.207011789)
(-0.202591971, -0.402481019, 0.866527259, -0.214700013)
(-0.209730312, -0.415691346, 0.861007452, -0.204646111)
(-0.204235047, -0.401559174, 0.8669854, -0.213013574)
(-0.213216633, -0.404817879, 0.867256761, -0.196282685)
(-0.205172017, -0.405656725, 0.8647761, -0.2133293)
(-0.212665632, -0.402800977, 0.8678919, -0.198213175)
(-0.205191866, -0.404895335, 0.8648218, -0.214567825)
(-0.210368648, -0.397039443, 0.870061457, -0.2027261)
(-0.206754535, -0.4072222, 0.8637029, -0.213166624)
(-0.211504713, -0.399011642, 0.869036, -0.202069134)
(-0.207816675, -0.408956438, 0.862774, -0.212574348)
(-0.208488539, -0.39580217, 0.8697146, -0.208493561)
(-0.209047, -0.409813643, 0.862390935, -0.2112675)
(-0.209287, -0.396676838, 0.8692883, -0.207808465)
(-0.2084702, -0.4100476, 0.8619653, -0.213112727)
(-0.210818037, -0.398602039, 0.868437, -0.206129566)
(-0.208249345, -0.4098968, 0.8616972, -0.214697033)
(-0.211439654, -0.399237156, 0.867960036, -0.20627223)
(-0.208976045, -0.4109578, 0.86103344, -0.214625359)
(-0.21149756, -0.39992106, 0.86739105, -0.207279474)
(-0.20833464, -0.4108048, 0.86072284, -0.216777176)
(-0.2118661, -0.400607467, 0.8668393, -0.207884833)
(-0.20865798, -0.4111483, 0.860229433, -0.217771158)
(-0.215308413, -0.405704647, 0.8645266, -0.2040579)
(-0.208104432, -0.4091489, 0.8607843, -0.219863921)
(-0.213474855, -0.401670575, 0.8659787, -0.207774237)
(-0.209409058, -0.41133967, 0.859687448, -0.218826473)
(-0.215924621, -0.405565232, 0.8641398, -0.205318481)
(-0.207316339, -0.4019543, 0.863688946, -0.222472817)
(-0.215390012, -0.400570333, 0.8663395, -0.20641309)
(-0.210268825, -0.408536315, 0.860706151, -0.219248354)
(-0.217662036, -0.405058771, 0.864170849, -0.204351082)
(-0.211424947, -0.4104267, 0.8596417, -0.218782216)
(-0.21631889, -0.401783526, 0.865284741, -0.2075054)
(-0.209198877, -0.405518353, 0.86139524, -0.2231342)
(-0.21840103, -0.410637647, 0.8608075, -0.206611514)
(-0.210175261, -0.4107689, 0.8585552, -0.223558292)
(-0.21785982, -0.407509655, 0.861983955, -0.208462432)
(-0.210095555, -0.396171778, 0.865789533, -0.2220729)
(-0.218554586, -0.4072241, 0.861911058, -0.208594725)
(-0.2097452, -0.400676966, 0.8629353, -0.225405335)
(-0.218770131, -0.40328303, 0.8636639, -0.208775461)
(-0.21024175, -0.394677371, 0.865771055, -0.22465232)
(-0.219299152, -0.402816981, 0.863664746, -0.209116533)
(-0.210480079, -0.396051228, 0.8647641, -0.225886181)
(-0.219471991, -0.404833436, 0.8622923, -0.210698754)
(-0.215246767, -0.3901999, 0.868708, -0.21623902)
(-0.218978971, -0.405121416, 0.86171633, -0.213001519)
(-0.2157307, -0.390398532, 0.8684502, -0.216433689)
(-0.219408631, -0.405602217, 0.8613054, -0.213306457)
(-0.214571029, -0.391265869, 0.867468834, -0.21992746)
(-0.219815761, -0.405906767, 0.8609957, -0.213557944)
(-0.217279226, -0.391339719, 0.867864251, -0.215533391)
(-0.219955564, -0.406364739, 0.860584, -0.214201361)
(-0.219550461, -0.39272058, 0.867527246, -0.212048888)
(-0.219808057, -0.406693637, 0.860170662, -0.215385824)
(-0.222428083, -0.395399272, 0.8665739, -0.207929581)
(-0.219778344, -0.40689078, 0.85979414, -0.216543928)
(-0.222118229, -0.395458668, 0.866247535, -0.2095021)
(-0.220260143, -0.4077628, 0.8592409, -0.216610461)
(-0.221578658, -0.395445973, 0.865966, -0.211253718)
(-0.219806433, -0.407905817, 0.858879864, -0.218227461)
(-0.224673167, -0.3997337, 0.8642261, -0.206997558)
(-0.2204708, -0.409097254, 0.858150542, -0.218196422)
(-0.22294344, -0.3976294, 0.86465615, -0.211084455)
(-0.219372168, -0.4078904, 0.8582077, -0.2213162)
