-1,-1,-4,0,-1,-2,-1,0
0,0,4,-6,-1,-1,1,0
-2,0,0,-6,1,0,-1,-1
-1,-3,-4,-1,-2,-2,-2,0
0,1,2,1,0,0,-1,-2
-3,-4,-5,-1,-4,0,-1,-1
-2,-2,-2,-3,-2,-1,0,-2
-1,-1,-2,1,-1,-2,1,-2
-3,4,2,-1,0,-1,-3,-1
-1,-2,-4,-3,-2,-3,-3,0
-1,2,-1,1,0,1,-2,0
0,-1,-1,-7,0,-1,-1,-2
-1,-2,-3,4,2,-1,1,-1
-1,0,3,-1,0,-2,-1,-1
-1,3,1,-6,-4,-4,-4,-2
0,-9,-3,4,3,2,0,-2
0,1,-1,0,5,1,0,0
-2,-3,-2,-4,-4,0,2,0
-3,-4,-3,2,0,0,0,-2
-1,0,2,-3,-2,-2,-4,-5
-3,-10,-8,1,1,-1,9,-1
1,-1,-1,1,-2,-4,-13,-2
1,3,5,-3,-5,-2,3,1
-2,1,1,-2,1,0,0,-1
-3,1,5,3,-1,-2,-6,-17
-1,0,1,-2,-1,3,7,-6
2,-8,-17,-1,-2,-1,-12,15
0,-24,-14,0,0,-1,-3,-5
0,31,7,-7,-4,-3,-6,-6
4,-2,5,-1,-3,-1,13,22
-11,-18,10,7,5,0,-15,-35
4,-7,8,-1,2,1,-7,0
-5,-9,-14,-2,-1,-3,19,-13
-2,28,38,-1,1,6,40,-19
-1,-6,28,3,-7,-10,-48,37
3,-17,-45,2,3,2,2,-9
-8,-2,-3,-5,1,-2,-10,8
-13,-10,-5,-5,-5,-7,17,-15
8,12,-14,-4,2,16,81,56
3,18,56,3,-11,-13,-72,-50
-12,-25,-65,-9,-4,4,2,4
0,27,28,1,5,-1,-6,-32
6,-29,-22,0,-1,-4,-46,10
-15,-3,-29,-10,-6,-6,15,-3
12,8,16,8,1,-2,-26,-41
-5,11,56,-11,-7,-2,0,30
-6,-7,-77,-1,4,3,28,-8
22,94,84,14,3,3,18,56
-11,-20,-13,-4,-6,-5,-24,1
7,-34,-19,5,4,10,44,11
0,-35,-11,-7,-2,-3,-16,-53
-7,15,-43,-5,-2,0,17,15
6,-23,31,14,5,0,-18,19
4,50,15,0,0,-4,-39,6
-11,-15,8,-13,-10,-6,27,-7
-1,-29,-71,-4,0,3,-5,-32
-5,22,77,5,-2,1,1,-1
3,-28,-49,1,2,2,4,-3
-7,2,25,13,8,-2,-13,0
-1,-15,-9,-5,-2,-1,-8,30
13,35,17,8,4,0,7,26
9,-13,-24,4,-1,2,-14,5
-17,8,-33,-33,-16,-9,-1,-30
-2,-7,-18,5,-1,-4,17,16
-12,-50,-11,-16,-9,-3,11,-50
-10,-10,-42,-9,-1,-1,-21,-53
14,4,45,10,-2,-3,-39,5
-11,-18,51,10,2,1,-4,-15
4,-55,-68,-20,-4,-3,43,15
5,20,-52,-3,-10,-17,-18,26
-17,5,21,-4,0,-1,-12,-25
-2,-27,-15,-3,-2,6,14,-23
6,-34,-9,13,-4,-2,-10,67
-23,19,-40,-23,-3,-1,-10,-10
26,78,59,22,2,0,5,17
-8,-1,-13,-2,2,0,30,-32
-23,-14,-60,-31,-8,-2,3,-27
10,7,97,22,-2,-4,-9,38
-5,17,-74,-2,8,8,-7,1
-1,43,92,4,-4,-2,7,21
26,51,22,8,4,-2,-51,10
-1,-30,-27,5,1,3,49,34
-2,-13,-23,-7,-3,-6,-18,10
-11,-57,-67,-10,-2,-2,-13,-17
0,-2,62,9,5,7,6,37
-13,-22,-64,-31,-13,-11,-31,-17
11,17,52,22,7,8,31,40
17,13,3,0,-5,-8,-50,14
-12,5,-2,15,7,1,-4,-11
15,-18,27,-1,1,3,-10,-8
-4,27,-15,-22,-6,2,19,1
-12,17,84,-9,-3,-5,26,32
5,10,-82,-2,-4,1,18,-12
7,-2,127,30,4,-1,-29,-21
2,29,21,10,4,6,2,-29
-20,-24,-68,-7,-1,-1,-8,6
7,87,-33,5,-2,-1,34,-19
-8,-57,2,-15,-7,-4,-15,28
-2,-2,85,16,6,-1,3,-26
-18,-20,-124,-36,2,-2,-49,-18
24,-9,61,16,4,4,6,14
0,-17,38,6,1,0,21,45
3,30,-59,-21,-11,-5,50,37
38,27,95,35,12,8,-69,-19
-81,-72,-71,-23,-5,0,6,-34
24,33,-8,-5,8,8,62,25
-5,-33,-22,-10,-2,-3,-9,-41
20,2,85,14,-2,1,43,20
5,24,23,5,-4,-5,-3,-14
-26,25,-41,6,2,4,11,-48
-15,-16,67,17,7,3,-16,-22
-14,-77,-87,-22,-1,-5,24,-24
30,17,4,4,2,6,18,14
-42,-11,-80,-4,-2,-5,-18,-19
32,-22,-50,-3,0,0,13,42
-22,-4,14,5,-13,-12,-18,-34
-6,6,70,-7,3,2,-7,18
15,-63,-44,2,5,3,-31,6
14,62,28,-3,-2,0,-35,-37
4,70,-73,-1,4,4,40,23
1,-10,-44,-13,-11,-13,-20,-24
-31,-51,2,0,0,5,20,-20
2,9,95,7,-8,-10,-46,-29
6,64,-5,-2,2,4,26,30
5,14,42,-2,-4,0,14,-48
9,2,-76,0,-2,-6,-27,-18
-8,15,21,1,3,1,32,0
-9,3,18,4,-2,0,-7,13
-3,-38,-101,-25,-6,-9,-15,-30
23,23,30,2,-1,2,8,15
-30,-72,-17,7,-7,-10,-22,-20
13,32,64,-4,-5,-5,11,35
16,29,14,8,7,4,-24,4
1,-7,-57,-2,8,9,-2,-16
-21,6,31,2,-4,1,10,6
-7,-54,-48,-22,-5,-2,9,-41
10,-4,-6,-13,-10,-5,-12,24
10,12,-25,-7,-4,-8,-9,-7
-1,-20,-44,-14,2,10,24,37
6,-55,0,31,13,12,5,-19
-8,-11,22,-28,-15,-14,24,13
-6,-22,99,42,1,-6,-9,-2
7,11,-128,-45,-5,3,15,-27
-26,-10,46,17,4,0,21,-21
15,4,66,-2,1,-7,-56,-2
-22,-38,-26,-11,0,1,8,3
4,-20,18,8,-3,-5,27,6
27,-23,1,5,-3,-3,-7,32
-18,-31,-81,-13,0,2,-7,0
1,31,72,16,3,3,-1,-25
2,-51,-29,-15,-7,-7,-4,-2
-1,-20,-17,-8,-2,-3,-14,2
-17,-2,41,25,3,-2,-33,30
4,41,-11,-26,-10,-6,-2,-18
-10,-25,-1,-5,-3,3,25,17
-6,-3,36,10,2,-2,-33,-11
2,21,55,7,18,18,32,-18
10,51,54,1,-9,-4,-5,0
-18,-28,-13,7,5,-7,-32,7
-18,4,-8,-15,-10,-4,54,-12
12,52,47,-4,-9,-6,-45,-36
38,-24,-30,-6,1,1,25,23
-52,17,-12,3,-12,-13,-19,-35
14,-66,-16,-22,-2,1,-13,19
-5,-20,-94,12,-3,-8,-21,-14
4,6,64,3,0,7,51,13
24,-25,-68,-3,-7,-11,-40,7
-14,62,5,1,3,6,27,-41
-1,-4,8,-3,-4,-11,-50,31
8,-2,-116,-12,-4,-4,-1,18
-6,61,127,41,8,-1,-15,11
13,7,-21,-2,-2,-4,0,8
-23,-64,-63,-14,-1,8,55,37
9,-15,-1,7,-2,-5,-37,-22
-2,4,-47,3,9,9,10,28
7,-37,7,-16,-8,-9,-50,-45
13,60,20,8,-6,-9,-28,8
-24,15,29,-5,3,4,-4,17
1,-82,-90,-15,4,-1,-9,-17
-3,-15,-6,10,-4,5,38,19
-1,3,39,4,11,3,9,-16
-1,-51,-44,4,0,-4,-7,15
-18,38,8,-18,-11,-6,-17,-38
3,-18,-28,-12,-7,-8,-8,3
21,10,64,26,2,9,59,40
-14,29,-93,-32,-9,-12,-57,-30
8,-20,-22,4,6,2,10,25
8,-2,-23,-8,-3,-1,-21,-2
-9,76,29,-9,-8,-5,13,-1
27,-41,-28,-14,-5,0,22,1
-29,53,42,3,-3,1,-27,-50
-2,10,-37,1,3,-2,3,18
-10,-114,30,23,12,8,10,10
-5,18,-36,-32,-8,-2,-7,2
27,-62,-10,-3,-3,-1,8,-15
-8,22,30,6,-1,-4,-19,17
-1,-24,-18,5,-3,5,32,-32
-13,24,66,24,10,1,-10,-19
22,-34,19,-5,-3,5,30,38
-44,19,-10,-14,-3,-1,2,-33
0,-21,41,10,-1,-1,-8,-19
15,67,31,0,0,2,2,21
11,80,30,-1,-3,-3,10,-9
11,0,24,17,12,10,-16,-5
-51,44,14,-15,-8,-11,-3,-4
-1,-24,15,7,4,3,32,14
10,7,-12,6,0,-3,-18,2
-7,27,-15,-16,-13,-4,22,-36
32,20,-21,1,0,-8,-69,-5
-9,-17,6,0,1,2,1,11
2,2,-29,-5,1,-1,11,9
34,18,26,9,1,-1,6,44
-35,-19,-56,-28,-8,-2,20,-9
8,46,32,5,-6,-6,-16,-20
24,-32,-21,6,5,-2,-28,6
-29,-8,12,-15,-5,1,-7,23
10,-7,-85,2,7,2,2,1
-3,-22,98,15,-8,-10,10,-20
13,-6,-54,-14,-2,2,-5,30
4,-43,17,22,2,-5,-17,15
14,34,-70,-7,2,6,25,-17
10,-45,37,13,5,4,-2,53
4,24,-31,-19,-4,0,7,-7
-15,23,9,11,-3,-5,30,27
23,39,78,-6,-4,-2,-10,20
-19,-22,-40,-2,7,0,-15,-30
0,-12,60,0,-10,-2,11,16
-26,-14,-71,-8,4,2,-5,-13
-9,-16,20,5,-3,-2,14,-15
-5,17,59,2,0,-1,-5,-14
-9,-24,-28,0,-2,-6,-27,19
37,69,35,-5,-11,-2,9,8
-17,-42,35,3,2,-2,-23,12
-9,-2,6,9,2,5,-1,-5
-5,-39,-53,-3,3,7,19,33
9,25,67,3,-2,0,-1,-12
13,-3,10,2,0,1,4,-3
-7,22,-41,13,-1,-4,-14,2
24,40,63,7,-3,-5,-2,-7
-36,53,-81,-21,-4,0,3,-12
15,4,-4,1,-1,1,10,3
-16,-40,-41,-19,-4,-1,24,-11
-16,28,-8,5,1,-3,10,-15
26,-38,47,29,4,-2,-11,-7
-43,-10,-31,-3,1,-8,1,-6
7,-28,-13,2,-4,6,26,-12
-15,8,36,-16,-9,-9,-38,-27
1,-7,0,-17,1,-3,-3,11
5,28,52,17,-3,-3,-6,0
-1,-8,12,-10,6,-3,-31,-13
1,0,-59,3,0,1,25,12
-3,-23,12,1,-1,3,16,-60
14,19,4,-3,-2,3,6,-7
-11,28,-21,-1,2,0,-32,36
-5,22,101,24,3,0,5,-17
17,-26,-67,-37,-9,-5,1,15
-1,-17,7,-2,-2,3,-4,-5
13,-7,-32,-2,-3,-1,-5,-19
-20,21,30,10,-3,-2,29,10
7,-41,-30,17,3,-2,-26,8
21,30,-58,5,5,4,18,-15
-50,27,-6,-30,-6,-4,-14,-6
-6,-80,-67,2,-1,-2,-8,2
7,27,76,-2,-2,1,5,-1
2,-9,-37,-11,-8,-8,15,27
12,18,26,5,1,-1,-19,-20
-11,-36,-39,-9,3,-2,-40,-19
1,12,-10,11,-4,0,26,13
-7,-53,-7,-5,-3,-3,-2,10
42,37,10,4,0,-1,11,17
-28,11,25,-2,5,6,18,-3
6,-27,21,5,5,2,-21,7
-17,17,52,-12,-11,-9,9,-3
0,-31,-12,14,-1,1,6,11
10,3,1,-5,3,5,19,2
3,30,-39,4,7,3,-7,18
-9,-37,-25,8,3,2,8,-11
-13,29,83,-1,-6,-6,18,-12
37,28,-23,-4,0,-1,-24,6
-6,-14,-74,-15,2,4,-9,-5
-23,-53,-6,17,2,0,-8,-8
-7,92,3,-21,-9,-7,-10,-29
26,22,92,23,6,6,14,12
-6,2,-55,-1,1,-3,-13,-16
13,-7,20,-6,-2,7,8,-8
-14,-52,-98,-11,-5,-6,-35,12
4,-16,73,10,-3,-2,0,-20
-14,62,47,-3,3,5,17,32
13,9,2,-4,-1,-10,-72,11
5,-39,-80,-13,-5,0,-2,15
-3,17,29,-10,-3,-2,9,2
23,-29,-2,5,-2,-5,-3,1
10,-12,-9,-3,3,4,3,30
6,3,21,-1,-1,-1,9,0
-3,-7,-46,-15,-5,-5,-12,4
-5,23,39,-11,-8,-5,-14,-27
-2,0,-1,15,2,2,20,6
-3,-36,-30,-3,4,2,-4,-20
9,32,-14,-5,-4,0,8,3
-12,25,40,-8,-6,-3,16,-5
3,-8,33,5,5,3,-6,-30
16,18,-13,1,-6,-3,10,31
-22,-18,-83,-19,-6,-5,19,8
-14,-86,-10,-3,0,7,-10,-19
5,32,63,25,2,-4,-9,21
10,5,-32,-13,-1,5,44,42
4,9,-15,-4,-1,0,-22,4
2,39,40,3,-8,-12,-20,-15
2,-32,-90,-13,6,8,11,-12
-23,15,69,8,-2,-3,-13,-16
-1,9,7,7,5,8,39,56
29,54,44,5,-6,-6,-18,-6
-2,24,15,-1,-1,-3,6,10
7,-5,28,-5,-2,2,-5,9
-27,-42,-12,8,0,-6,1,-75
0,31,19,8,1,2,32,65
15,7,3,-33,-5,2,-13,2
10,-34,-15,-1,5,0,6,27
-9,-22,19,31,10,5,9,22
-13,8,-3,-3,-10,-13,-13,17
-5,4,-2,-12,2,2,10,-12
14,37,10,22,-2,-5,-10,-17
4,-26,10,-5,5,3,-2,-1
4,-19,-7,-4,0,2,2,-10
-13,-34,-55,-2,-4,0,4,4
-8,-26,10,6,4,-4,-23,-33
-5,-5,-25,-16,-6,-2,1,-1
31,13,27,7,5,6,32,-45
-50,-54,-58,-18,-14,-13,-40,-28
-14,-41,-2,-4,0,2,10,-17
9,14,58,11,1,-3,-27,-19
-25,-38,-64,2,5,-1,-4,-11
15,-3,-29,-2,-3,-2,14,-3
-15,21,-49,-4,0,2,10,-7
14,-15,46,0,-2,-7,-48,2
-8,-83,-77,-26,-5,-3,-17,-13
-5,54,44,7,-1,0,11,-42
-12,-36,-39,13,2,-3,3,23
0,-41,-2,-20,-4,2,24,-16
-13,24,11,-4,-6,-2,-3,28
26,21,-35,13,7,6,-2,10
-32,-23,-36,-18,-10,-7,-69,-32
25,41,38,19,6,10,82,55
-14,-26,36,20,3,-1,1,-31
1,28,-47,-27,-9,-12,-30,16
17,-6,55,6,-2,-2,-12,-39
4,-1,-60,-5,-1,0,-7,-26
-28,43,36,20,-1,-4,-4,3
15,-31,-33,-22,-2,0,12,-5
-14,6,53,16,4,4,17,18
12,-23,-26,-5,-3,-5,-13,-37
-1,0,28,11,0,1,11,22
-11,18,29,-4,1,-2,-18,-16
4,-76,-2,-12,3,6,24,-21
-21,4,13,-7,-11,-9,9,2
19,23,-31,-17,0,0,-19,0
-22,2,19,2,-7,-7,-13,16
14,10,-16,5,9,5,63,47
5,9,35,10,3,5,9,-1
-4,-38,-54,-2,1,1,-20,-17
25,20,22,9,7,3,16,17
-17,-21,-20,8,-3,-9,-4,-22
-1,1,-1,-12,0,-5,-48,2
7,-21,-13,-19,-9,-4,29,12
-15,-8,21,-4,-1,-2,-2,-14
16,32,3,19,-4,-2,-10,-10
-36,6,10,-8,-8,-6,-17,16
-25,-15,-2,-17,-4,-3,-6,18
0,-16,-29,2,-6,1,21,-1
3,-5,-12,-5,1,-3,-18,-6
-6,0,18,-1,0,-3,-11,-11
13,-4,-49,3,-3,-3,10,10
-15,-1,10,15,6,-2,-32,4
13,22,4,-2,-4,6,45,41
-16,-11,-88,-9,-8,-9,-23,-31
15,8,84,-6,3,7,-4,10
30,37,-76,-23,-13,-6,-10,-5
13,39,106,13,8,0,8,7
-2,-32,-15,-3,-4,-3,-3,45
18,-1,-4,15,10,3,-29,-18
-41,-21,52,-1,-10,-7,11,-8
7,-5,-20,-15,-7,-4,-7,6
5,40,12,-5,-1,1,19,15
0,-17,41,18,1,-2,0,-13
20,1,59,14,10,7,11,19
-16,-6,-43,-26,-10,-7,-13,-11
0,9,37,-4,-2,-1,-33,-35
-4,3,11,4,0,5,25,18
-15,3,25,9,5,4,11,-1
32,17,-53,-1,-1,-4,-26,-27
14,20,75,8,0,-1,12,24
-14,32,-2,4,-1,-2,2,18
4,-22,-24,-20,-13,-2,21,24
7,19,-31,12,15,9,-11,13
-20,-54,-99,-20,-4,-1,9,-30
1,7,16,7,3,1,-2,-4
12,-23,12,11,1,-3,-2,-5
6,92,44,-3,-5,-1,12,11
-2,-54,-41,4,-2,-5,2,-11
-46,-22,7,-8,-6,-2,-9,-33
24,-5,-23,6,10,3,8,7
-47,-42,25,-1,-4,-2,-14,-34
21,37,39,8,-2,-3,-2,7
5,-29,-51,-23,-5,-3,-4,-13
-1,-8,5,11,2,3,5,-10
-15,-5,24,-4,-2,-5,-14,13
-3,22,-8,16,-4,-4,-23,-42
18,-23,-37,-15,-2,-4,-12,4
-34,2,8,-7,-2,-2,14,-13
-3,1,29,5,3,-5,-28,-8
13,-41,5,-8,3,8,25,1
-25,17,28,1,-3,-5,4,-1
14,-20,-35,2,-1,-3,-12,20
-31,-32,-30,-16,-16,-4,-3,-42
-8,49,66,17,6,1,10,7
-1,-18,-76,-6,2,-5,-17,-9
-15,-1,43,-1,-2,-2,5,-1
5,-22,-23,-2,-2,-1,29,64
0,25,-14,-11,-3,-5,-77,-24
11,-12,-42,11,2,0,0,-24
-7,1,50,-1,-2,0,10,-1
34,15,-8,-12,-10,-5,25,9
-30,-25,-27,6,9,-1,-4,-10
26,-19,-50,-22,-7,-1,1,15
10,25,-19,9,1,0,27,24
27,-7,-10,-5,-1,0,-5,2
-35,-54,20,-13,-13,-7,11,-27
20,21,9,13,8,6,0,-6
1,15,58,8,4,3,-1,22
8,18,-12,-14,-2,1,-10,-8
30,9,-43,-1,-2,-2,39,62
-7,-5,32,14,2,-3,-58,-30
-9,-14,-70,-11,-8,-5,13,9
1,-22,14,8,5,0,-28,-19
-7,16,26,-1,3,5,-9,4
-2,26,2,-11,-4,0,19,2
-3,34,36,-8,-6,-7,-60,-39
-15,-15,32,13,0,0,11,7
17,54,4,0,0,0,28,14
-13,-22,25,-4,-5,-3,-35,-15
5,6,-41,-7,1,0,-4,-9
-14,31,25,9,1,3,6,-36
14,-50,-47,-4,-2,-2,-8,2
-13,11,37,-9,-9,-2,32,10
23,-18,-7,-7,12,6,-14,-28
-49,-19,21,8,0,-4,-3,-24
-19,2,-4,16,5,2,13,14
19,68,-20,-2,-7,-7,-24,-17
2,-28,-22,9,2,4,50,43
-3,22,-18,-7,-2,-3,-15,-7
-30,-45,-17,-11,-1,0,-12,-20
-15,-24,-4,3,0,0,12,19
44,52,55,8,-5,-2,8,-12
-18,-62,-88,-21,-5,-10,-38,-19
18,26,15,-1,-1,1,27,18
12,-11,48,-6,3,0,3,16
-4,-23,-31,1,-3,-5,-2,13
19,26,19,-2,1,6,9,5
3,-16,-46,-12,-5,-4,-8,-2
21,3,7,13,6,4,4,-2
-33,39,29,2,-5,-6,-13,2
5,-24,-52,-15,-6,0,22,49
-3,17,5,0,-5,-6,-15,-17
-10,-25,41,14,5,5,15,10
-1,-10,-41,-28,-1,3,-13,-14
29,12,55,29,-5,-7,-15,-17
-23,20,-35,-7,-3,0,-2,-18
8,-7,0,0,1,1,22,41
-31,-26,-49,-17,-11,-7,-23,-30
14,-82,10,-20,-4,0,1,-8
19,90,19,22,8,3,-3,14
-14,-22,-28,-18,-3,0,2,-25
7,20,29,1,-1,-3,-39,34
8,9,22,20,8,7,20,17
-16,-23,9,-10,-3,-1,4,3
-33,-5,-49,-7,-6,-8,2,-4
2,-3,-34,-7,-4,4,7,3
0,23,79,5,-2,-3,5,17
5,16,21,13,8,-2,-3,-2
25,33,35,5,11,3,-38,-33
-14,-12,12,10,-1,5,65,27
-10,62,-52,-17,-10,-8,-35,-7
20,-47,-6,-14,-1,2,10,15
-10,-3,59,27,2,1,-6,-21
-10,0,-83,-32,-1,-1,-6,-28
-3,2,20,7,1,-2,14,-2
-9,-12,1,0,-5,-1,-10,-1
0,30,-45,-17,-3,-1,7,23
32,23,-2,30,4,3,-1,4
-47,-7,54,-7,3,-1,6,-10
0,-2,-34,-17,-5,-4,-14,-7
14,27,-13,-3,-4,-1,-1,21
-24,-69,12,-5,-3,0,10,-50
24,67,5,1,2,-2,-32,14
20,-3,5,10,-7,-4,-21,-41
-54,-15,-42,-17,3,1,8,6
0,-13,70,14,2,-2,-12,3
-1,-4,-28,9,3,1,24,1
-6,-15,0,-4,-4,-4,-17,-15
11,3,77,11,-10,-5,4,1
11,-2,-74,-1,6,3,1,-7
-12,-25,-56,-27,-6,-2,4,21
18,27,39,4,3,3,4,-9
6,-24,-9,18,7,0,-2,0
-15,37,-23,-1,-7,-8,5,3
-7,-28,-43,4,-3,2,3,-9
8,1,25,1,3,-4,-21,19
28,-2,6,-2,0,2,10,-13
4,13,48,-20,-6,-5,-17,-8
4,-44,-75,6,-1,1,-1,-28
4,-25,16,11,9,1,-13,22
-17,8,-29,-7,-3,4,31,4
10,26,-15,-12,-5,-6,-14,33
-9,-27,21,-7,-4,-2,13,9
-6,-10,-19,-1,-6,-3,2,9
-8,-12,-14,4,0,0,-3,-7
6,8,75,5,2,2,5,18
-3,-3,5,-5,-13,-10,13,-10
-39,-57,-56,-24,2,-3,-35,-28
29,-25,-43,-4,3,6,46,26
-35,-18,-17,5,0,-5,-29,-16
14,63,118,19,4,2,-7,1
-5,-3,-43,4,-5,0,14,-31
-8,7,-92,-27,-9,-3,11,-5
3,-34,56,7,-1,-2,-51,-40
2,-26,-10,-10,1,3,40,66
-9,8,25,11,5,2,5,-11
12,14,-23,-1,-3,-5,-39,-12
3,17,-11,-6,-3,0,27,-9
7,-24,-9,9,7,2,-18,-17
2,1,-47,-8,-8,-4,5,41
-22,-32,35,-11,-6,-3,14,-32
5,54,10,9,-3,-8,-48,-19
-18,-31,-8,-1,5,2,-1,-20
24,52,-14,-3,-3,3,22,15
5,33,51,17,4,-4,-24,-8
-9,-29,15,4,-5,1,45,34
13,15,-66,-29,3,-2,-42,-9
-18,16,61,28,10,6,5,-18
-5,10,9,3,-3,1,10,33
14,50,20,-1,10,6,26,-5
-2,5,-5,-3,-13,-8,-13,-22
11,-13,-19,-11,3,3,15,22
-6,45,39,3,-8,-4,-17,-13
2,12,-9,-1,-2,-2,28,63
19,-60,-27,-1,1,3,-9,-25
2,-11,-35,-15,-8,-7,-11,-15
5,27,-19,12,2,0,-1,-13
-9,-19,-24,1,-3,-4,-12,24
-19,39,44,9,0,1,5,1
-14,4,-57,-26,-6,0,25,-12
5,-19,33,17,8,-2,-51,-29
22,5,-5,-6,-2,5,12,16
-8,-18,-15,-3,-3,-4,6,0
4,-12,50,18,5,3,4,-7
-6,-58,-65,-29,-11,-5,-42,3
-18,7,-19,10,7,2,10,-46
10,-19,32,0,2,5,12,22
36,32,21,0,0,-3,-13,26
-27,-32,-16,-9,3,1,46,7
14,38,42,2,-8,-4,-8,-9
-20,-51,-105,-29,-4,-4,-44,-75
-2,-23,59,28,1,1,12,35
7,-30,-3,-6,2,-1,2,20
-38,-21,-4,-11,1,-1,-9,-35
17,44,30,9,-6,-2,15,2
4,5,-34,4,-2,-2,6,1
-11,-36,6,-12,-6,-3,-15,16
10,-21,16,8,5,-1,-13,-51
-3,1,-58,-13,0,2,25,48
-14,-24,36,-6,-3,3,16,7
23,-19,-32,-7,-5,-5,9,21
-33,-38,-19,-10,-10,-6,-7,11
-2,-8,4,24,13,1,10,-7
-5,27,-20,-3,-5,1,23,-18
3,21,-16,-13,-4,-8,-46,-28
-16,-22,16,23,12,10,32,12
7,35,62,14,-2,-4,-6,-16
-2,-11,-2,7,11,1,-26,50
6,4,-34,-11,-10,-3,-14,-1
-1,-18,-49,-7,-1,-1,-22,-30
-5,24,3,4,-1,-3,3,25
5,21,-22,-16,-6,-2,-12,-29
-35,31,1,14,2,0,22,-13
23,6,11,-30,-8,-5,-9,19
-27,-5,-13,-9,-5,-5,6,17
6,-26,14,7,-1,-1,-19,-40
-4,-11,-9,1,-1,-3,18,14
12,5,-20,-4,-2,-1,-22,-22
2,-31,-18,-6,-6,-2,-9,8
-6,63,38,-5,1,0,-5,-16
-12,-15,-35,6,-6,-5,6,-6
27,20,19,2,-3,-3,-6,-7
-16,-17,39,0,9,4,13,46
-8,-6,-3,-8,-8,-4,3,-24
16,-20,-51,1,7,5,-1,6
-1,28,33,-13,-7,-3,5,-13
27,9,-26,-8,-10,-5,-4,-12
-15,-63,-27,6,7,1,-17,37
-6,-13,41,-11,-3,2,18,-38
6,-11,16,13,-1,-3,0,13
0,10,-26,-1,-2,-2,-2,-4
-6,-5,22,0,-3,-4,-10,-20
0,55,52,1,0,-6,-74,9
16,-17,-35,-6,0,3,38,31
-17,90,69,15,3,3,2,-39
20,-1,-9,-1,2,1,25,2
0,15,17,10,8,2,-20,30
-46,-14,-9,-9,-5,-2,9,-26
31,-6,-40,-13,-3,-3,-3,33
0,5,-34,-23,-4,-1,18,8
-8,37,103,42,-4,-3,-10,-63
-9,-38,-48,5,1,1,-4,27
-4,8,-11,-10,4,3,4,11
-8,2,-9,-10,-5,0,8,-11
13,-30,19,-7,-1,-1,17,15
-8,-22,-26,5,-2,-4,-10,-5
7,29,20,17,1,-1,-10,-24
-43,33,-7,-8,-5,-7,-33,-8
20,-5,-10,-25,-12,-4,48,10
3,9,40,28,10,4,-9,-4
3,-35,-35,-1,-2,1,-3,-14
11,-18,23,-8,3,-1,-14,9
-3,0,-7,10,0,0,9,-1
8,21,8,-1,-3,-2,-11,17
-3,9,14,-13,-4,1,0,-14
0,2,5,10,-8,-12,-45,-23
-6,-36,-30,2,11,9,21,3
8,31,15,-12,-5,-5,-34,2
-7,-4,36,-8,2,0,8,-16
15,-4,-24,17,0,1,25,9
-15,0,22,-16,-5,-1,-4,11
11,-41,-78,8,7,2,5,-16
-28,-12,-21,-11,-10,-10,-1,38
-25,-11,10,-11,-6,0,2,-30
32,17,-3,5,1,2,3,8
-1,15,27,-4,-3,-4,-3,-26
-28,-30,47,15,-1,-3,-22,-25
19,-9,-48,4,8,7,24,26
-24,28,3,-3,-3,-3,-11,-19
3,-37,-24,-16,-10,-10,-39,-22
14,0,15,6,10,8,11,-2
-26,31,-7,15,2,-5,11,-1
-18,-26,-22,-22,-6,-3,-6,-9
8,-8,3,5,-1,-1,24,31
8,-1,0,10,0,1,1,-5
9,-31,13,-15,-7,0,4,5
5,-5,-22,-2,0,0,-5,-21
-10,-14,74,7,2,0,25,-5
3,27,-11,-4,-5,-3,-16,-8
-4,-35,3,4,5,1,-4,11
6,13,-45,-10,-1,-2,0,-1
-14,25,-36,-14,-3,6,26,12
-1,-3,19,-10,-8,-5,11,2
16,19,-11,-2,-7,-3,-26,-26
-5,-51,19,1,0,2,5,75
-10,2,-63,-20,-3,-3,6,-5
8,-10,-3,-3,-9,-7,-4,5
-6,-5,-64,-23,-8,-4,-24,-14
15,3,39,19,11,7,41,12
1,-29,46,4,1,-2,-48,-7
2,16,-14,-4,-2,-1,1,33
23,19,34,-2,-6,-1,-22,3
-37,17,8,0,-10,-8,-2,-43
13,-2,2,2,0,-3,-3,18
-1,8,-56,4,5,-1,-38,-26
-19,-15,-10,10,3,1,22,20
17,29,-27,-32,-5,-6,-40,-53
-26,-14,-27,20,3,1,12,-10
7,10,-5,-3,-8,-6,2,3
5,0,7,1,3,0,13,5
-6,-5,11,13,2,2,19,53
27,6,13,-9,-1,6,-7,-31
-24,-16,7,-3,1,-2,-28,-34
-25,18,70,15,-4,-2,25,22
6,-43,-49,8,6,0,-1,10
10,36,50,-8,2,3,26,38
6,-1,9,14,3,2,-5,33
-3,9,28,-2,-1,-1,7,-23
-11,-16,2,-1,-7,-4,8,-8
-17,-25,-24,-3,0,2,-8,-3
13,4,19,-2,2,0,14,7
-4,-16,-15,-5,2,-1,38,10
13,-9,6,8,1,-3,-35,5
3,25,-17,-1,3,1,2,-9
16,19,41,2,-2,-4,10,16
-23,-29,-71,-30,-13,-3,-1,2
18,45,91,-1,3,3,5,-7
4,-2,-15,37,2,-2,-5,10
3,29,62,12,10,5,9,-13
-4,-17,-35,-10,-3,-6,-12,-43
7,-22,-24,-11,-3,2,-8,0
-19,0,-66,-16,-5,-4,-8,-12
-7,27,41,-7,-4,-2,2,-28
9,-17,41,5,5,2,-19,8
23,44,4,4,-4,-4,3,-13
-13,-49,-46,-16,-4,2,24,1
6,-20,-36,2,-1,-2,-20,-11
3,13,21,9,0,-1,1,14
-11,3,-3,9,2,4,15,-11
37,37,40,4,4,0,-5,18
-23,-24,-25,-6,-8,-6,10,19
1,20,43,-5,-1,3,10,17
-9,-40,-25,0,-3,0,-11,-22
2,1,25,15,4,1,15,32
6,-19,-85,-17,4,4,-5,-8
14,56,82,40,3,-5,13,17
-15,6,13,-7,-3,-1,-26,-46
-5,43,-4,-9,-6,-1,-8,-16
-24,-65,-64,-15,-4,-2,9,-15
-10,14,48,12,5,4,-12,11
5,11,-1,-3,2,-4,-3,40
-7,-2,23,12,4,3,17,-24
11,26,-6,-16,-7,-2,6,-11
6,-62,-83,-17,-5,-4,-28,-4
-32,30,12,-2,-6,-4,6,1
9,-36,17,-7,-3,-3,-8,5
-9,-17,-4,16,0,0,0,-1
2,50,-21,-17,2,2,-6,-16
13,-8,-16,12,3,3,25,34
-14,-44,-3,5,1,-2,-20,-21
2,40,7,-3,0,3,4,6
9,-14,-36,-8,-9,-8,-1,-11
9,10,-20,5,5,3,1,-10
-16,-6,57,-3,-3,-5,26,29
12,17,10,-1,-8,0,-7,-46
5,-29,-75,-19,1,2,-2,35
-5,20,29,8,0,2,-6,-23
-7,26,-25,-1,1,-1,-8,14
2,-15,15,4,0,1,8,23
-1,5,44,-13,-7,-6,-10,-20
-19,1,-40,25,1,-1,1,-8
9,25,37,-6,-3,0,-4,-14
-19,-57,-83,-3,-6,-6,-21,-14
8,13,31,15,10,2,6,-36
-17,-25,-31,-15,-7,-8,-19,8
4,19,2,-1,-2,2,-7,-10
-3,-6,37,10,6,0,2,15
21,6,-25,-14,-7,-3,3,1
-33,-25,-22,-10,-6,-2,9,30
11,-10,-31,-9,-8,-5,-22,-32
-8,-10,28,3,1,-1,-8,-7
-1,-42,-41,16,7,1,-1,10
4,6,34,-19,0,0,9,3
-28,-12,-4,-3,-9,-5,6,-9
15,22,39,0,-3,-2,5,7
-3,2,-16,8,5,2,-1,15
13,-21,2,-4,1,3,18,-49
-4,-22,-15,-18,-10,-10,-10,14
-13,-54,-31,-25,-9,-3,1,-9
-39,34,1,-1,0,-1,-6,-10
35,42,16,4,3,-2,19,30
-9,-23,47,10,1,3,-6,-30
6,-11,-52,-7,2,1,6,40
-2,8,4,-6,-10,0,4,-8
-11,-27,16,-1,-4,-4,-7,8
29,19,-21,1,4,1,-24,11
1,-7,-17,-5,1,3,17,25
1,-6,16,-6,-4,4,-2,-3
4,13,14,1,-3,-5,-10,-3
6,27,19,4,5,1,-7,2
-16,-3,-47,-11,0,-1,16,-1
-5,79,84,9,2,2,5,-6
-3,-37,-52,-7,-5,-7,-37,-37
5,1,27,-5,-3,-1,11,4
-4,11,38,15,-3,-1,-8,0
2,-35,-38,-3,2,-1,1,-41
-7,19,-4,14,5,2,10,16
-2,14,29,5,3,1,6,5
-1,-17,-58,-15,-5,0,-14,-22
-6,-25,19,0,-6,-8,-8,-2
22,-4,8,-7,-5,-2,0,30
-29,1,-7,-5,-3,-3,-9,-26
14,27,38,29,9,6,6,28
-6,-50,-49,-14,-4,0,34,28
7,24,-16,-9,-6,-4,14,-4
2,-18,-28,-11,0,-1,-24,-29
-3,27,-10,6,6,0,0,1
-1,-10,0,6,-3,3,8,24
-32,-16,6,-10,-1,2,-12,-13
6,10,28,0,-9,-1,15,-2
0,17,52,11,2,-6,-11,-14
0,-34,-57,-11,-6,-6,-11,-4
3,-1,10,5,0,-1,-5,1
-1,-19,-12,2,0,-2,4,9
2,21,13,-9,-3,1,2,-5
-1,-12,-8,-8,-4,-7,-18,-10
-1,-5,-79,10,-2,1,3,12
-2,-44,3,-18,-5,-5,-7,6
-9,-23,7,7,0,1,16,-10
21,30,10,-2,4,2,9,-2
-7,-52,-3,-4,0,1,9,-18
-11,13,-54,-2,5,-1,-4,26
4,-15,21,14,-4,-2,-4,2
11,-7,14,-6,-13,-3,-12,-11
-58,-52,-56,-21,1,-1,-7,-26
17,28,4,-10,-1,-2,6,19
3,7,9,5,1,-2,10,1
-8,-15,2,4,-1,-3,-20,1
42,39,13,11,0,4,-3,12
-21,-32,-45,-12,0,-3,5,-10
12,-30,-14,5,2,-1,-30,-34
11,10,-1,4,3,-2,-16,34
-26,23,20,-6,-1,-1,-5,-13
9,0,12,20,4,2,14,-8
14,39,-10,-13,-4,-5,-10,-9
-11,-64,-10,-2,1,-1,-14,0
10,31,4,-17,-8,2,11,33
4,40,38,8,5,2,-1,-23
-24,-14,-25,3,3,-1,13,-5
8,25,23,4,1,0,-16,-8
4,-27,-31,5,-1,0,4,12
17,61,54,-2,-11,-5,-3,-6
-15,-23,-13,-10,5,1,-16,-12
-7,23,-16,-8,-5,-1,38,15
4,-14,30,12,1,-8,-51,-11
-5,-34,-42,-3,-4,-1,2,-5
11,21,10,13,1,0,-1,2
-13,6,10,5,3,2,28,-8
-1,-48,-32,-14,-4,-8,-35,-3
3,15,6,12,3,0,5,36
-12,21,78,-1,-3,-2,-20,-30
-4,0,10,-10,-4,-3,-2,-36
17,17,70,9,3,4,15,19
-7,-28,-64,-3,-1,1,-11,-2
-7,-26,-33,-16,-4,-3,4,-21
-2,34,-14,0,-4,0,-2,29
-12,-36,51,8,1,-5,-3,-37
15,33,10,0,0,-4,-18,23
-11,-9,-51,-18,-10,1,20,11
15,16,46,-2,-5,-8,-21,19
-9,30,21,16,4,5,23,2
-7,6,-6,-21,9,4,26,16
7,-35,-33,-6,-2,0,0,3
-18,-16,11,14,1,-4,-57,-35
11,25,8,1,-4,6,50,38
-11,4,24,11,-5,-2,-13,-39
2,-24,-51,-7,7,3,24,17
5,-4,15,-19,-3,0,29,8
-6,-25,4,-17,-17,-12,-12,-21
-17,-27,-23,-2,0,-6,-32,-24
37,61,48,28,5,-2,-5,21
1,-28,-39,-5,-6,-2,17,-31
12,42,-11,-8,-5,-4,-10,-3
2,-22,-8,-3,-6,-1,-7,19
-9,-13,-4,-6,-6,2,43,-2
-1,-12,-21,4,7,3,2,27
12,-4,0,7,4,4,-8,-35
-7,12,-2,-6,-6,-5,20,-7
-12,-24,15,-6,2,-4,-16,25
13,35,-37,-1,5,3,-12,-13
24,-6,25,2,3,2,10,15
-17,-34,7,-7,-9,-3,16,23
2,4,11,-17,-10,0,-5,11
-4,-10,-12,28,11,3,1,-4
-3,-10,-13,5,5,0,-6,-1
5,-29,12,6,-4,1,3,25
1,22,13,-8,-1,5,9,17
-11,-42,-63,-16,-5,-7,-20,13
-7,1,19,15,7,6,16,17
10,37,37,-1,2,2,4,-9
-27,-32,-13,-16,-7,-5,-24,-9
8,17,47,32,1,-3,-31,-36
-6,7,4,-5,-5,-6,-2,19
1,-26,-54,-12,-5,6,36,-34
9,8,-18,0,7,-6,-48,41
-7,12,23,-5,-6,0,22,-5
5,4,5,-16,-7,-4,-2,-23
-3,-5,-20,15,6,-1,-14,-1
7,67,46,7,0,-2,4,-23
-1,-5,25,-14,-2,-1,22,23
-18,0,-9,6,-4,-1,-19,-17
12,8,-20,4,6,3,-7,-16
-3,43,24,11,-1,-4,-17,-34
-23,-22,20,-24,-11,-3,21,24
4,13,-23,-10,6,1,-4,11
7,3,33,18,1,4,-2,-4
13,-5,-21,-5,-6,-11,-23,39
-7,27,67,19,3,3,-8,12
6,-3,-72,-13,-7,-1,14,5
5,26,11,-13,-3,1,6,11
2,-48,44,22,5,4,16,-7
-2,8,-67,-4,6,-2,-10,-14
4,-16,15,8,4,4,-5,14
-13,-53,-24,-12,-2,-5,-20,-15
8,70,27,5,0,2,15,4
-9,-35,-60,-16,0,-1,-28,-40
3,25,62,10,-2,-4,-5,-18
9,20,11,5,1,-2,17,37
4,-9,-33,-30,-16,-4,-1,-21
-18,16,36,29,7,-2,18,-4
-5,-5,-6,-13,1,0,-6,-20
11,-17,16,2,-8,-3,10,43
-13,-33,-44,-6,4,0,-20,-1
9,14,18,-5,-7,-2,26,25
5,-31,6,-7,3,3,23,36
-3,22,11,15,-3,-11,-25,-19
-15,-43,-48,-5,0,4,21,1
9,5,-29,-8,-7,-3,-8,7
-3,37,-2,2,8,-1,-9,-3
-4,-18,-19,-4,-1,1,1,-20
-13,20,46,13,0,1,-4,-29
6,-22,-34,-11,-4,3,22,54
8,15,30,-5,-5,-8,-37,2
-11,9,-59,7,-2,0,16,19
4,2,10,6,0,-1,-10,-19
-13,-22,-36,-3,4,3,9,-42
-10,-29,22,-2,3,0,-1,15
-3,10,-57,-21,-1,0,-11,-21
-1,-47,3,-5,-5,-3,11,31
10,4,-26,-5,4,1,-10,-8
-16,-5,23,19,-6,-2,7,-4
-15,-2,-14,-9,1,0,4,-19
1,-5,57,10,-2,-2,-4,-14
-7,28,33,-5,-7,-1,30,-20
6,28,10,4,-1,1,5,14
-19,-5,29,-1,1,2,-20,-43
-8,25,-22,-3,-1,-2,12,-34
-7,-43,35,6,-1,2,5,-18
-8,30,-16,-3,2,-5,-16,3
16,-18,-2,2,-5,0,11,8
10,16,-40,-7,0,0,2,1
2,11,21,3,2,-2,-36,-18
-7,-38,-30,-6,-6,1,31,-57
15,12,44,8,3,-4,-18,41
-13,-22,-21,-13,-12,-6,-8,-18
10,-20,-19,-3,-1,-2,7,22
10,6,-8,13,4,2,-19,-6
1,17,-10,-14,-6,-3,4,-2
-6,-27,25,7,10,3,-1,19
11,13,38,10,-1,-3,-7,-22
-15,-14,-51,6,-3,-5,6,10
-1,30,13,-9,7,2,19,11
14,-13,14,-22,-11,-1,-12,7
-25,-17,-19,-2,-1,-5,-32,-48
-9,5,-2,-2,0,-2,8,10
-6,-31,-1,3,-4,-4,-8,-8
0,-6,-40,0,2,1,-4,-1
10,26,-4,6,-2,1,2,27
-1,7,-13,-17,-7,1,20,-36
-16,-42,1,2,-3,-7,-26,0
7,10,-6,8,6,4,19,-11
-9,-28,-11,-14,-4,-2,-8,-1
4,3,40,16,7,1,9,8
0,-12,-48,-14,-6,-3,-4,-14
-3,9,12,8,-2,-3,2,-6
13,4,-3,-9,-4,-1,-7,10
1,2,-13,-5,-4,0,-2,16
3,5,24,-6,1,0,8,10
12,-20,53,30,10,1,-35,-18
-11,-7,-15,-8,-4,5,23,33
-8,-38,5,-11,-10,-9,-17,7
-6,1,-29,3,5,3,11,18
3,46,3,5,-2,-5,-41,-5
1,-35,34,11,12,2,2,3
-10,20,-13,-9,-5,-1,-1,1
29,35,34,2,0,0,-6,1
-36,-3,-24,-10,-7,-3,6,12
12,7,-39,-2,-2,1,2,12
4,24,30,7,8,1,-11,3
-1,-18,9,9,-1,1,7,-41
-23,-4,59,-9,-3,-1,7,14
10,26,-51,-9,-3,-6,-16,-18
11,-1,-16,-2,-6,-2,6,11
11,35,40,-1,-2,0,14,-9
-3,-25,-54,5,7,0,-33,-4
-13,-33,10,-14,-12,-5,12,-16
-4,1,24,-6,2,5,16,5
-9,-14,-29,2,0,-2,-10,4
11,-14,-7,-6,-4,0,16,-5
8,12,39,22,2,-3,0,15
-8,-30,7,4,0,-1,-23,-27
13,-14,-14,1,-5,-1,13,35
-1,61,48,-10,-2,5,26,-11
-22,21,-4,2,5,-2,-8,-17
8,-17,-20,-11,-4,-1,8,18
-8,0,26,-5,-2,0,-16,6
14,-12,-10,7,-5,-6,5,5
4,18,13,5,1,-2,0,4
-11,-17,-26,-5,-6,-4,-17,-30
-3,33,-43,-3,8,5,1,-30
3,-64,-80,-20,-7,-4,33,79
-19,20,53,14,3,-2,-8,-49
6,-24,-15,-4,0,-2,-2,18
-3,-20,-11,-4,-7,-5,-13,-10
5,10,9,5,1,-3,-37,-23
11,6,-4,-10,-3,2,2,30
6,-33,-26,-7,0,0,8,5
2,7,47,40,10,-1,-1,-6
-15,-38,-89,-28,-10,-1,-1,-42
-2,-23,-15,6,2,0,-6,18
7,43,18,-7,-5,-2,-6,-15
-5,-18,-11,-6,-2,-1,-2,5
1,4,16,16,6,0,4,-3
8,1,4,-18,-9,-1,-8,6
-9,-23,-16,5,9,2,3,-16
-2,20,-47,8,1,5,41,27
-2,0,11,0,-5,-2,26,-17
