0,-2,-2,-2,-2,-3,-4,-3
-4,1,-1,-1,1,2,-1,1
-1,-1,0,-1,-1,-2,-2,1
4,-3,-3,0,1,-3,-1,-7
3,-2,-1,0,-3,0,1,14
4,-2,-3,-1,2,-1,-2,1
0,-2,-2,0,0,-4,-1,-20
2,2,2,0,0,3,1,17
2,0,-2,0,-2,-4,-2,-3
6,-3,0,-1,-1,-2,1,-11
2,-1,-3,-2,0,-1,-1,8
6,-1,-1,-2,-2,1,-1,15
-4,-3,0,0,7,1,-1,-41
-4,3,-3,-4,-21,-7,-1,69
5,3,1,1,1,5,-2,-14
-12,-7,-3,-3,-1,-6,-9,-66
-2,3,-2,-2,-2,0,2,32
21,-7,-2,-2,6,0,7,15
0,-1,-3,1,-5,1,-6,2
6,0,1,2,5,0,1,13
-1,2,-1,-1,2,-4,-4,26
-4,-1,-1,-3,-9,0,-3,-32
-5,0,-2,-2,-5,-4,-1,-31
10,-1,-2,-2,-3,1,-3,19
10,-2,0,2,-4,-1,3,-1
-10,-6,2,1,32,2,3,1
23,-1,-2,-6,-21,-9,-5,-22
-32,1,-4,-4,-5,3,1,-37
-9,1,-2,-4,-3,0,-4,17
21,1,-2,2,-2,2,1,-2
-7,-8,-1,3,12,-1,-1,-9
40,3,3,0,5,-1,4,20
-9,-2,2,-1,-9,-1,-3,-39
-48,0,0,1,4,2,-2,-33
-21,-5,0,-2,3,0,3,3
11,0,-3,-1,-5,-2,-1,42
16,-3,-1,0,4,3,3,-28
7,-3,-2,0,-3,-4,-6,-16
-9,0,1,-2,0,-2,-2,4
5,-2,-1,2,-1,2,-1,35
27,2,-1,-7,4,-1,2,-14
-34,1,-1,1,2,1,-11,73
-53,-4,-1,0,-6,1,4,-45
-7,3,1,-3,-3,-4,-7,-37
10,3,-2,-3,-11,-2,1,50
36,-4,-1,-2,8,1,1,-8
42,-1,-2,-4,-17,-3,13,117
-33,2,3,1,-1,-4,-15,-57
-18,-3,-1,-1,-3,-4,-3,5
6,-3,1,1,-10,-4,-6,-102
44,3,-1,1,-7,0,5,68
-8,-3,-4,-4,4,-6,5,-43
-35,-13,-4,4,-1,-2,-6,-50
-13,2,1,2,-3,-1,-4,-49
33,4,-1,-1,9,7,-6,44
-41,-5,-1,0,0,-2,-4,-51
36,-2,2,0,3,-7,-3,-50
-61,-4,0,1,-1,-5,-4,-83
9,13,3,1,14,5,-10,36
-13,-1,-2,-7,-30,-7,7,18
21,4,0,1,7,13,7,111
-26,-7,-2,-4,-8,-3,-5,-84
41,-2,-5,-1,4,4,6,70
-34,-1,1,3,2,-4,-12,-22
-27,0,2,2,4,-4,-1,-62
18,0,-5,-5,-8,-1,6,89
-15,-7,-8,-4,-1,-3,4,65
16,-8,-2,-1,3,3,1,-80
-5,-3,-6,-1,-3,-1,1,55
16,11,1,0,1,-1,7,108
-51,0,0,-1,-4,-2,-4,-39
54,2,-6,-3,1,2,14,127
-38,-4,-3,-3,-5,-3,-8,56
27,2,0,0,0,1,0,59
49,6,0,-3,3,1,11,62
21,-8,-2,-1,1,-2,1,-23
-47,8,-1,-3,-5,-2,-2,45
63,-5,-3,-3,-1,1,-1,-42
-51,-6,5,7,1,-8,-13,-128
70,-8,-6,-2,-1,-5,3,40
17,5,-4,-6,-7,-8,-3,6
-17,19,8,11,8,9,1,-8
-98,-29,-11,3,-8,-15,-18,-126
42,7,5,12,7,7,7,101
-20,-8,-2,8,-3,0,-10,-47
35,16,7,10,2,3,11,107
3,-2,-3,7,-3,-3,-15,-46
-1,-7,-5,-1,2,-1,-3,72
-15,3,1,0,2,5,7,81
-9,-2,-1,-7,-5,2,4,43
-5,-8,2,-6,3,2,-3,-104
39,8,4,-2,5,5,13,49
3,-3,0,-6,0,0,-2,5
-43,-6,-3,-10,-2,-5,4,-53
86,-9,-12,-16,-6,-9,5,89
-73,1,-3,-7,-3,2,6,26
50,-20,-7,-5,-3,-10,-8,-63
22,8,-5,0,1,-3,-5,100
-2,-6,3,-4,-3,8,9,34
-62,-14,-10,5,0,-14,-21,-128
98,29,23,-9,2,14,19,113
-59,-18,-2,-4,-5,-12,-22,-63
6,17,3,-4,5,7,6,95
80,-4,-5,-16,-5,6,9,127
-85,-4,-4,3,1,1,3,31
98,-10,-13,-9,-1,-1,7,36
16,3,4,-1,-1,0,0,104
-23,6,0,-4,-2,4,7,103
-17,-7,1,6,2,-13,-21,-98
-10,-11,-1,-9,-10,-9,7,-49
12,3,-3,5,1,-1,-12,-5
53,-8,4,3,2,3,-4,-41
-30,4,-7,0,-2,5,3,-41
-14,-10,1,-2,3,3,-4,90
-27,41,27,8,7,0,7,6
67,-9,-14,-6,-1,0,3,20
3,8,6,5,0,-3,-4,59
18,3,-16,-7,-7,-1,2,-43
-19,-11,-3,-4,0,2,12,80
-5,4,9,3,0,-2,-8,-4
-33,-45,-17,-6,-3,1,9,-128
13,7,-8,-1,-4,-12,-16,62
-34,-14,5,-2,-7,-17,-9,-106
-85,-10,17,6,-3,-14,-8,-84
48,4,-5,-1,-4,-14,-13,-72
-3,-21,-20,-6,-2,6,7,-48
-21,2,3,3,2,-2,-18,-97
-25,-5,-11,-2,-2,-7,2,-49
28,13,10,-4,-4,-4,8,90
41,-12,3,3,4,-10,-5,-18
-19,13,-4,-2,-8,5,20,41
-5,-4,-9,2,-9,-6,-10,21
24,18,0,-6,-1,17,14,127
-34,-6,-2,4,1,-5,-5,45
-6,-6,-8,-3,-1,6,9,75
-23,-7,-8,-10,-6,-5,-7,57
-42,7,0,6,0,-5,1,-77
-53,20,16,2,6,12,4,72
26,-12,-12,-5,0,-7,-9,50
-14,5,12,6,10,8,-3,-12
-20,-4,-3,-2,-8,-9,-12,-117
-75,2,0,3,-5,-1,-3,-121
30,-12,-6,1,-4,7,5,-29
-12,-4,-4,-3,-6,-9,-3,-40
13,15,7,9,11,12,0,127
-14,-19,-6,-2,-3,-11,-3,-13
-27,49,26,5,3,1,1,22
34,8,-3,-6,4,21,13,45
33,-10,0,0,1,-10,2,-27
21,15,-1,-6,-3,21,13,115
7,-20,0,7,7,-10,-6,-55
14,-1,7,-7,-7,-3,6,77
10,-26,-30,-4,0,-15,-14,73
-24,11,9,8,6,9,0,-85
82,-5,-23,-15,-15,-8,0,73
-34,1,14,9,5,-2,-15,-106
66,6,4,-3,-2,-7,-14,-16
-19,-10,-5,-6,-4,-1,7,-11
-4,-2,1,-3,0,-5,1,63
-63,-3,-23,2,-5,-16,-7,-24
8,8,26,-2,2,8,14,37
54,-3,1,-1,5,6,-7,-28
-8,0,0,1,2,7,-8,41
18,8,-4,-3,0,8,7,51
3,-12,-13,0,1,8,6,37
27,-19,9,9,2,-4,-11,58
-14,11,2,-1,-1,9,4,-111
41,7,2,1,-1,3,1,89
-123,0,2,9,0,-8,-33,-65
41,-14,5,-7,-9,-14,1,127
67,-5,-26,-9,-1,4,11,84
-67,-10,21,8,2,3,-13,-74
60,9,-7,-7,-1,-2,4,-46
-38,17,-3,0,-4,6,8,-35
-41,-22,-9,1,-2,-5,-1,29
56,14,-2,-11,-3,3,8,33
14,-7,7,-2,-5,4,11,-10
-7,17,1,-4,-2,1,-8,-27
43,12,12,6,13,13,5,46
-5,4,-3,2,1,0,3,48
-36,-21,-8,-6,-7,-1,10,32
-16,10,5,3,3,-6,-11,66
18,-12,-5,-5,-1,2,2,-12
-5,10,3,0,1,-11,-8,-56
26,-17,-12,-9,-8,-13,-3,-35
7,-11,-7,-3,-10,-12,6,43
5,2,2,1,0,6,-3,44
-43,-21,-20,-3,-2,1,-9,-82
15,19,6,-5,-9,-8,-9,99
19,-3,-7,-2,2,5,6,63
-17,-5,2,-1,-5,-8,1,-122
-12,5,-6,0,-4,3,3,28
46,2,-5,0,3,11,3,85
-60,-8,11,3,-4,-5,-10,-80
-4,-18,5,5,7,-9,-15,-7
14,30,-6,-4,-1,-8,-13,-29
-11,-13,-10,-5,-5,4,8,26
18,12,26,2,7,0,-2,7
30,-1,-23,-1,-4,3,0,50
-37,1,12,-4,-9,-1,13,-14
-41,-4,-19,-5,-2,3,-3,-2
-64,2,21,8,1,-21,-20,-128
-38,1,5,0,2,3,-3,94
64,-21,-9,0,4,6,10,87
-87,1,-2,5,3,0,3,-121
6,-5,-14,-3,1,10,3,18
-42,-4,0,-4,-8,-18,-11,-113
1,-4,-1,-1,-1,3,5,20
26,3,11,0,-1,5,-2,-6
-5,-4,-11,-2,1,-2,0,42
0,15,11,4,0,-2,7,69
66,-5,-8,-10,-6,7,10,93
-9,-1,6,2,1,0,-1,33
9,8,-9,-1,-1,-4,6,-17
2,25,6,0,-6,-5,-6,-24
8,-13,5,-1,0,-3,-7,14
17,5,4,3,1,-2,8,-13
27,-3,-12,-6,-7,6,11,54
-54,-21,-20,-5,-4,-1,-10,-128
-7,25,32,8,3,-8,-16,-13
15,-6,0,-4,-6,6,0,73
20,-4,0,3,7,-5,-5,-55
-26,-6,6,8,3,-3,-9,-34
-32,-3,-16,-6,-7,-4,5,22
63,-3,0,2,8,7,4,61
39,4,-4,-8,-7,-2,4,67
40,3,5,0,-1,-1,0,53
-25,-6,-3,2,1,3,-3,56
-53,-6,-2,3,2,-9,-10,18
24,6,0,-3,0,4,5,15
-24,-18,-9,-10,-7,0,5,-13
-12,8,9,6,4,-2,-1,-62
30,-1,-3,-2,1,-5,-2,10
13,-19,-26,-11,-5,-5,0,115
-34,5,8,-3,-7,-19,-14,-60
1,-17,-3,-4,-8,-8,4,-47
-20,-15,-26,-6,-5,-6,-3,41
48,32,16,-5,-6,-5,-7,71
48,-11,1,3,4,3,5,94
-42,-9,-11,-3,-2,-3,-1,20
2,7,4,-1,0,1,4,-17
16,-10,-7,-1,-3,7,-5,-60
2,-13,-3,-2,1,4,-5,43
-22,11,11,7,2,-5,-9,-74
-23,-4,0,-2,-5,2,0,-34
4,7,0,3,0,-2,-3,-104
-65,-9,8,6,4,-5,-3,-128
35,-8,-8,-4,2,-1,6,110
23,8,-1,-7,-5,3,12,-18
-8,-2,5,0,-6,-8,-5,-93
-3,-5,-13,-4,-3,-1,3,-18
16,-15,-22,0,4,6,-3,26
-9,43,27,4,-3,-20,-23,44
-2,-14,2,-5,-7,2,8,79
4,7,2,4,4,-6,-9,-44
19,-10,-15,-5,-5,-8,3,-78
-29,6,-1,-2,-2,8,0,30
51,-10,-5,5,7,7,2,14
9,10,4,0,-1,3,-7,33
-11,10,6,-5,-5,-7,2,6
26,-14,0,3,4,0,-5,-65
1,27,8,6,11,8,-1,76
-28,-32,-8,-4,-6,4,6,-29
21,1,-5,-11,-7,1,18,65
13,-3,-2,-3,-7,3,9,51
-88,-17,-4,3,0,-8,-9,-50
29,17,8,3,4,3,-1,91
3,7,-1,0,6,9,-3,24
-15,-42,-35,-8,-10,-14,-16,-83
1,26,40,5,3,1,-3,8
-1,-7,-5,-10,-13,-12,4,4
38,-1,8,3,2,-6,-10,-128
33,6,-4,-2,6,8,25,33
-43,-13,-9,4,-1,6,-3,35
69,12,-11,-12,-7,0,11,102
-2,3,9,1,-1,6,8,85
2,9,0,1,-1,2,-11,-18
12,-23,-3,2,-3,-12,-15,-113
3,24,1,-6,-4,6,4,78
-23,-24,-9,3,7,14,13,-35
11,2,1,7,7,4,-9,-128
-47,-8,8,0,-3,-5,-1,15
26,-2,-11,-7,-3,10,3,18
-49,-9,1,-1,-8,-10,4,-108
14,-5,-10,-8,-4,5,3,127
0,13,-6,-3,-1,2,4,20
-22,-19,0,10,6,-9,-8,-40
37,17,7,-2,-3,-5,-4,68
8,-8,10,-3,-1,-1,7,-21
3,-8,-22,-11,-11,-5,6,-7
32,6,5,0,4,-3,-5,9
-52,-6,-4,5,2,3,-18,17
39,15,5,-8,-6,1,2,69
-70,-1,7,8,4,0,-9,8
-13,-7,-4,3,1,1,1,32
-38,-8,3,1,-1,-7,-9,-41
30,3,5,3,0,-6,-5,-22
38,-1,-18,-7,-4,7,8,48
18,-10,-13,3,4,-1,-1,-30
-31,33,20,1,-3,-23,-17,-59
-24,-22,-5,-4,-9,-14,0,111
79,5,1,0,0,-1,2,-59
67,-2,-7,-8,-4,1,7,61
-8,-2,-3,4,2,-4,-19,73
-25,-2,-5,-5,-7,-17,3,-28
13,-5,-3,0,-1,-4,-5,-63
44,-4,-4,-9,-9,5,7,-40
-44,-24,-2,0,-4,-24,-38,-43
-14,6,14,5,1,3,5,30
4,-5,-8,-2,5,9,8,74
-35,-10,-11,-8,-8,-4,4,22
44,9,5,-1,5,9,11,90
-62,-30,-25,2,0,2,-3,-42
16,29,36,-1,-2,-5,-5,-43
-38,-21,3,2,4,-4,-15,-98
38,17,-13,-8,-7,13,20,59
2,-1,3,2,0,-6,-4,36
6,-6,-13,-8,-4,-1,9,36
-35,8,1,4,2,3,-8,-94
-11,-4,3,0,0,-2,-14,-84
-45,17,6,5,5,2,-8,-66
29,-15,-14,-7,-3,-7,-17,57
-44,0,17,8,-1,-17,-22,-64
-10,-22,-23,-11,-5,-3,9,19
31,20,11,-3,-2,3,11,50
-20,-20,-23,1,4,2,0,-41
-8,37,31,3,2,2,-2,28
33,-16,-7,4,2,-1,-6,10
19,-3,-9,-6,-4,5,6,-23
-70,7,-1,1,-2,-8,-9,57
-47,-22,-14,-6,-7,-22,-13,-78
-40,2,4,-1,1,1,7,-2
51,3,5,-1,0,-6,-5,12
28,-15,-8,-3,-1,3,-3,53
-23,-16,1,6,6,6,3,-47
26,28,13,-3,-2,7,8,-52
-53,-30,-10,1,6,-7,-19,-107
43,20,-4,-7,-9,5,21,8
11,-4,2,4,2,-3,-7,-30
25,-3,-6,-2,-6,3,1,82
4,-8,-11,1,4,0,-13,-16
7,12,6,1,2,-4,-5,70
71,12,8,-4,-3,5,2,106
-59,-13,4,3,0,-5,-9,-93
54,-23,-20,-17,-12,-5,1,106
-7,-2,4,7,5,4,0,-35
-24,18,-1,-1,-1,8,15,81
36,-18,-16,-10,-7,7,8,75
-3,19,20,17,11,-2,-7,1
-83,-21,0,-4,-10,-13,-3,-124
40,15,-13,-9,-5,7,8,121
-41,-23,0,-3,-8,-12,-22,-106
-27,3,2,3,7,7,-4,0
24,-18,-9,-7,-5,-10,3,-6
-71,6,5,12,7,5,5,-68
40,12,-7,-12,-10,-5,5,127
-37,0,8,1,0,5,-6,-102
-9,-12,-11,2,3,-4,-17,-46
16,9,19,-2,-1,-2,2,83
45,16,3,5,7,12,11,-20
-58,-8,-3,-2,-6,-4,5,-25
-16,7,5,1,2,7,-4,8
-41,-22,-19,-6,-4,-6,-5,-85
19,22,13,6,5,7,0,117
4,3,11,1,-4,-7,-4,-68
-19,-9,-8,-2,-3,-3,-4,0
113,2,-10,-7,-1,-7,9,108
-16,3,-3,0,4,3,0,-110
0,-9,-5,1,-1,-3,-5,71
28,10,6,-3,-4,-5,4,28
-54,-12,-2,0,-5,-11,-13,-85
67,-6,-8,-8,-3,1,7,72
0,-8,0,-1,0,-1,-13,48
-56,14,11,10,3,-7,-1,-66
27,4,-3,0,3,6,10,95
25,-8,-3,1,7,6,-5,8
53,9,-3,-8,-12,0,7,12
95,-7,-24,-7,2,7,12,70
-56,10,22,12,4,2,4,-48
-25,5,18,8,5,-4,3,-15
44,-4,-7,-7,-4,8,19,45
36,1,0,-5,-3,5,6,8
-42,-10,-8,-1,-1,1,-4,-13
25,6,-3,1,-1,0,1,91
-2,10,7,1,3,8,11,58
-19,1,4,-2,-2,7,8,53
-23,-17,-8,-2,-5,-7,-11,-57
48,-4,-4,-3,-5,-5,8,37
-14,-5,-2,0,2,-5,-10,-19
3,0,0,-6,-8,0,1,51
30,-8,-10,0,0,-2,0,80
-26,15,0,-1,6,-2,3,21
-1,0,0,-3,-6,9,25,33
22,4,-8,-3,-3,-5,-8,30
4,4,20,7,7,3,-3,-29
-33,-7,-19,-7,-9,-4,0,21
1,-6,6,0,3,-1,1,19
-76,-10,11,8,3,-8,-12,-89
33,-9,-18,-9,-7,1,9,90
34,0,-3,-4,-3,4,0,31
-49,-11,3,6,-2,-16,-21,-111
21,8,-3,-1,-1,4,3,46
31,2,-4,-7,-8,-6,-3,42
-30,-10,6,4,3,-4,-4,-128
64,19,0,-1,3,7,5,89
-29,-8,-3,-1,-4,2,-4,34
-46,-5,-2,0,-1,-3,-10,37
-7,2,1,-1,-2,3,3,32
-24,2,-4,-1,-3,-7,-8,9
79,9,-4,-9,-5,8,16,87
55,6,6,6,2,2,-11,100
-40,-8,-1,4,-4,-2,-6,-29
-24,0,-1,-1,0,-5,-5,-44
39,-1,-6,-4,0,-1,-1,73
-37,-6,-6,-8,-7,-3,2,-52
51,-16,-6,-2,4,6,-9,-22
-52,-6,-3,4,-1,-5,-7,-91
-10,5,8,5,4,-12,-18,24
11,-9,-15,-10,-5,7,9,-18
-45,15,12,1,-5,-9,-7,-5
23,-6,-17,-7,-5,4,16,38
-3,-4,7,4,3,7,-1,-128
21,5,-1,0,1,4,8,-32
-24,1,-5,-1,3,9,9,4
-35,-8,5,2,-1,-6,-17,-57
-22,-4,0,0,3,-3,-6,-11
4,2,0,-5,-7,1,9,-3
17,1,4,5,4,-1,-2,41
44,6,3,1,0,6,3,15
-15,-2,-10,-9,-6,1,0,-14
-58,-7,-1,6,5,-5,-18,-128
25,-13,7,-1,-2,-10,-4,27
-20,8,-1,-3,-3,1,2,50
-45,-13,-1,3,-2,-6,-8,-90
17,-1,-9,-11,-7,2,6,127
-26,4,-2,1,-1,4,3,-33
-24,-6,-16,2,0,-11,-17,-18
17,18,41,2,0,-1,-1,52
12,-2,-5,0,2,7,4,29
-16,-15,-11,-4,-4,-4,-11,-96
16,10,4,-3,0,6,10,79
-23,-7,-9,5,6,4,-3,-26
48,13,3,-2,-2,-5,6,-3
-35,-12,-1,-4,-7,-10,-11,-63
18,-11,-6,-4,-3,-7,-10,-56
-40,-11,-5,-1,-4,-9,-1,37
9,3,3,-6,-2,-2,9,15
-2,2,-3,-5,-6,-13,-5,41
25,7,1,-4,-6,6,8,78
-32,-8,-6,2,1,-5,-3,-27
-21,-5,-4,1,-1,-2,-6,-3
10,-25,-6,2,3,-4,-5,-18
15,23,16,-1,2,-1,2,67
21,-10,-12,-7,-9,-2,5,-19
47,-1,0,6,9,13,1,92
-40,-20,-8,0,-8,-9,-10,3
58,20,5,-2,-3,0,9,49
-3,-32,-13,-10,-6,-7,2,83
-18,-14,-4,-1,-1,-9,-16,-52
-23,7,3,3,2,2,3,-6
-17,-13,1,0,-1,-11,-17,-128
51,9,-5,-4,-4,-2,-3,126
-20,-10,1,2,-1,1,1,-36
17,21,3,-5,-2,3,10,70
-11,-18,-3,0,-5,-9,-13,-1
25,11,1,0,1,1,8,33
13,6,3,-1,-3,-10,-6,-89
37,-19,-22,-5,2,-5,6,73
-17,25,15,5,1,0,13,3
3,4,-3,-1,0,8,11,-6
34,16,7,0,3,-7,-12,127
-57,-4,1,-1,-4,-13,-5,-91
0,-14,-12,-5,1,1,-3,-11
-15,-6,3,1,-4,-11,-17,-44
-2,-2,-5,-4,-6,-2,-9,-46
26,19,14,10,13,6,-7,44
-95,-34,-10,-2,-5,-7,-7,-58
28,3,2,-2,3,1,-1,54
-8,-6,-10,1,-2,-2,-1,75
93,38,8,-2,-3,0,4,127
-13,-10,-3,-2,1,11,7,-13
-8,-1,-6,-4,-2,0,5,-10
8,-12,-8,-8,-6,-8,0,-37
-16,-6,2,0,-3,-5,-5,-97
7,3,4,9,8,-3,2,47
-17,-8,-6,-5,-5,-4,8,-10
-34,20,14,4,3,4,1,-4
64,-7,-7,-6,-4,0,6,-42
96,-9,-23,-3,5,11,10,23
-57,11,28,12,6,-11,-24,-99
2,13,-3,3,1,-4,3,-8
12,-12,-5,-10,-8,-2,4,120
-2,1,-4,-2,-2,8,10,98
-20,-12,-5,4,2,-4,-9,-72
38,-9,2,-1,0,2,6,105
-60,9,-1,2,1,1,-1,-81
6,3,0,-2,-1,-7,-5,46
-1,15,-3,-5,-3,1,3,46
-21,-4,10,2,0,-1,0,-115
-5,-16,-6,0,-1,-2,-3,-48
-23,5,8,0,-1,-7,-10,-22
69,6,-13,-9,0,17,18,82
-88,-25,-10,-2,-9,-15,-15,-95
50,19,7,4,7,16,2,79
-55,-19,-2,-1,-2,-2,-3,5
21,-25,-20,-4,-2,1,4,22
8,35,16,-2,0,7,26,104
-41,-7,-1,-2,-6,1,0,-37
91,-6,0,-3,-1,0,-2,68
-58,4,-6,3,0,1,-10,-119
25,-20,-4,0,3,-1,1,11
-5,-3,2,0,-3,-3,-2,-85
29,14,-2,-3,0,1,-4,53
10,-16,-8,-7,-1,2,-2,84
-5,0,-2,-1,2,6,-5,-116
28,39,11,-2,-2,-2,-2,127
-60,4,1,0,-3,-2,-8,-31
5,-17,0,-6,-3,-6,-8,44
-33,-6,10,13,11,9,-2,-36
-10,-14,-7,0,1,8,2,35
4,-5,4,1,1,2,-2,-35
-3,14,1,-2,-7,-1,1,10
32,-17,-17,-3,1,1,-2,7
10,5,14,-7,-9,-7,3,67
17,-7,4,0,-2,-2,-3,-22
-12,8,8,9,5,3,1,17
-7,8,-3,-3,-5,-10,-12,-32
46,-26,-15,-7,-4,2,6,66
-75,-5,7,6,1,-18,-17,-110
122,30,9,-4,0,19,20,127
-34,-26,-11,0,-4,-10,-19,25
-16,9,-11,-2,-2,-6,-3,20
37,-2,1,-2,0,1,1,28
11,25,10,3,3,6,7,-8
28,-1,-2,-5,-6,-4,12,28
-16,-16,-2,2,3,1,1,-54
34,19,-3,-4,2,10,2,68
-48,-15,1,3,1,-10,-12,-68
-38,-25,-16,-4,-4,-15,-5,-21
7,16,8,-1,1,-5,5,41
12,2,-13,-9,-7,14,8,58
2,-9,4,4,1,-4,-7,-13
35,12,9,1,0,-2,-7,-37
-15,-11,-10,2,5,0,-2,-62
2,-24,-1,-1,-2,-13,-7,-82
-20,-7,-6,-3,-4,-8,-11,-31
8,6,3,-1,-1,-1,-4,30
-12,-6,0,2,1,-9,-12,-56
46,7,-3,-8,-10,-4,-3,6
-51,-12,-3,-2,-3,-10,-7,-18
24,21,10,-1,2,5,8,81
-8,-23,-13,-5,-8,-7,-4,69
12,-1,-2,2,0,-11,2,-45
6,2,0,3,0,4,1,-58
-26,-7,-6,-9,-9,-11,-19,-37
26,-21,-8,-3,-1,-3,-2,25
-1,24,21,1,3,1,3,32
40,-29,-8,-8,-7,-1,0,23
6,22,6,5,3,-3,0,-33
17,-10,-5,-2,-2,1,-1,-105
-33,7,-14,-6,-1,2,-2,19
20,-8,10,6,8,-9,-4,-39
-25,7,-4,-2,1,1,8,127
-20,-13,-4,-4,-5,1,0,6
5,11,-3,0,-4,1,5,36
7,2,-2,-3,-3,-2,-2,49
100,5,2,0,0,6,9,81
-92,1,4,5,-1,-3,-12,-6
33,-13,-5,-3,-2,-5,1,93
-9,-3,-7,-3,2,4,0,54
21,15,5,1,-2,-1,-3,22
7,-6,5,0,-1,-8,-13,-90
-31,-6,-1,-2,0,0,1,68
20,7,-1,1,-2,2,-3,24
-9,-15,-9,-3,0,-3,-3,48
26,0,-21,-6,-2,4,11,-5
17,4,23,3,4,-4,-7,-126
26,12,-1,6,4,1,1,-41
-28,11,-2,-2,-1,5,1,-26
27,5,-3,-5,-1,12,14,127
-27,-12,-2,5,3,-11,-7,-107
-35,11,-2,-5,-7,8,19,127
-34,-6,2,-1,-3,0,-7,-16
7,20,12,3,6,8,6,10
-6,-4,-7,-3,0,2,2,38
-24,1,3,-1,3,-1,-3,-43
-35,-11,-6,-4,-1,-1,3,-57
30,9,2,-2,-3,-2,-2,16
27,10,5,-1,-2,13,-1,-19
-17,-11,-7,0,-1,-12,-4,-52
40,9,8,1,1,5,6,9
3,-4,-4,-3,-4,-5,-11,-19
26,-9,-13,-6,-11,-9,-6,9
-25,-12,-6,2,0,-3,-5,-2
17,-7,14,-1,-3,4,-5,56
53,-8,2,-5,-2,-4,3,45
-35,-5,6,4,-1,-3,-1,-38
8,18,-4,-2,2,-1,3,24
3,-26,-13,-5,-3,-3,-11,20
1,26,7,1,-1,-3,-5,-52
-11,-9,-8,-1,1,3,11,51
-30,-6,3,-2,-5,-3,-9,-9
23,-2,-2,0,2,5,8,22
-14,10,6,3,-1,-7,-15,-34
20,-4,-7,-2,2,0,-6,-4
10,-1,5,2,-2,-11,-7,-112
-17,3,0,-3,-2,1,3,-32
-2,-16,-7,-6,-5,-1,-4,41
-55,-2,-4,-2,-4,-2,4,18
84,-3,-1,-5,-4,1,-2,99
-34,-4,-3,1,-5,-9,-6,-66
-40,-4,-2,5,5,2,3,3
7,-7,4,-3,-1,-7,-2,-37
11,2,-2,5,7,5,-4,60
-25,-3,-1,-5,-10,-2,1,-29
21,-29,-19,-11,-10,-6,7,44
-48,9,3,4,0,-8,-6,-43
26,-11,-7,-6,-2,2,5,110
-3,-8,-4,0,0,-4,1,28
33,-1,-1,-2,0,0,-11,78
-28,8,2,5,5,6,-1,15
22,5,-2,-4,-3,-2,0,30
-12,-1,1,1,0,-2,0,-32
0,3,6,3,1,1,2,-57
43,12,-10,-9,-6,1,4,109
-40,2,9,1,-2,-9,-5,-83
5,-13,6,3,3,2,2,-2
-43,12,13,2,0,0,6,14
-29,-25,-20,0,1,-3,-6,-46
-15,-4,-7,-6,-6,-1,4,-13
32,11,4,4,9,7,-1,111
-5,3,1,1,3,6,13,81
12,-17,10,4,1,-1,-15,-77
-38,-6,-6,-2,-3,-2,-4,7
42,-13,-12,-6,-3,-8,0,77
-25,-7,-5,-3,-9,-10,-6,-80
17,1,2,3,3,2,1,23
-16,11,-5,-1,-2,0,0,-38
38,-4,-7,-6,-5,-4,-2,-12
8,-7,3,2,1,-10,-3,49
-25,10,-3,-5,-5,-1,3,17
-41,-13,5,2,0,-14,-20,-128
-16,3,-4,-3,-2,-1,3,95
26,7,-1,-2,1,4,-1,68
6,-12,3,2,-1,-1,5,-58
12,-4,-9,4,4,7,7,-26
4,13,25,-1,-1,-2,2,-14
14,-4,-10,-2,-1,-4,-17,-55
0,8,3,-1,1,-3,-4,-29
41,-2,2,2,1,5,7,0
-17,-7,-11,0,-7,-14,-4,-112
-37,-3,-2,0,-2,3,7,-114
39,5,-2,-7,-3,0,-1,83
42,-12,-5,-9,-6,2,-2,43
-55,-15,-2,4,3,-2,-10,-31
28,7,6,-1,1,0,-2,-31
-7,28,-1,-1,-3,4,5,41
-9,-10,3,2,1,-4,-3,46
12,5,-9,-5,-2,-4,5,-41
14,-14,-1,-1,-4,0,-1,43
-30,-7,-6,-4,-4,-5,-1,67
-17,7,5,-3,-5,-3,-10,60
-28,10,4,4,9,7,1,14
25,2,-9,-5,-2,2,0,95
-25,7,9,6,4,3,-4,-109
3,-11,-25,-6,-4,2,6,68
-51,23,16,2,4,2,-6,-10
1,3,1,-1,-4,-3,0,59
-10,-16,-3,1,0,-5,-6,-42
-32,19,6,0,1,5,10,49
8,-29,-18,-2,-2,-5,-7,3
-27,14,2,0,-1,1,2,-8
55,-2,-4,-5,-3,5,6,97
4,-7,4,2,-1,-3,-8,-62
-18,18,3,-1,-4,-4,-8,-64
11,0,4,1,2,1,13,51
28,-7,-10,-6,-6,-3,5,-35
-28,-2,-3,-1,-1,-3,4,33
13,0,-1,-5,-6,-4,4,-44
-21,-8,-3,-1,0,-2,-6,-103
13,3,1,2,5,3,-1,29
6,-1,1,-4,-6,-4,-5,-49
10,-11,-19,0,4,4,3,-20
-3,18,26,3,5,-1,-3,52
11,-9,-1,4,2,7,3,51
-38,-5,3,-4,-4,-6,-12,-107
24,-5,-7,-3,-1,1,1,127
-33,3,-6,1,6,4,0,31
27,-7,2,3,2,-6,-9,59
41,7,2,-5,-5,0,4,9
-19,2,0,3,-4,6,-6,-51
-70,-19,1,-1,-5,-5,-1,-85
7,-14,-12,-4,0,-9,-3,-76
19,12,9,2,5,3,13,91
-14,-15,-1,-3,-6,-4,-5,-84
16,2,-2,-1,1,2,-3,30
-19,-4,2,0,-2,-5,0,-3
10,6,-8,0,4,3,1,35
-61,-7,10,1,2,-4,-7,-27
25,-6,-2,-2,-5,0,2,38
-8,7,1,0,-1,5,-2,17
1,-3,2,0,-3,-3,0,2
76,-5,-8,-6,1,5,9,110
-33,-6,-6,3,-1,-6,-8,-85
-18,9,0,-6,-4,-3,9,26
22,2,-1,5,6,1,-3,-52
14,22,11,5,3,3,8,108
29,-10,-7,0,1,-2,-6,-69
1,3,-2,-4,-5,-6,8,19
-6,8,9,0,1,3,7,-49
-10,-3,-10,-4,-2,2,-1,-4
68,12,9,2,0,-4,-5,33
-34,-6,0,-3,-2,0,3,39
-57,-30,-20,-1,-4,-12,-23,-102
43,13,13,0,-2,-1,1,78
7,4,-6,1,0,6,8,59
-10,-2,-2,-1,-1,-2,-6,37
7,0,-2,-6,-5,-1,-4,-47
3,-7,-6,-5,-1,5,3,48
-13,-6,2,4,1,1,-6,-8
17,5,3,4,4,7,-1,77
-49,-14,-5,-5,-10,-6,-4,-21
2,-6,5,7,7,-3,-8,-99
-25,-2,-19,-14,-7,0,19,-7
16,-3,3,3,-2,-8,-13,-14
44,15,9,3,6,5,8,67
-9,3,-4,-7,-4,-3,1,33
-57,-15,5,4,1,-3,-13,-97
39,-4,-31,-2,1,-1,1,20
43,9,36,-3,-3,0,-2,67
-3,-5,-1,-1,-3,4,3,80
-28,2,0,-1,-5,1,-7,-30
-5,5,1,-6,-5,1,6,32
67,-1,-12,1,5,10,5,124
-67,-12,-7,1,0,0,3,-25
4,-1,-4,-7,-3,-3,1,56
-25,-19,-1,-2,-7,-5,-12,-86
-12,-12,-14,-6,-5,1,-1,-63
-29,3,1,-2,-5,-6,-1,-11
17,8,-1,1,2,4,1,73
-15,2,6,-3,-2,3,1,-61
-7,7,0,1,2,1,0,-39
38,-5,-7,-6,-5,-6,-3,-4
16,1,-3,-1,-2,-1,5,56
-52,-5,-1,-6,-6,-7,-8,0
23,-4,5,6,5,0,0,-14
70,-1,-5,-4,-6,-3,3,29
-47,0,-1,-2,-6,-3,2,82
57,-3,-4,0,6,2,3,23
-37,3,0,-2,-4,-4,-3,-18
-41,-2,-1,3,2,-3,-12,-8
10,2,5,0,2,0,5,-23
67,-2,-4,-4,-2,5,6,83
-20,-14,-7,-3,-5,-6,-7,9
-31,1,-1,0,1,-1,2,-82
22,2,0,-3,0,-3,-1,-92
1,0,4,6,2,2,3,12
-22,13,-6,-3,-5,0,2,5
15,-27,2,2,4,-2,-6,-34
34,-2,-3,-2,2,2,-4,1
-39,1,5,0,-3,-2,-3,-79
-13,-5,-1,2,2,-5,-8,-46
-10,7,-5,-1,0,2,-4,16
20,-5,-1,-3,-7,-7,4,56
22,10,7,3,3,8,-2,32
-7,3,0,-1,0,-2,9,120
-45,-10,-4,0,3,5,-5,-73
12,-8,12,0,0,-8,-1,-13
16,0,-6,-3,-3,-6,-2,-5
-7,-21,-9,-6,-4,-4,-4,11
33,21,4,-1,1,-1,1,36
9,-16,-6,-2,-5,-7,-12,-36
-4,-7,-6,-6,-5,-9,4,-69
-56,7,8,8,5,7,3,48
-1,-22,-10,-5,-5,-8,8,43
-60,16,-2,3,6,-6,-14,-97
39,-18,5,-3,-3,-5,10,73
19,3,1,3,5,0,-4,-21
-15,13,-5,-2,1,5,0,71
33,3,-3,-4,-7,-2,-5,38
-26,3,1,3,-1,-2,-12,-35
26,-1,-3,-4,-4,-3,1,13
5,-20,-16,-1,1,3,-1,-84
-47,20,20,4,6,1,-6,-31
65,6,-3,-3,0,-1,2,78
-61,-10,-15,-2,-9,-14,-15,-70
86,14,7,3,2,8,4,100
-10,-8,-5,-3,-2,-5,6,79
-21,14,8,-1,-1,8,6,51
-26,-7,-7,-9,-9,-14,-3,-24
-10,-9,-3,-2,-4,-7,-7,-5
51,11,-2,3,5,9,1,6
-14,-5,0,-4,-3,-2,5,36
32,-3,-2,-1,-1,-2,-1,90
-38,5,3,0,-1,-2,-7,-23
1,-11,-5,-2,-4,-3,8,-21
-25,4,-10,-4,0,-2,-5,-40
33,3,4,-1,-2,-3,0,16
-19,2,3,0,-1,-3,0,-5
-34,-14,-9,-2,4,2,3,17
-28,4,3,3,1,2,-1,-52
-29,6,1,3,2,9,0,-27
22,20,4,-5,-3,1,5,41
7,-12,-5,1,-1,4,-5,-77
-7,-2,-1,0,0,-5,-3,-83
-26,-20,-10,-2,2,2,-6,-31
-31,2,-2,-6,-5,-9,-4,15
-20,13,-2,2,-3,-4,-6,-66
-3,-4,1,4,2,2,1,10
-7,-9,-4,-2,-1,0,0,-9
18,-12,-1,-6,-9,-3,2,65
-3,0,-4,-3,-1,2,-1,40
-11,7,-2,0,0,1,-3,51
33,7,4,0,0,7,13,40
-30,-18,-8,-2,-2,0,-11,-28
-20,15,2,2,0,-1,1,13
4,-14,-3,-2,-1,-11,1,-67
88,3,2,-6,-6,-5,-4,17
-61,6,-5,4,4,-1,-3,69
-1,-6,-8,-7,-8,-3,-2,45
-2,-29,-25,-4,-2,-2,-13,-69
2,39,29,6,4,-7,1,64
12,13,-4,1,4,7,9,28
31,-13,-2,0,2,6,-3,88
-5,5,-5,-5,-5,-5,0,6
-22,-4,3,4,2,0,1,22
-7,-3,5,1,-5,-8,-15,-56
13,-11,-8,0,5,-2,0,5
36,4,17,0,3,0,-4,24
-8,-7,-4,-1,2,4,-1,-55
13,-9,4,0,1,-4,-1,-62
-12,-4,1,1,-6,-8,-14,-99
1,-1,4,6,3,0,-4,38
-2,0,-9,-4,-4,-1,2,84
37,6,-4,-5,-3,2,-6,-15
-4,-21,-6,-6,-3,-5,2,34
-21,3,-18,-1,3,10,18,62
43,29,19,3,3,0,0,40
14,-20,-3,-2,-3,-2,0,-74
-18,9,4,4,4,0,-1,73
52,-7,-2,-5,-5,-6,5,62
-71,-8,-11,0,-1,-2,-7,-68
-21,9,3,2,0,-3,-2,46
15,-8,-7,-5,-7,-2,-2,0
-5,1,6,-1,0,-2,-1,36
8,-6,-3,2,0,-2,-3,-77
-44,-10,-2,-7,-8,-8,0,-51
-19,-5,-8,2,2,1,-1,-43
-13,29,22,0,-3,-2,-3,-28
11,-14,-4,-2,-2,-1,-2,10
39,3,-2,3,3,5,6,16
13,4,-1,-3,0,4,4,1
21,-6,0,-1,-1,1,-1,5
-65,-14,-5,-2,-5,-6,-3,-44
13,3,0,2,0,9,6,86
39,5,21,-1,1,-5,-1,87
2,-4,-3,0,-3,2,9,58
3,-5,-5,-2,-4,1,2,-83
-34,-7,-4,-2,0,-1,-5,-83
55,21,3,3,2,3,3,74
-108,-15,-4,-3,-4,-4,-12,-72
48,-5,-5,-2,0,-1,1,81
42,-15,-7,0,1,0,6,4
-11,27,5,1,-1,0,-7,-107
4,-12,-4,-2,-6,-11,2,-60
23,4,-6,-4,-3,5,6,101
-27,3,0,-3,-6,-3,-4,-33
-31,-11,-2,2,2,-4,-3,-64
8,0,2,-1,-1,-4,-4,-8
-33,-5,-12,-6,-1,-1,-1,27
4,2,6,0,-2,-5,6,-68
31,10,8,4,7,8,5,74
10,5,6,2,-1,-2,-7,-38
34,-2,-11,-6,-3,-1,4,29
-44,0,15,2,6,-2,1,24
9,-16,-22,-8,-9,1,6,24
5,8,0,1,4,1,1,-3
75,1,4,-1,-2,-2,1,1
26,14,-8,-1,3,8,3,59
-52,-1,6,1,-5,-2,-5,-6
11,-7,-17,-7,-5,1,-1,-2
-3,1,3,4,7,7,6,-10
14,8,3,3,2,-2,1,-3
-27,-10,-8,-4,-5,-7,-5,51
51,-1,0,-4,-1,1,-4,14
-73,-1,-1,1,-3,-6,-5,-43
2,6,1,-5,-5,-1,1,73
-9,-20,-15,-3,-3,1,-8,-92
26,1,23,0,-1,-4,1,-8
-4,7,-2,-1,-5,-5,-4,18
-59,-18,-1,0,-2,-6,-4,-29
42,4,-7,-6,-4,-1,-2,4
5,-14,-11,-3,0,5,-2,42
-43,-2,5,4,6,6,-4,40
4,13,8,1,1,-9,-12,-72
-13,-5,-4,-2,-3,0,-1,-5
-9,3,-3,1,-3,-2,-2,6
1,-5,4,-2,-1,-3,-7,-5
41,1,-12,-1,0,5,-4,30
-1,-1,1,-4,-1,-3,0,24
-84,-12,0,4,1,-11,-17,-102
22,12,-4,-3,-1,-3,5,93
21,-19,-3,-3,-3,0,-4,59
-23,-6,1,0,-4,-9,-3,-40
31,11,0,1,3,8,1,23
25,-7,-6,-1,-1,0,0,-25
-39,-3,-11,-3,-4,-6,-6,-50
-32,5,24,0,1,-2,5,19
8,-7,-6,-2,-1,-4,0,25
7,-3,-6,-2,-1,1,5,18
35,10,8,-1,1,-2,-5,21
0,4,-12,-2,-1,4,2,4
-37,-10,0,-1,-1,-7,-9,-17
-31,4,5,2,3,3,-5,-15
44,-5,-5,-4,1,7,8,83
29,-10,-4,2,3,-3,-4,44
14,13,-3,-3,-4,2,5,17
17,3,-3,-2,-1,3,7,77
-38,6,7,3,3,1,-9,2
31,-1,-1,0,-2,1,0,43
-10,-3,-5,0,-2,2,6,30
-11,-15,-1,-1,-5,-12,-13,-108
-25,17,5,-2,-5,0,5,98
-8,-13,-4,-3,-3,-6,-9,-94
9,-3,-2,2,1,0,0,44
4,-8,-22,-10,-4,6,10,47
-64,-6,6,2,-1,-11,-7,-117
44,44,19,0,-1,4,8,97
-28,2,-8,1,-2,-2,-6,-67
-10,2,-4,1,-1,0,4,69
37,-8,5,-1,0,1,-7,-22
-34,-5,-16,-3,-2,6,13,20
15,2,-7,-8,-2,2,6,66
1,-3,13,1,-4,-5,-15,-92
-4,-10,-13,-2,-3,5,2,104
28,-6,-6,0,0,-2,0,62
-11,11,23,3,0,-2,-4,-4
25,17,10,-1,-3,-1,0,-48
41,-21,-8,-5,-1,0,2,19
-31,17,3,6,8,6,1,-8
30,-22,-19,-4,0,-2,1,-49
-25,11,13,4,0,-5,-7,-25
5,5,8,-3,-2,-3,-1,-95
29,-23,-1,-2,-2,-8,-2,-41
-8,10,17,2,2,-1,4,5
5,-14,-20,-2,2,2,-9,-6
-6,3,-18,-3,-4,2,4,31
-38,-22,-26,1,-3,-7,-13,-113
15,1,9,1,2,0,2,18
31,3,14,0,1,-9,-5,17
-6,9,3,-5,-11,-8,-9,41
6,-9,7,-4,-2,-4,0,30
-18,-1,-19,-2,-2,0,-3,20
3,-12,-4,0,3,-2,-3,-37
-23,1,-5,-1,0,-2,5,57
-15,15,0,-4,-1,1,1,52
-49,-31,-7,2,-3,-7,-15,-79
20,8,1,-3,-2,5,3,92
-79,-5,-3,3,-2,-4,0,-50
19,21,11,1,2,6,4,10
18,16,-3,-3,-2,-2,5,-2
-6,-6,4,0,0,2,2,-88
2,-7,-4,2,5,4,-7,23
-69,-18,-5,-5,-11,-15,-6,-115
-7,-9,-20,-4,-5,-1,-12,49
2,25,17,1,0,-1,-9,12
77,9,1,2,6,6,0,54
1,-16,4,-1,1,0,2,-37
-1,19,3,1,-2,2,12,110
-45,-18,-14,-5,-7,0,1,-19
58,7,17,1,1,1,3,21
-7,1,-8,0,2,-2,-2,50
1,-17,-2,-4,-3,-4,9,-9
0,-7,-11,-7,-6,2,1,60
-9,13,16,2,-2,-6,0,-25
5,-18,-20,-2,2,4,-1,27
6,20,18,-1,0,-1,4,17
-28,-15,-9,-1,-3,-2,-8,-58
29,-18,-30,0,-1,2,0,-17
4,16,17,3,3,4,-1,73
-43,-2,16,1,2,-1,3,-79
24,30,1,-1,3,5,8,38
-10,-40,6,-2,2,-5,-7,-68
-17,6,-39,-5,-7,-4,-2,-68
48,-5,-5,-1,0,8,1,104
-21,-12,-16,-2,-5,-4,-4,29
-22,12,20,1,0,-2,6,7
34,-4,15,1,0,3,4,67
-3,8,6,0,-2,2,-10,9
4,-22,-6,-2,0,-8,3,25
-36,10,-10,2,0,2,-6,17
19,-9,-15,-1,0,-9,-12,-10
-22,1,1,-3,-5,-5,-3,32
-4,7,-1,0,-2,-5,-3,-63
