-5,-2,1,1,-2,1,-3,7
7,-5,1,0,-1,-2,0,-9
14,-2,0,1,1,-1,-2,2
-2,1,-2,-3,1,1,2,7
-5,-2,-3,-1,-3,-6,-1,1
16,-1,3,1,1,-3,-3,-3
-1,-1,2,-1,-3,-3,-5,-5
6,-5,-5,-3,-4,1,-4,4
10,1,3,-1,-2,2,-4,0
1,6,7,3,1,1,2,8
-7,4,-3,3,1,1,0,4
-2,-2,-3,-12,-8,0,-1,4
1,-1,8,7,3,3,-5,-3
-9,3,6,1,-1,0,3,-13
-7,4,5,5,3,0,-2,-2
2,-5,-6,5,3,-3,0,8
-14,-5,-4,-8,-4,-2,-1,-16
-2,-3,0,-4,-4,-1,-1,0
-23,-3,-1,2,1,3,1,-6
-7,4,4,-2,1,-5,-1,-7
-4,-2,-2,0,-3,-1,2,5
-3,-2,-3,0,-2,1,0,-2
5,-4,-2,-5,0,0,3,-6
9,1,1,2,-1,0,-3,-3
-10,4,-5,-2,-1,1,3,7
2,4,0,4,-3,-3,-7,-4
1,-6,-4,-2,-4,-2,-2,4
5,-16,-13,-1,-2,-6,-3,-3
3,-2,-4,-7,-7,-4,-2,-3
-2,-4,-9,-18,1,1,-6,-14
-6,0,-8,-23,-2,4,1,0
0,4,-2,-3,-5,-1,6,1
6,1,6,5,5,0,-4,3
12,4,4,3,2,4,5,43
2,-11,0,6,-4,-8,-6,-47
-2,-10,-17,-16,-6,2,-1,14
2,1,-3,-7,-6,-6,-4,-1
2,0,3,5,4,3,3,24
6,1,1,0,-1,1,-4,-16
-9,-7,10,-2,-1,-7,-2,4
-2,-7,-12,-5,-7,-3,-6,-2
7,11,0,0,3,2,-3,2
10,-2,-9,-3,-6,-5,3,21
-3,1,7,6,4,3,-1,-29
-1,-9,-5,-5,-4,-5,0,2
6,18,18,9,3,0,2,-4
0,-19,-13,-17,-5,-4,2,3
3,10,8,5,3,-2,-5,-2
3,-11,-14,-9,-9,-7,-3,-3
6,1,2,2,3,0,-1,-6
-9,-19,-13,-1,-8,-1,-1,3
1,9,-8,-4,-2,2,-3,2
2,13,2,1,4,4,-2,-5
0,3,4,-2,-6,-1,-2,-3
4,-5,4,0,2,1,-1,6
5,2,5,5,4,0,-3,-7
7,-2,-7,-7,-7,-4,1,-4
-3,-8,-8,-5,-2,2,3,-2
6,6,7,6,0,-8,-8,2
1,-7,-5,-1,-2,-2,1,0
-4,7,7,6,4,3,-1,-3
-3,-2,0,-7,-3,-6,-4,-2
2,-5,-3,-2,2,-1,3,4
2,6,-1,-4,-2,-1,2,2
3,-6,3,-2,1,-1,-1,-1
0,-22,-21,6,-4,-6,0,-7
-3,14,9,-21,-2,3,-1,1
6,-9,-10,-10,-9,-6,0,-3
5,9,2,1,2,2,2,3
-1,-10,5,4,1,-4,-4,-6
-2,17,3,13,7,1,3,3
-10,-11,-9,1,-9,-11,-4,-4
0,18,5,-22,-3,7,-1,-2
5,-5,1,7,0,-2,-1,-1
12,2,7,9,4,-1,-5,0
1,-10,5,0,2,1,0,2
-1,-22,-3,17,4,1,-1,1
1,5,-5,-14,-6,-7,-4,-4
-4,0,2,-1,1,2,1,0
2,6,1,6,0,2,-4,-3
0,-2,1,5,-1,-7,-2,0
-3,-1,-1,-10,4,8,-2,-2
-1,0,-17,1,-12,-11,0,-1
-8,-2,2,-17,-2,3,4,1
-13,-8,-5,3,1,-2,2,-3
-4,6,15,19,8,0,1,1
-5,-1,-11,20,-2,-4,-6,-5
-2,14,-10,-63,-16,0,2,-2
-4,-7,-5,0,-4,-8,0,-4
-2,12,9,13,3,0,0,0
-9,-11,3,8,4,2,1,0
-4,-4,-4,-1,1,6,3,5
-3,-2,0,3,3,1,-4,-4
-6,-2,-6,-12,-6,-5,-2,-6
1,6,8,3,4,3,0,-1
-4,-5,3,18,6,-1,-3,-2
1,2,-8,-11,-7,-3,-4,1
-1,6,8,4,-5,0,2,-1
10,-22,-13,-4,-3,-7,0,0
5,7,0,-14,-2,-1,-5,-1
-1,-3,2,6,6,4,-1,-2
-1,-14,-5,-8,-1,1,3,-2
3,7,-11,-12,-8,-5,-6,-3
7,15,11,25,4,1,-1,2
3,-8,-4,-19,-4,-2,0,-3
10,-7,-9,1,3,0,-2,3
0,16,11,-3,-3,-1,-1,1
12,-19,-4,11,6,-5,-4,1
9,20,-3,8,0,-3,-3,1
-3,-9,0,6,-6,1,-4,-3
-14,-20,-13,-32,-9,-2,3,-3
1,9,-8,-7,-6,-1,-6,-2
3,-4,3,5,0,4,2,-5
-5,-12,-10,-10,-2,-3,-2,-4
14,26,18,33,7,-3,-2,2
-13,-18,6,6,-5,-3,2,-7
-6,-12,-21,-2,-9,-4,-1,-3
9,6,2,-33,-2,-5,-5,0
9,-2,-21,-4,-5,-5,0,-4
-8,7,9,-1,6,6,3,-4
4,-2,-3,19,-1,-7,-2,2
-4,-10,1,-21,0,3,3,4
4,4,5,-9,2,-2,-2,2
-5,3,-8,4,-4,3,-2,1
-12,4,17,19,-1,-11,-6,-12
2,8,2,24,4,3,1,5
7,-7,-8,-23,-6,-8,-3,-4
-3,2,-5,10,5,-2,2,2
5,-10,4,-18,5,6,0,1
-14,11,-5,42,-9,-9,-2,-8
-1,-7,-11,-83,-13,0,0,1
5,-5,0,-6,-7,-2,1,-1
-5,10,6,-17,3,4,2,4
14,-4,-5,12,7,-8,-5,-2
-12,-7,12,50,6,5,7,-4
-6,-3,-18,5,-9,-2,-1,5
2,29,14,-6,2,7,1,-1
1,-26,-17,-25,-13,-5,-3,-2
10,3,15,25,10,1,3,-3
-7,-22,-10,-9,3,-4,0,-2
6,0,-17,8,-12,-3,-1,-4
6,11,-2,6,-3,0,4,5
-1,14,15,-9,-2,7,-1,-1
0,-22,-17,-4,-2,-5,-2,1
1,5,22,26,15,4,2,2
2,2,-14,-27,-3,-7,-2,-7
-4,0,1,31,2,7,-5,0
9,-2,-4,-23,12,2,2,2
-11,-23,4,17,-22,-4,1,-2
13,11,-15,-77,-3,-8,-2,1
-16,-19,0,65,12,-2,-1,1
-1,13,-2,-54,-15,7,-3,-3
6,-18,-12,-55,-6,-2,-5,-1
-8,18,10,24,-1,-2,0,-8
-4,-17,24,32,19,7,2,0
22,2,3,44,-5,-12,-6,-2
-8,0,-41,-111,-11,0,1,2
-1,17,19,39,-8,6,-1,4
-4,-18,-12,-4,8,5,0,6
-9,42,2,-16,4,-1,-1,-14
4,-17,31,97,22,-1,-2,0
-28,33,1,-28,-11,15,11,2
35,6,-6,-53,-16,-18,-12,-9
-4,-10,5,39,6,7,1,4
-8,-4,-29,19,-11,-6,-4,-4
8,-24,-10,30,18,5,1,2
-11,4,14,28,-5,-8,-6,-4
13,-10,7,31,-1,3,10,-1
-7,19,13,-7,-1,-9,-5,-5
-7,-41,-4,40,7,1,-3,3
-1,2,-20,-56,-23,-14,-4,11
15,19,31,56,7,2,-1,1
5,11,-1,-26,8,7,2,1
-20,-73,-9,69,4,12,4,-13
48,76,6,-77,-9,-12,-4,18
-20,7,16,20,23,-8,-10,-12
1,-39,-4,54,0,-2,1,2
12,9,-26,-101,-35,-23,-8,-5
5,-20,-42,-41,-8,9,2,-8
-10,-23,6,-17,6,-2,0,2
42,38,36,-36,14,-3,-4,8
-7,3,-16,22,23,10,2,-3
-20,-32,-14,45,-20,-12,1,1
20,-8,15,-24,0,8,0,-1
5,1,-21,46,-3,-6,-1,-6
8,2,23,-10,-3,-1,-1,11
0,24,2,-3,25,14,3,3
-39,-83,-26,2,-32,-17,-13,-16
28,84,0,-3,-9,6,0,9
11,-44,9,62,11,2,-2,4
-24,17,1,25,-3,1,3,-15
3,-7,9,1,26,12,3,15
-3,-44,-36,-37,-25,-7,-6,-12
23,22,23,-35,-4,-13,-4,-5
-1,-118,-25,16,10,9,1,3
8,67,0,-34,-1,1,-3,-1
-15,-20,14,-50,8,5,2,-1
9,32,-13,-64,-17,-5,4,9
9,43,-24,-53,-5,-11,-6,-10
13,2,-17,-22,-4,1,2,6
-12,-22,0,-63,-13,-10,-7,-9
3,-88,-1,18,3,3,1,2
-13,39,42,42,12,7,3,-5
-1,26,-22,52,-2,-7,-3,-2
-3,3,18,107,12,5,10,5
31,76,14,-52,-29,-15,-8,-1
-23,-28,-6,-20,-11,9,2,-7
-5,-51,-26,-7,-24,-11,-6,-3
0,99,59,28,24,17,8,4
24,-104,36,21,36,6,4,10
-17,46,-55,88,-15,-12,-12,0
2,37,-18,-61,-14,-3,-1,-7
-5,-36,12,-14,-1,-1,-5,1
4,16,-20,-58,-18,0,-8,-11
-2,27,48,9,8,0,0,6
4,-64,-11,26,1,-6,7,-2
-17,23,-56,-48,-20,-7,-9,-11
-6,18,42,30,20,0,0,3
27,-9,-12,-26,-7,-4,2,4
-8,11,-6,33,-7,-2,-5,-3
11,-38,10,-12,-5,-11,-2,-4
-11,33,-5,23,-5,4,0,-1
-5,3,31,-28,2,5,3,3
-1,26,51,-39,36,16,5,4
23,-6,-18,84,-5,-1,2,15
-23,61,-33,-21,-6,8,0,-17
5,-123,8,17,-4,-9,-1,2
16,80,6,-40,15,9,-1,6
-12,20,13,-40,13,14,7,-21
-11,-1,-25,80,-17,-24,-12,8
-3,-33,-27,-64,-20,16,8,-4
15,17,19,22,-6,-6,-1,3
-23,-25,3,-15,13,6,-4,1
0,59,26,-27,1,-8,0,-13
-6,-30,-17,7,5,-8,2,0
-14,-14,4,0,-21,-6,-2,-15
-15,-12,-16,3,3,11,4,11
1,19,17,-7,9,5,6,-7
9,-21,-22,29,20,8,-1,2
10,35,-38,-10,-13,-6,-1,-1
-3,4,19,8,-11,-3,1,7
-14,-30,-33,-27,0,-1,-1,-8
-1,55,64,28,-12,-7,-10,-13
3,-119,-19,-50,-6,1,4,0
-4,70,-62,44,0,-1,-2,0
-8,82,62,2,28,21,2,8
-12,37,6,5,-6,-14,3,-15
-7,29,25,-25,-25,-1,3,-5
-6,-82,17,2,-5,-6,-3,7
10,-97,-38,-61,15,1,0,4
-2,122,55,84,2,-13,-9,-9
8,-83,-49,-38,-18,-8,-5,11
5,-3,-6,-6,-1,14,8,-3
6,20,-8,-10,1,11,6,0
30,9,-7,0,10,1,-1,11
-22,-19,4,27,-3,-1,0,-1
22,3,3,1,-6,-15,-9,-1
0,36,-4,-1,-7,-5,-2,-8
1,-15,-19,-31,5,4,5,2
-12,-34,-1,99,1,-4,-6,0
5,-5,-17,-81,-16,-4,1,-10
12,-22,-3,27,-8,-16,-7,0
-22,30,5,-16,21,18,2,3
5,43,17,29,-7,-9,0,-3
28,46,3,12,-2,-14,0,-6
-27,-1,-8,34,-2,6,0,-2
-16,-63,-1,1,18,2,1,-8
0,64,16,28,-5,2,2,7
-10,-30,35,3,-3,5,0,-6
-3,-19,-62,-35,-13,-2,-11,-1
1,10,8,-10,12,4,2,4
-9,-5,14,-2,27,6,0,-3
3,34,45,-1,2,-7,2,2
6,12,-19,47,0,-6,-2,7
-7,-21,-29,-37,-1,-1,3,1
-7,-46,-17,38,-2,2,-1,-12
10,87,-5,-62,-24,-2,-5,1
-13,-87,22,3,24,11,5,4
4,37,-23,18,-38,-6,0,4
4,1,-12,-63,0,-1,-2,-9
-27,-45,-12,49,-16,-12,-5,-11
-2,41,13,-15,0,5,5,-5
7,-47,-11,12,4,2,3,4
-1,31,30,-7,16,-11,-5,-3
-2,-38,-6,10,-2,10,5,13
14,24,-27,-14,-15,-9,2,-1
-4,-13,20,-44,-4,3,-2,0
-22,14,-12,32,-6,-8,-1,-9
-6,-18,-39,48,2,-4,-5,6
-3,18,31,7,-3,1,-4,-1
6,7,8,-12,20,1,2,6
-17,-2,5,42,-10,3,4,-6
31,-21,-33,-61,-24,-9,-3,0
-20,-22,-31,-14,-7,-2,-2,-1
-7,4,23,-29,-9,-2,3,-8
24,49,51,-18,31,5,-2,13
-28,-18,-27,79,5,3,2,-5
5,-15,28,-19,-3,2,2,-4
-12,40,-22,-1,-10,9,2,-6
-5,26,-6,-13,2,-6,0,7
6,-14,15,12,13,-3,-6,-1
3,48,15,-10,-6,-2,0,-6
-18,36,44,13,9,1,0,0
-12,-113,-59,-20,-12,5,-1,1
-10,35,-2,-5,3,-6,-3,-4
-3,1,-3,14,-10,-5,-2,1
-8,8,9,9,-7,-2,-2,-7
0,29,4,-41,-11,4,3,1
-20,-101,20,37,14,2,2,3
-21,5,-3,-16,-9,0,3,-4
11,-9,-30,-8,16,0,-2,10
-7,33,1,22,-30,-9,-1,-11
-24,70,26,-68,3,16,5,-10
-2,-80,2,70,22,-7,-1,17
2,-100,-44,-54,-8,-7,-5,-18
2,1,-63,52,1,0,1,13
-7,25,-13,-36,-6,-1,2,-2
16,47,0,-23,-22,-13,-2,-3
-23,-4,15,7,18,9,5,-10
8,-24,-10,14,-3,1,0,12
8,-43,-30,-7,-9,-15,-7,-8
10,44,8,-47,-1,4,1,-2
-8,8,29,14,4,-4,-5,8
-5,34,15,-10,10,4,-3,-8
11,-37,-4,2,25,2,-7,6
-8,59,23,37,-11,8,-2,-12
-2,-65,1,-36,-31,-10,-2,5
8,-13,-30,-13,-6,-5,-2,-5
1,46,26,12,21,3,-5,5
-5,-32,-44,51,-2,-5,1,5
18,29,-10,-11,-15,-3,-5,-3
-3,-45,19,-47,1,5,-4,-8
11,30,12,-31,6,-1,2,-1
5,-58,-9,60,27,-1,-4,8
11,19,-39,73,-43,-19,-11,-8
5,5,13,-73,-18,-6,-3,-11
-8,8,-22,10,-2,1,0,-2
5,-19,-2,-44,-7,-7,-2,-7
-1,17,-7,-6,15,10,5,3
14,20,36,24,12,0,3,0
8,-16,-12,-9,-15,-1,4,-3
-17,-46,-2,-35,-8,1,3,-4
13,65,40,35,20,8,6,5
-17,-43,-32,74,-1,-4,-2,3
2,34,23,14,13,-1,-5,1
8,-7,-1,17,-25,-10,-3,-6
-2,21,-10,-53,-8,-3,-4,-6
12,-8,-13,-18,10,4,-2,6
-3,-75,26,-21,21,1,0,5
6,98,-8,111,-9,-10,-2,12
2,-32,-21,-62,-19,-13,-9,-25
8,-61,-24,-57,-7,3,6,7
3,16,25,-18,8,2,1,-1
3,-39,-8,-16,9,1,-10,-3
9,-88,-29,-2,-10,-6,1,-3
-3,83,12,36,11,8,-3,9
13,-4,-61,9,-14,4,5,-7
11,-31,49,-7,9,-13,-12,-4
-1,-8,-9,4,16,15,5,10
6,2,-44,25,-28,-25,-11,-13
13,8,4,-31,-24,-6,-3,1
-12,-11,66,-44,18,3,4,-2
8,-2,-38,56,6,-11,1,1
8,45,38,-18,8,8,6,6
-2,12,5,5,-5,-10,-2,-7
-6,16,-19,-57,-29,-8,-5,-8
23,-85,-58,23,-3,-10,-5,14
-17,40,44,-9,9,8,5,-9
24,26,2,51,11,1,2,2
-10,2,-29,-42,19,17,3,3
-8,56,17,49,-25,0,3,-5
-4,28,18,-76,-8,3,2,6
12,-31,-4,3,10,-9,-8,6
-15,40,-8,-1,8,12,8,-1
10,61,22,75,9,-2,-2,7
-10,-38,-29,-57,-12,8,7,-3
-5,74,51,-29,-13,-1,-2,-12
5,-74,-49,24,1,-2,6,17
-27,59,43,-9,-32,-1,3,-8
-3,-93,1,15,10,-5,6,0
-14,35,5,58,-7,-7,-1,11
14,15,-8,-72,6,14,-5,-11
-20,54,54,-23,10,-3,-1,-8
-21,-107,-51,48,-23,-15,-3,-5
6,58,-2,-30,-13,6,2,-4
-8,-12,0,-24,25,6,4,12
-4,-8,28,-16,-7,-9,-11,-18
3,18,-14,1,10,5,-1,4
-11,-27,-22,-54,6,-3,4,-14
-31,-39,6,61,-12,-11,-4,-5
27,76,12,-78,5,-3,-4,4
-9,-8,-31,103,17,-6,2,17
0,-80,-50,-62,-20,0,-8,-3
11,78,44,-6,-12,4,2,-4
-19,-80,-34,-40,7,-5,0,6
-1,78,27,-7,3,-3,-4,-20
2,-31,-5,24,4,7,4,12
-6,-72,7,10,4,-12,-5,-10
14,31,-82,-19,-1,12,7,9
12,-18,13,43,-14,5,-4,3
-14,-20,2,-45,-13,-2,1,-9
13,31,16,-25,1,2,-7,-6
-15,-73,-25,3,38,20,5,10
16,40,26,-6,-18,-21,-9,-5
-1,48,26,16,-4,-1,-2,-4
-5,-2,-24,-40,-12,1,5,2
-17,-3,7,66,12,8,-3,6
18,10,33,-77,19,-8,-4,-8
-20,-53,21,96,7,1,0,0
8,46,-21,-5,-42,-1,-1,-6
10,-29,-12,-16,-3,1,-4,-2
-5,-15,72,16,29,3,4,6
13,57,4,36,-17,-18,-10,-3
-7,-43,3,15,28,10,5,1
-8,31,4,65,-57,-13,-7,-6
18,-54,-34,-8,4,7,-1,-2
-6,-9,-7,-35,11,7,1,2
28,43,19,52,29,4,3,9
-11,-13,-20,7,-23,-12,-4,-10
7,94,65,-23,-3,5,-9,-8
-2,-128,-45,-16,-6,1,-2,1
-10,-2,25,46,10,-15,-5,-8
7,49,-5,-1,22,15,8,11
12,57,-4,-4,-24,-12,-3,-13
-15,-92,-50,3,-16,-3,0,-5
-4,9,8,-69,-6,2,1,-9
3,24,38,23,16,-4,-6,5
-7,-92,-46,31,-18,-15,-10,7
2,77,20,-24,5,6,-2,-9
-13,-43,1,44,-2,-5,-3,5
-7,-23,65,-57,32,-7,-7,-9
-10,-2,-53,64,-15,2,1,-10
-1,11,9,14,-7,3,-4,12
18,-21,-41,-15,1,8,5,7
-2,56,42,-27,2,-8,3,-13
-6,-72,-46,24,14,7,1,10
14,27,18,-20,16,-1,4,5
-6,19,1,-7,-20,-4,-5,-3
20,19,-7,-45,-6,-10,-7,-1
-5,-39,-7,25,28,3,6,1
20,-59,16,-34,-33,-3,2,-5
14,20,-15,-5,9,-1,-9,11
17,34,6,6,-10,1,14,-6
-7,23,-17,-12,-6,8,1,-6
-5,17,5,-44,12,-6,1,-9
9,-8,3,-18,-28,-10,-5,-1
7,-56,1,-3,17,5,2,1
-7,56,-2,-29,-16,-2,-6,-2
11,17,26,1,21,6,4,8
-21,-106,-29,44,-10,-14,-7,-23
-10,32,-39,-6,-11,12,2,7
-5,-9,0,-38,9,7,2,3
-8,68,24,36,-6,1,4,-2
-5,9,-21,-28,30,0,2,2
-5,-100,-16,58,-32,-8,-2,-7
-13,-10,-21,-73,-25,2,-6,2
-17,-1,-3,6,5,6,4,-3
-21,109,42,-18,6,10,6,-6
-10,-76,13,29,14,-10,-3,14
-9,16,47,-3,11,0,0,0
-7,-4,-25,-11,-30,-1,3,-11
6,20,-39,-14,-25,-5,-6,7
-5,-29,2,-45,9,9,-4,2
-12,8,36,-7,-8,-12,6,-19
-16,-78,-20,22,-4,4,0,13
22,-14,12,-12,-2,2,1,-6
-4,23,-1,-20,-11,3,-6,0
9,68,40,-16,16,-5,2,-6
-29,-25,-8,15,20,3,-1,0
6,16,-26,19,-23,-3,7,-3
-3,-11,-17,-8,-1,1,-4,-2
2,7,27,-25,15,4,1,6
3,34,-5,82,7,-1,-7,0
-10,-16,-9,-18,-28,-9,-9,-9
3,25,29,-46,4,1,0,-1
-6,0,5,26,25,7,3,8
14,45,-10,22,-40,-39,-24,-13
19,-27,34,12,2,-4,-1,9
-10,-41,-21,17,2,-1,-4,-11
2,-35,-48,4,2,7,-1,4
18,49,-11,-50,-5,6,1,3
-19,-27,-5,5,9,-6,-2,-10
1,3,-6,14,-5,-5,-7,-5
20,19,21,-14,6,-4,-5,4
-8,-10,21,-15,38,17,7,-1
-13,-100,-28,20,-22,-27,-18,-11
1,32,-8,26,3,11,-1,8
7,11,-15,-42,-12,3,3,-5
-15,27,9,-7,-8,-15,-4,-12
-1,24,57,-9,34,11,0,14
7,-29,-60,25,-12,-21,3,-11
-4,-37,-43,13,-24,1,-8,8
-2,-5,22,-13,6,6,3,4
29,31,-8,65,7,-1,3,3
10,6,-59,-46,-14,-20,-12,-12
-24,-6,27,32,-1,1,0,-7
51,7,-34,27,-10,-27,-8,1
-11,89,11,-39,-23,7,7,-6
-3,-25,59,17,45,11,3,17
-4,-51,-55,11,-28,-17,-2,-13
4,9,-28,-4,-13,-6,-10,-5
-1,15,-21,8,13,6,-2,6
9,-7,23,2,-12,-2,-2,-2
9,4,18,-77,-2,-4,2,-8
-27,-37,36,-27,30,5,7,9
11,-1,-53,58,-22,-5,-4,-5
0,2,3,-38,-10,5,2,8
2,23,26,-8,19,0,-1,-3
1,-43,-36,17,-11,-4,-2,-9
-1,-36,1,55,11,-7,-2,3
-4,63,0,40,14,6,-3,-2
11,15,22,29,-4,3,7,11
-2,-73,-17,-25,-3,-1,-9,-5
-19,23,31,-67,9,24,9,7
6,43,-4,50,-2,-7,-2,-4
-11,-35,-36,49,-19,-3,-1,3
8,0,1,-18,28,6,-2,-2
-18,-62,-23,-13,11,5,0,1
13,47,35,65,-14,-3,-1,-1
-7,24,-14,-47,-7,0,-7,-1
-10,22,19,26,6,6,7,8
8,-12,11,-34,-8,-9,2,-8
-1,-23,-10,-2,3,-2,-1,11
-6,-11,-6,-12,-45,-26,-5,-23
5,-5,-12,37,13,8,-2,5
10,80,13,-11,7,-3,0,-9
-27,-65,-18,5,-1,3,5,1
12,44,19,-23,14,-11,-6,-3
-1,3,-25,42,-29,-2,0,-2
0,-9,-12,-17,1,6,1,11
-2,-5,-2,-55,-1,3,1,-8
-12,-22,6,8,28,6,-1,9
24,102,15,5,5,-6,0,-3
-9,-32,-3,25,-18,-10,-5,-1
-10,7,-10,-53,-14,-6,-5,-12
-1,37,7,22,19,19,1,9
-21,-47,8,-17,-6,-7,1,5
1,-13,-1,36,1,-10,-4,-5
-6,-2,-18,-13,-25,-6,-2,-9
-6,9,-20,-35,2,14,2,3
0,-8,24,14,-4,-12,-5,-7
-10,1,0,-51,12,-1,-6,-11
16,-10,14,93,5,-2,4,5
22,-6,-25,-28,-23,-5,-2,7
-8,20,-3,-1,-9,-9,-1,-9
-4,9,9,-20,-7,4,1,2
7,-28,-4,-21,14,-5,-3,14
15,6,4,14,14,0,2,-18
1,-5,-2,10,3,16,-6,6
1,4,14,-33,-11,0,3,-8
8,11,18,19,-6,-2,-3,1
-23,-22,-11,20,-7,6,2,-6
7,8,-1,-39,10,-10,1,0
-10,38,-14,82,-4,2,-2,-4
16,-70,1,-38,-7,-1,0,1
3,-9,11,44,-1,-25,-13,-7
3,13,9,-4,7,9,2,-4
1,-42,12,-54,-1,3,-3,-7
-16,35,-6,37,3,16,4,7
1,25,9,-40,-1,14,2,5
26,-44,-12,-7,-5,-17,-4,3
6,-7,-4,-28,6,-1,-2,-5
-7,24,23,-10,-9,2,0,-11
13,-20,-1,12,-6,-17,-8,18
-17,-11,7,-27,-6,4,-5,-12
10,-25,-8,-10,5,-5,4,0
-7,38,7,29,-12,-5,-6,-9
18,-58,1,29,2,-6,-3,2
-20,-15,-4,-54,-8,7,-3,-1
-14,21,1,82,29,4,2,15
-10,18,-15,31,5,-4,1,-1
10,-1,-5,-59,-16,1,-3,-1
14,6,19,-2,21,7,8,4
-6,-33,-34,14,-39,-11,-1,-1
18,3,12,-67,-13,-5,-2,-2
-8,-20,26,15,36,-1,0,-2
21,52,-21,-3,3,2,-2,7
7,15,6,-27,0,-5,-6,6
1,27,-22,-23,-16,-9,-2,-11
1,-58,10,16,-9,0,-4,6
-10,10,-6,35,10,2,-2,-4
-1,7,14,-17,1,-1,1,-9
24,28,12,26,16,2,-6,16
-11,29,7,19,-9,-3,2,-12
-2,-20,-21,-17,10,5,-4,9
18,24,10,73,19,1,7,8
-2,-86,6,-79,-1,0,-3,-2
-5,39,-64,63,-23,-21,-11,-7
8,-97,-1,31,-31,-8,5,-6
10,50,5,-83,-1,4,9,-1
-4,6,6,17,42,3,2,-1
2,14,11,52,-14,9,4,5
-9,38,-6,-31,-16,-8,5,-4
-3,-54,-38,56,13,8,-3,3
-6,-58,16,-38,0,-5,-6,-11
19,10,17,5,13,-12,-5,8
4,-3,0,17,-3,-3,0,-2
-3,17,-9,-17,-18,1,-4,-4
5,4,-13,-47,-23,1,-2,-5
8,27,2,13,11,-3,8,6
3,-9,-16,-58,-20,-9,-3,-2
-7,-14,18,24,1,-9,-6,-12
1,5,8,-6,-2,8,6,-1
-3,-62,3,-61,-7,0,2,-2
3,-5,-8,54,2,-4,-2,-1
-8,21,-13,-5,4,-1,-1,1
24,42,15,8,0,3,4,1
-25,-6,11,34,5,13,5,-1
1,13,-12,5,-5,-6,4,1
-2,-4,12,-49,-28,-1,-7,-3
11,-19,-5,-16,7,3,-2,3
-3,2,-14,-3,5,-5,2,6
-3,29,27,32,6,3,-3,-3
-6,-22,-3,-36,8,10,1,-3
3,2,-31,99,-6,-9,1,1
4,19,1,-108,-30,-2,1,-10
-9,2,47,-20,34,16,2,8
21,63,13,35,36,2,6,14
-13,-101,-82,61,-52,-6,-3,-2
13,29,19,-22,14,15,0,-4
-11,39,-13,-48,-16,1,-1,-1
-9,-90,39,41,24,3,1,2
16,110,25,11,6,-4,4,11
-9,-15,-39,5,-13,-10,-5,-9
6,-50,-40,-9,4,-2,-2,1
-2,-11,12,-10,1,1,-8,-1
-10,71,37,-13,26,8,6,-3
0,-81,30,53,13,-12,-5,0
2,68,-42,76,-34,-11,-4,-11
-5,8,-24,-37,-21,4,-5,0
2,-40,23,-41,9,-2,-3,2
14,5,3,8,13,6,5,-5
3,-26,24,10,13,10,0,1
14,27,-12,45,-14,-9,-2,-4
-18,-80,-22,-34,-3,-3,-1,-3
8,35,-8,25,5,-17,-11,-5
-1,9,14,17,-16,-6,-2,-2
-5,-63,-23,-25,-13,-4,-2,-1
17,9,-7,21,5,-6,-3,1
0,10,-48,-42,-24,-1,-4,-6
-25,-36,17,30,1,-3,-3,-6
24,76,-3,74,-23,-10,-2,5
-5,-40,4,-22,15,-4,-9,-9
-6,-34,29,22,18,4,1,7
27,33,-10,-20,13,7,8,8
0,10,12,-20,9,9,-2,-8
-11,-7,1,-7,-36,-15,-6,-5
8,17,-28,-21,14,7,1,5
-7,30,60,-43,8,1,1,2
15,-19,-44,68,10,5,-3,5
-16,11,-4,-16,-20,-1,-3,-15
6,13,-3,-6,4,5,3,13
9,28,15,-27,-4,-16,-9,-14
3,20,-4,-28,5,-10,1,7
3,-44,-42,72,-12,3,1,1
-5,17,23,-10,-10,-2,-1,-15
-15,-70,-36,13,10,13,7,1
5,46,19,-29,-14,-8,-3,-9
4,-14,10,-14,24,1,4,1
20,72,-2,56,-2,6,3,-1
-11,14,22,-16,-12,-3,3,-4
4,-87,-28,-13,-16,-19,-9,3
3,39,13,69,14,1,-5,1
7,-21,-43,-85,-20,-2,-3,-1
-12,-11,11,9,10,-2,-2,-3
14,26,20,-40,-17,3,3,-7
0,3,7,-43,25,0,-6,3
-26,-58,20,39,0,3,3,4
22,6,-24,49,-9,-11,-8,-2
-10,-17,19,-66,4,13,3,-1
29,46,-1,13,6,-5,-1,5
-19,-55,19,-24,21,6,3,-10
5,16,15,28,14,6,-3,2
-6,-30,-16,54,-13,-8,-6,-3
-4,5,-16,-75,-10,-2,-2,-2
3,45,-26,27,-14,5,5,0
6,42,19,-41,-8,-6,-1,2
-6,-51,-28,-3,8,-8,3,6
-16,2,11,33,13,7,-3,-5
-1,-5,-1,-22,-1,0,0,7
6,-11,5,-55,9,-1,2,-12
-16,50,26,78,-25,-4,4,-1
28,-18,-10,-49,-30,-11,-5,13
-3,8,-18,11,10,0,1,-5
-21,2,23,2,-3,17,7,5
4,24,-14,-42,16,-7,-4,-2
-34,-7,15,54,-2,-4,5,-4
12,-25,-32,-58,-36,-21,-9,-10
-3,-37,-31,-8,-1,-3,-2,2
12,51,45,29,30,11,-5,4
-12,35,23,-65,-11,7,6,-7
-10,-19,4,62,10,-4,-4,4
-5,4,-20,7,-12,2,1,5
4,-37,-12,-89,-13,-17,-4,-11
-10,15,-5,-9,23,17,0,-1
14,36,4,53,-4,-8,-3,9
11,-44,-11,-3,-12,-13,-7,-6
3,19,2,26,17,14,4,6
-11,13,-3,-28,-7,0,6,-3
-8,-10,4,-25,32,14,-4,1
36,88,19,55,14,-6,-3,9
-33,-108,-88,1,-53,-21,-3,-13
5,49,0,-12,-17,-3,4,2
-5,-27,25,-16,5,2,0,-9
-3,-5,-4,15,2,12,-2,4
8,-15,29,-27,15,6,5,-5
13,-35,-32,40,9,-8,-6,6
-14,-8,13,-39,-17,-1,-1,-5
-1,6,-24,22,-4,-10,-1,-10
4,-2,39,-23,3,-5,-5,-12
-11,-41,-24,44,13,3,-1,2
22,87,8,-37,-6,2,-3,3
-2,-51,-12,31,-4,-5,-1,2
4,3,-36,13,-12,-10,-14,-4
5,6,18,-60,5,2,-9,2
-27,-5,30,49,18,0,16,-15
4,-41,-36,9,-42,-11,-4,8
-13,42,-24,-10,23,11,1,-4
14,47,33,48,1,6,-1,1
-9,-50,-37,20,6,4,1,1
1,90,24,-45,2,2,8,-8
23,-96,-1,117,5,-9,-8,12
-20,-3,1,-68,-20,-6,-6,-17
24,47,-7,1,-4,-7,1,13
-11,-19,5,-17,-12,-1,-4,-12
-10,-8,7,40,14,6,0,7
3,1,-14,6,-7,-10,3,-1
-4,-5,14,-25,-2,-7,-5,-2
-16,-10,26,38,7,3,-2,-11
30,35,-24,-95,-15,-2,3,6
-18,-51,-17,-7,-14,-4,4,-6
20,-37,-25,-6,-22,-6,2,1
26,68,18,-58,25,7,-3,7
1,-7,-17,-10,11,-1,-3,-2
0,69,19,57,-11,-9,8,-7
14,-9,-45,20,-2,3,-4,9
17,-23,-8,-42,0,5,-1,0
-17,30,17,-20,-5,3,8,-3
7,-59,7,4,8,-13,-10,0
-14,0,31,19,6,14,2,-6
16,-46,-3,15,-7,-19,-15,2
5,62,5,-27,11,-3,4,2
2,-1,2,36,-10,8,0,-3
-6,3,13,-39,-24,-3,3,-5
-16,-39,-9,19,1,-10,4,-3
4,77,41,-3,-2,13,-3,1
6,-63,-31,-3,25,-7,1,5
4,51,10,54,-2,-3,-7,2
-2,-58,-17,-2,-16,-13,-2,0
-1,23,7,-3,2,-2,-2,-7
-8,-2,-11,30,2,15,4,5
-12,6,9,-36,-7,-4,0,-4
8,-3,-7,-8,2,-4,1,6
17,23,22,18,15,-7,-2,1
7,8,-16,-3,-23,-3,-16,-18
6,-7,-24,-87,-8,4,-3,0
-21,-36,-12,75,-7,-5,4,4
-7,13,35,-25,12,5,1,-3
15,2,29,-26,29,2,2,5
0,-11,-24,86,-10,-14,-6,0
-15,-32,-5,-18,-5,0,-2,-10
-13,-19,-4,9,-2,14,5,7
5,-17,4,-54,8,-13,-4,1
-10,30,16,63,4,13,1,-6
-4,-15,-28,-45,-7,4,-5,5
-15,-18,-17,2,-14,-6,-5,-7
7,15,8,-22,11,3,-1,-8
-5,-37,35,6,28,-4,-2,13
-10,69,40,-24,14,7,9,-4
-7,-25,-66,56,-41,-4,-1,-5
-24,-15,2,-81,0,7,5,8
7,-3,23,18,11,3,3,-4
-12,-16,-28,-40,-12,-1,0,1
12,27,22,-37,13,-3,-2,-7
-3,24,8,72,2,-3,-2,-7
8,34,23,-1,3,2,4,4
10,-28,-22,-7,1,-3,-6,-1
12,-9,36,63,15,-4,0,-4
-12,-84,-59,-57,-65,-8,-5,-10
9,51,13,-39,13,8,-7,-5
24,34,6,-10,1,2,-5,0
-4,-78,-17,-4,13,-2,2,7
8,90,-8,16,-3,-14,0,-5
-12,-1,13,40,-31,-4,5,-5
9,9,4,-46,5,1,-2,1
-15,38,-23,31,10,4,3,6
-11,-72,7,47,10,-5,-5,1
-2,-35,-42,-65,-25,-17,-8,-12
25,82,20,-3,-4,10,7,-4
-10,-19,-9,-39,-22,-13,-10,1
-6,16,4,31,3,8,3,0
15,-7,-17,-18,26,12,1,5
-13,-9,6,-18,2,-9,-1,-7
12,-42,-9,-13,-7,2,-4,3
0,-11,6,-1,21,-1,-4,7
-17,-62,1,20,-30,-14,-7,-10
23,31,-11,10,-9,-4,-6,-2
-6,14,21,7,-3,9,1,-5
-5,8,-1,-31,11,0,3,11
2,-6,14,0,15,-2,-1,-4
-19,-14,-43,84,-13,4,4,0
-1,-69,-18,-28,-23,-17,-8,-5
1,40,21,-3,2,17,6,-1
-5,17,-10,-16,1,-3,0,5
-21,-6,16,30,20,5,1,-2
9,-16,2,14,-7,2,0,1
-16,-3,-13,-29,8,2,3,0
4,-9,-11,32,-17,-10,-4,2
8,16,24,-27,-12,-1,0,-6
-8,-47,-11,58,6,1,4,1
-5,1,-17,-19,-27,2,-1,-3
6,23,-22,-39,14,0,0,2
7,-76,19,16,36,7,0,10
-4,28,6,13,-23,-14,-7,-16
7,50,24,-11,2,2,-4,2
-12,-30,-22,-3,5,1,-1,2
10,9,-15,-21,3,-5,0,0
6,4,34,36,31,18,6,10
-16,-37,-34,-14,-7,-22,-10,-16
12,35,21,18,-32,-7,-2,1
2,-21,-21,-34,-8,-2,1,3
0,56,25,-54,4,4,4,1
-12,-35,11,67,8,-4,0,-2
10,24,-18,-9,-3,4,7,8
-3,-35,25,-2,-11,-9,-10,-21
-28,0,-39,35,-3,-1,-2,-6
2,22,-25,-15,9,11,6,7
-14,-32,12,38,10,-7,-2,-7
8,36,18,-2,-5,4,2,10
4,11,10,24,10,-9,-5,-5
-17,-10,-13,-17,-16,3,-1,1
-17,-25,18,-29,-18,-2,4,-13
-16,7,-27,29,-12,-12,-3,1
7,24,7,-61,26,16,1,0
-7,-5,13,6,-11,-8,-1,3
-17,17,-4,6,-9,-3,1,-11
-5,-9,0,-28,2,8,1,2
-10,22,28,-20,0,-4,1,5
-8,-40,3,39,11,-10,-3,-11
-1,35,11,-33,-11,7,0,-2
-13,39,-23,27,-11,3,-5,4
-8,-34,-17,-28,-11,-5,1,-1
17,-3,8,14,15,2,-5,4
8,2,-6,41,22,0,2,0
-1,-14,-15,6,-5,1,0,2
-3,19,0,-27,-6,-3,-1,-2
-7,28,43,-20,13,13,3,-1
34,-66,-55,35,17,-10,-2,9
-26,23,5,39,-13,0,3,-10
1,8,-7,-36,-7,6,-3,0
3,-31,-6,-41,-16,-1,1,0
-4,-12,18,-51,12,-8,-1,-3
18,10,-4,24,16,-7,-6,-1
-10,0,-7,-2,-6,9,1,-10
5,49,2,4,-15,2,2,1
3,-29,-11,-9,19,2,-5,9
-7,7,-6,18,-4,3,5,-3
-8,-25,-7,2,-5,-3,0,5
1,38,-12,11,-11,4,1,-1
15,-28,21,-43,0,5,-1,14
-1,13,24,1,14,-6,-3,-10
3,-48,-13,-35,-5,-2,-2,0
-2,20,19,62,-5,6,4,-7
-6,-1,-34,-62,-26,-4,-8,-1
21,-19,7,-29,33,5,0,15
-6,32,20,64,-21,-8,3,-6
4,-27,-15,-73,-6,-5,-5,4
2,24,-2,68,17,8,-3,-1
14,-34,5,-35,-4,-6,-4,-5
5,-28,-7,34,15,-6,-3,-3
15,9,-9,-4,-8,0,8,3
-28,10,-4,-2,-36,-9,1,-2
10,-47,-11,-12,-7,2,-2,-1
22,33,14,-15,20,0,-6,-1
-6,16,43,7,13,1,-2,-4
2,-25,-15,-8,2,-4,-1,3
-2,11,-8,46,-7,-5,2,-13
-1,-19,-24,-53,-30,-4,0,4
-2,3,1,-14,6,-1,-6,-1
5,39,48,10,19,15,3,-6
-6,8,-28,-2,-26,-2,-2,2
1,58,14,-20,6,-8,-9,-3
-12,-43,-8,35,27,-8,-3,9
-1,-80,4,25,-2,-1,-2,-4
-13,6,-34,29,-25,-14,-11,-15
10,35,-13,-20,-1,15,5,6
-5,-17,-4,-4,2,-8,-3,-11
0,73,23,-10,-8,-7,0,-1
-13,-82,10,-8,34,21,5,12
4,54,-2,7,-25,-20,-3,-11
3,-25,-29,9,11,2,0,9
-5,22,14,12,9,4,5,-2
-3,-6,6,-18,-13,-6,-6,-2
-13,-1,23,39,6,4,3,-1
-4,-19,-1,-20,12,-6,-5,-1
-7,66,1,23,-9,6,-2,-4
17,-16,-15,-33,-7,-9,-2,7
-12,-37,-14,-6,-4,-6,-4,-3
-3,-4,0,8,-19,0,1,-5
7,3,-25,14,-3,-7,2,-1
-9,31,20,-2,9,-5,-4,-2
12,-54,18,9,14,3,3,6
-10,88,-9,-7,-27,-2,-8,-13
1,-81,-43,-18,4,-3,-6,7
-6,3,-8,20,7,-3,2,-8
2,1,-18,-2,9,6,-2,6
-5,1,0,2,6,5,4,-4
2,1,7,7,-9,-3,-4,4
-6,-6,6,-7,-19,-3,0,-9
-5,59,25,-1,3,4,6,10
-16,-38,-32,-6,5,-12,-6,0
-19,20,23,-9,15,13,3,-8
-5,-38,0,-3,3,2,4,-1
-9,4,8,10,-1,-4,-2,3
-9,8,-25,-28,-17,1,1,-2
-9,-18,0,32,-3,-6,1,2
19,42,0,-24,-6,1,-4,5
-20,-50,-8,-25,0,6,4,-10
48,42,33,3,4,-9,1,8
-19,-70,-43,14,-14,-15,-13,-13
-2,46,21,12,10,13,5,5
6,-20,-6,7,-21,-7,-7,0
4,13,16,32,22,6,4,4
17,26,35,-82,10,1,-7,-3
17,41,-28,69,-15,-10,0,2
3,-25,-22,-9,-22,-5,-3,-2
-3,35,42,-23,4,5,6,4
-3,48,6,38,-4,-3,5,-6
-13,-104,-16,-8,4,-3,-3,0
28,48,54,8,32,21,4,5
0,-21,-81,6,-46,-11,-1,-4
-1,18,2,-8,-4,11,6,7
7,9,15,-18,7,3,5,-4
1,-4,-11,-19,0,-9,3,4
-4,-55,21,31,25,3,-3,0
1,32,-11,-4,-30,-6,0,-11
-7,0,-14,-62,-3,1,-6,-4
16,-8,-2,31,18,5,-2,2
-9,-10,-27,-33,-11,-5,1,3
7,-2,-12,-6,-1,-8,-2,1
1,6,60,-6,17,8,6,1
10,-10,-58,13,-16,-20,-10,0
-15,-17,3,-26,-7,3,-3,-8
2,36,10,44,14,6,1,-1
-3,-12,-41,-48,-38,1,-1,3
10,-17,4,-8,16,5,-1,-5
14,-1,16,39,26,7,-1,13
-10,5,-19,-2,-19,-12,-3,-18
7,15,25,-30,27,10,1,10
-5,-45,-22,-1,-25,-6,-1,-6
-2,14,7,-4,6,1,1,3
-1,3,12,-4,22,5,1,1
-8,26,12,28,6,-11,-2,0
-19,-79,-12,69,-12,-6,1,-9
-14,11,5,-45,-25,-2,-7,-20
12,-20,14,1,11,-3,-7,14
8,23,-3,9,-2,-3,-1,-3
-6,48,58,-56,14,5,5,-2
0,-53,-80,19,-27,-27,-10,-14
1,12,11,9,0,3,-1,6
8,-31,-15,56,4,-6,0,-2
2,38,-18,-54,-7,-4,0,-2
-8,-55,30,15,18,2,-1,8
6,35,-7,-28,-26,-7,-7,-17
-5,-3,7,-13,-1,-1,0,8
-14,30,-6,32,9,-4,-5,-7
4,36,-6,-51,-22,12,-1,-9
13,-50,-6,8,23,-2,0,22
-18,22,37,55,12,-3,0,-19
-2,-28,-49,-32,-42,-10,-7,-16
10,14,13,-7,4,8,1,6
-5,-1,25,-36,11,4,7,0
10,-4,-25,40,-4,-3,-4,-2
-8,-7,-9,-33,-16,-8,-7,-3
16,8,15,-10,11,5,7,4
-17,-9,9,-27,1,1,0,-2
-1,8,-16,25,-12,1,-2,0
18,-39,12,-34,-7,-5,0,1
-19,55,2,30,-6,5,3,-1
4,8,8,-13,-4,-3,1,-5
-2,-12,16,-76,22,15,0,8
1,9,-19,43,5,-3,-2,-9
-14,-15,1,-36,-15,-5,3,5
-14,1,43,-19,21,13,3,3
-4,-44,-25,48,-25,-11,-3,1
-7,28,-8,-78,-4,8,2,1
-15,-23,6,27,17,1,3,-3
-14,-5,-16,16,-7,-3,-8,-10
1,12,5,-29,-1,-3,-1,-1
-17,7,7,40,2,4,7,2
-12,-30,-15,27,-18,-7,-6,1
-2,-31,-1,-21,-2,-9,-1,-1
-4,19,5,-6,8,1,3,1
4,5,-2,-3,6,7,4,2
-5,15,-3,44,14,-3,-9,-6
-9,3,-1,-5,-24,8,1,-3
11,-27,-39,5,-10,0,3,1
0,3,4,0,4,9,-3,1
-4,18,24,-26,8,3,1,-6
0,-22,-1,3,-11,-18,-4,4
-8,-12,-15,-2,-8,-12,-3,-13
-5,4,19,15,-4,-5,-1,5
