-5,2,1,1,-2,-1,-1,0
8,-2,-2,-1,-3,-1,4,4
7,-7,0,0,-4,-3,-2,-3
1,-3,0,-1,0,0,4,12
2,0,-2,-3,-3,-6,-7,-9
-2,1,-1,0,1,-3,-1,0
-5,1,-1,0,0,1,-2,-3
9,2,-1,0,-4,-2,4,4
-2,-1,0,-2,-2,-4,2,-6
-5,-2,-2,-3,-1,1,-1,0
2,1,0,-3,0,-4,1,1
1,0,-1,-5,-1,-2,-8,-5
6,0,0,-1,0,-1,3,5
-1,-3,-1,1,2,2,0,-6
5,-6,-4,3,3,-2,-1,-6
-10,-1,0,4,3,0,-1,0
-5,-2,-2,1,1,1,3,-3
-6,-4,-4,1,-6,1,-2,0
1,-3,-1,1,-5,-2,0,-1
-3,-1,-2,-5,-5,0,-1,-2
-11,1,1,-7,-4,0,-3,-3
7,-2,0,-3,-3,-6,-1,-1
-10,1,0,-2,-4,-1,-4,2
10,-4,-2,-2,-5,0,-3,2
-3,-4,-1,-3,-3,-3,3,-3
-7,0,-1,-1,-1,0,-3,2
-1,-3,1,3,-1,-3,-1,-9
-28,0,-3,3,3,0,-1,3
-26,3,-2,1,0,0,-3,-2
-25,-2,-4,-3,-1,-1,-2,-1
10,4,-4,-6,0,0,3,2
12,3,-3,-5,-6,-5,-3,-6
13,-1,-3,-5,-3,1,-3,8
-6,-11,-2,-4,2,-2,0,-14
-6,6,-2,-9,1,3,0,10
10,10,-2,-11,-1,-3,-1,-6
0,-11,-1,5,2,1,-1,-12
41,4,0,0,-2,0,-4,-37
14,21,2,-6,0,-3,-2,-68
-11,9,-2,-5,3,2,1,-58
-52,-4,-2,-4,3,-1,-2,2
-40,7,2,8,7,1,1,27
-35,19,0,7,1,-2,2,18
8,24,-2,10,7,1,-8,15
-5,14,-1,5,2,0,-4,19
1,-27,-3,5,-2,0,-3,63
-9,-67,-4,-2,-5,-1,2,39
-2,-94,1,-3,-7,-1,-1,-4
6,-87,3,-1,0,1,1,-17
-17,-8,-1,-9,-4,-4,3,-25
-9,49,-3,-1,0,1,-5,-18
-38,59,-1,4,5,0,2,23
-4,70,-3,5,-3,-1,-5,-36
17,39,-3,13,-3,-6,-4,2
8,-1,1,25,-2,0,-2,21
11,4,-3,10,-3,2,0,15
25,12,-1,-11,0,-2,0,44
-9,3,-2,-17,6,1,-2,39
17,-20,-1,-12,1,-2,-6,-33
-3,-31,-1,2,-1,-4,-1,-52
20,-19,-3,4,-4,0,6,-21
7,-24,1,5,-6,-3,-2,-66
0,-22,-3,-4,0,-1,-4,52
-20,-6,4,-2,-7,-5,-4,41
-66,-5,-5,-2,-2,1,-5,54
-32,32,2,4,7,3,-3,15
26,30,0,-2,-4,0,1,32
63,19,0,-2,5,1,3,38
34,1,-5,-4,-2,-5,-2,20
28,15,-4,1,0,0,-1,-1
21,-18,-1,-3,-3,-2,-1,-27
4,-19,1,-2,-1,2,-10,-17
7,-38,1,2,2,-2,13,-15
13,-33,2,-5,-9,-6,4,-8
-6,6,-2,2,0,-3,4,-10
-5,3,-7,-6,-5,-5,4,-2
24,13,5,-1,-1,-3,5,0
29,-24,-5,-9,-4,-2,2,-13
-28,-6,2,-3,2,0,-4,-15
4,3,2,-1,-3,0,-1,-13
0,0,-2,3,-5,-4,-7,-31
-5,1,-4,2,0,2,-3,0
-3,-11,1,0,-2,2,-8,2
-11,-2,-3,2,0,1,1,-5
-1,16,-2,-3,-4,-7,-6,-7
-12,7,3,1,3,6,-8,13
6,8,-6,-9,-10,-9,-9,-5
-20,4,-2,-5,2,1,5,2
21,6,-1,-7,-8,-5,-3,-7
10,-4,-2,-7,-5,1,6,-6
-7,-5,-1,2,5,1,-1,-9
14,1,1,-2,0,-1,-3,5
1,2,-1,-3,-3,0,2,8
-3,-9,-6,-4,-2,-2,-2,-4
-3,-2,4,0,-1,0,2,-10
-6,-15,-1,0,5,-2,5,2
-3,-8,-3,-4,0,1,-4,-3
-9,3,1,-4,-4,-2,4,-20
-5,-2,-4,-5,1,4,0,15
-4,5,-1,-1,-2,-6,3,-23
3,5,-4,-2,4,4,11,-1
15,4,-3,-3,-5,-4,5,1
-15,-25,-6,-2,-3,-5,5,-10
-22,-23,-2,0,-4,-1,2,-10
-43,-2,4,1,0,3,-2,-10
9,14,0,1,1,-4,-1,9
13,19,-5,-1,-2,-1,7,-6
24,14,-9,-4,-5,-2,-4,1
-11,17,-2,-2,-4,1,3,1
3,-5,-3,-4,2,0,-4,4
3,13,4,-5,-1,2,1,6
-22,6,2,0,0,0,0,6
-16,3,3,5,5,2,-1,-1
-5,0,-2,-1,-1,2,-5,-1
12,-10,-3,-3,-3,-2,0,3
-10,1,-1,-1,-1,0,-3,-4
-25,3,-1,1,4,3,4,-3
-16,0,0,4,4,-1,-1,0
0,-1,0,-3,-2,-4,-2,0
0,0,2,1,0,-1,0,4
-9,-5,-4,-4,-6,-4,-9,-9
6,0,0,3,4,8,6,20
-20,-1,0,-2,-5,-6,-7,-11
5,-1,-1,-3,3,6,-7,13
35,-14,-7,-3,6,-1,-1,2
-11,-4,2,0,-3,-4,0,-9
3,-3,1,2,3,3,7,9
8,-4,0,0,-2,-2,-6,-2
22,4,-2,-3,-5,2,1,10
4,0,-1,-4,-4,-4,-4,-10
9,-1,-1,1,4,0,-2,0
-17,4,2,0,1,0,4,-8
3,-4,3,0,2,-1,1,0
8,-8,-2,-4,-1,-8,-3,-8
7,-6,-1,-2,-2,-1,-2,-5
24,-6,-5,-3,-4,-1,-3,13
5,4,-3,0,-6,-5,-16,-14
-10,6,5,1,-1,0,2,10
7,-3,1,-2,-6,0,-7,-4
19,-1,-2,-4,-6,-5,-6,-9
-6,-6,-1,0,2,4,5,7
0,-5,-2,1,-1,-9,-3,-8
-7,5,2,3,0,2,0,-2
20,-5,-3,-5,-5,1,3,1
-7,0,-3,1,2,2,-2,1
-8,-2,-1,0,1,-2,-3,-4
-2,0,0,-2,0,2,-1,5
0,-13,0,1,-1,0,-6,7
-20,-7,-2,1,0,2,4,-3
-4,-2,1,-1,-4,-3,0,3
20,-6,-3,-1,3,0,6,1
-7,8,-2,-1,-3,-4,-5,-16
0,2,-2,-3,-4,-2,-1,-7
-5,8,0,0,0,0,2,2
-7,1,-3,-1,-3,-1,5,-7
12,1,-2,1,0,1,0,5
-2,-3,-1,-1,2,1,-1,0
15,1,1,-2,2,-2,0,5
16,-2,2,0,1,-5,-27,-3
-17,-4,-2,0,0,-2,5,3
7,-4,0,0,-4,-4,-2,-3
-3,-3,-3,1,2,-1,0,-1
-5,-2,0,-3,-8,-3,4,1
3,-5,-5,-3,-5,-4,0,-9
3,1,-1,-1,-5,-1,-3,9
-7,-4,1,-1,-1,6,7,-6
-15,-2,1,4,1,0,0,-1
7,-5,-4,-4,-5,-7,-10,-3
19,-3,-2,-2,-2,-3,8,2
7,-8,-8,-5,-5,-3,-9,-9
-3,1,-1,-1,-2,-5,-5,-4
-22,0,2,1,4,28,4,-2
18,-4,0,-1,2,111,-4,6
-6,-1,1,0,0,101,1,2
0,-6,-3,-3,-2,56,7,-1
-8,0,-2,-1,-1,-8,9,0
-14,4,-2,-2,1,-55,3,-8
-12,3,-1,-2,-3,-61,5,-7
-15,-1,0,-2,-3,-69,6,-8
-1,0,0,-1,-1,-49,0,2
-12,-3,-1,-1,-2,-50,0,-2
-4,1,2,-4,0,-37,2,4
-32,-3,-1,1,1,-29,-2,-14
2,-3,-1,-3,0,-17,2,-3
-14,-6,0,-3,-3,-21,-2,0
-11,-4,-1,2,0,-23,1,-2
6,-1,-2,-2,-3,-14,-4,-3
-5,-3,-4,3,5,1,-3,9
0,2,0,-2,-3,1,1,3
1,3,0,-1,-4,1,0,-4
11,0,-3,-1,-2,-6,-5,3
-3,0,-2,-2,-2,-3,-2,0
-1,0,-5,-2,0,4,-2,-5
1,-1,-1,-1,1,3,-3,0
-12,1,1,5,5,2,-3,-5
7,-3,-1,-1,-1,5,2,3
22,-1,-1,-2,-3,3,-4,7
7,0,0,-3,-4,-1,-14,-4
-8,0,-3,0,-2,-2,0,-5
-7,1,-1,-1,-2,-2,-2,-6
4,1,-2,-1,-5,0,3,2
13,3,0,0,0,3,-2,17
20,-6,-4,-4,-2,-1,-3,-13
-2,0,1,0,1,0,-3,1
24,-4,0,-1,0,3,-7,-1
4,-3,-2,-1,-7,-4,3,-7
-16,-1,-2,1,6,0,0,1
8,-8,-2,-5,-1,0,2,-4
2,1,1,0,5,1,-2,5
-1,-2,-2,-2,0,-3,0,-4
-2,3,0,-1,-3,0,5,3
3,1,-3,-4,-3,2,0,2
-4,3,3,0,-3,-2,0,17
-11,0,0,-2,-4,-3,-1,-22
14,-1,0,-2,-1,2,-3,8
13,1,-2,0,0,2,3,-1
-5,-4,-4,-2,-2,4,-2,0
-6,-1,-1,1,-2,2,2,0
8,5,2,-1,-6,1,-1,10
1,-2,-2,0,-4,3,-10,-7
1,1,0,-1,-3,1,-1,2
-4,-1,0,0,-7,-3,0,3
8,-1,-2,-1,-5,-8,-1,-4
-1,1,-3,-1,-1,-4,-1,2
2,-4,-2,-1,2,-2,3,-1
-10,3,-2,0,3,0,0,-4
-1,-4,-3,-2,3,-10,1,-2
-10,0,2,0,-1,-6,-1,-4
-11,1,2,1,3,-9,5,-5
3,-2,1,-1,1,-7,3,2
-5,-3,-3,-3,-3,-3,1,9
-10,4,1,0,-3,2,1,-9
-20,-6,0,1,2,1,-1,-5
-4,1,3,0,1,2,-1,-1
-9,-1,-1,0,2,2,1,2
9,-3,-3,-3,-4,-1,-4,4
1,0,-2,1,0,3,6,-6
3,-1,-4,1,1,2,4,5
0,1,-1,0,-1,4,4,-5
1,-3,-2,1,-3,1,-4,3
7,-1,-3,-2,-5,1,-8,1
-9,-2,-1,-2,-2,3,2,1
-14,-2,-2,-2,5,10,5,-5
-2,-4,-2,-4,-3,-2,1,-1
9,-4,-2,-4,-5,0,4,-6
-15,0,1,0,-1,1,5,-8
1,-1,0,0,-3,0,-1,1
-7,1,-1,-1,1,2,3,2
-16,-3,-3,-1,-1,3,-1,0
14,-3,-3,-3,2,3,-3,3
-35,3,1,-1,-1,-4,1,-8
-13,3,1,0,-1,2,4,-1
-4,5,-2,-1,-5,0,-7,0
-13,0,-1,0,2,3,-4,1
-1,0,-3,-10,-3,-2,-1,0
10,-1,2,-7,0,-2,-2,2
-7,1,3,2,-3,1,-4,2
8,-4,-1,1,-1,0,0,-11
1,-1,-1,1,0,-1,1,-5
2,4,0,2,0,1,1,4
5,-2,-2,-1,-1,1,1,1
13,-6,0,1,0,0,-1,9
3,-45,-3,-2,-1,2,-4,2
-6,-24,0,0,1,-3,-8,-8
18,-19,-1,0,-1,-1,-8,-7
-7,12,-1,0,-2,-5,-6,0
17,25,-3,-4,-4,-2,-4,4
-1,22,-3,-4,-3,-1,0,4
-8,20,-1,-1,0,1,1,-3
-5,10,0,-1,1,3,-4,-1
2,10,-3,-1,-2,-3,5,-6
-4,7,3,-1,-2,1,4,1
4,5,-1,-2,1,-1,-1,-2
-11,3,2,1,-3,-1,3,-3
6,1,-1,-1,0,-2,0,6
-11,0,1,0,2,0,2,0
11,-7,0,0,-2,-7,-6,-9
12,-5,1,-3,-5,-3,-4,4
0,0,-1,-1,-3,-3,-5,-6
14,-7,-4,-4,-5,-3,-5,1
-12,-5,-2,0,3,2,1,1
-5,-8,-3,1,1,2,2,-4
3,1,0,0,-1,0,-1,12
-3,-8,-4,-3,-4,-2,-4,-11
-1,-3,-2,-3,-2,-3,4,-1
0,-6,-2,0,0,0,2,-2
4,-3,2,-2,0,0,-1,-2
3,-5,-4,-2,-1,-1,-4,-5
11,-1,0,0,-1,-3,-4,1
-1,-4,-3,-4,-1,-3,-3,-3
6,0,-1,-1,-1,-4,-6,0
12,-2,1,-1,-3,-4,-1,-2
-23,0,1,-2,1,2,2,-4
5,-2,-4,-4,-2,-3,-4,-4
5,0,-2,0,-1,-3,1,4
1,-4,-4,-4,-4,-2,-3,-2
-3,-2,-2,0,0,3,-2,-1
1,-6,-2,0,-1,0,1,3
-15,-3,-1,-4,-2,-2,-1,-16
0,-1,-2,-1,2,2,-2,5
28,-4,-5,-4,-4,-3,-4,9
-22,3,4,5,4,4,-1,-6
2,-1,1,0,-5,-3,4,-2
3,1,1,0,0,-2,2,-3
-14,-2,-2,0,2,0,4,-1
8,-2,-4,-3,-3,1,4,7
-9,1,-1,-1,0,3,-2,4
-10,0,0,-2,-5,-2,6,-5
-2,0,-2,-3,-4,0,3,-1
-16,-2,0,1,3,-5,4,-2
-7,2,-1,-3,0,2,7,-1
1,-3,-4,-3,0,0,2,0
-24,1,-1,2,-2,0,-2,-9
-13,-3,-3,-3,-3,-2,-3,-4
-5,0,-1,0,-2,2,1,13
-8,-2,0,-2,1,0,0,7
-12,-6,-5,-2,-4,-2,0,-20
-3,-6,-1,-1,-2,-2,1,1
5,-4,-1,0,-4,-2,-2,-5
-1,-3,-1,-1,1,3,-2,3
15,-5,-1,-2,-4,-2,-5,5
3,1,-1,-1,0,-2,-2,6
3,-2,0,2,1,3,5,2
11,0,0,-3,-1,-1,4,-3
6,1,1,0,-2,-4,-3,-2
-11,-2,-1,-1,-1,-4,-7,-3
-11,-1,1,-2,0,-5,-3,-1
5,0,1,1,-4,1,-2,4
1,1,-3,-1,1,0,-1,-1
0,-2,-2,1,2,-2,0,-7
3,-1,-1,-2,-2,0,2,2
9,-1,-1,-1,2,-2,-6,4
-7,0,0,0,3,1,-1,-6
1,-1,-4,0,-2,2,0,11
-9,0,0,-2,0,-3,0,-8
3,-4,-2,-1,2,2,4,-8
4,-2,0,0,1,0,-2,1
-4,1,1,-1,0,1,2,3
2,1,0,-2,-3,0,0,1
-1,-1,0,0,-5,-3,2,1
6,-4,-3,0,-3,-2,0,-3
-9,4,2,-1,-1,-1,-3,-12
3,-1,-2,-4,-2,-1,-2,4
-2,-4,-2,-3,-2,-4,-6,-6
8,-1,-1,-2,-1,-2,1,5
2,-2,-2,0,-1,-2,-2,-5
9,-3,-1,0,0,-3,0,0
7,-3,-4,-1,0,0,-2,-4
2,0,0,1,-1,-2,-4,4
21,0,-5,-2,-1,2,-6,6
-1,1,-1,-2,-1,-2,-2,-17
-1,-2,-1,-2,1,-5,-2,-15
-12,1,1,1,1,0,-2,2
0,-2,-1,-1,-2,-4,0,0
11,-2,0,0,-2,-2,2,8
-6,-2,-1,-2,-2,1,-1,1
-8,-5,-2,0,-1,-3,3,-4
-1,2,1,0,-2,-3,4,-2
-5,-3,-2,-4,-4,-1,-2,-1
2,1,-1,0,-2,-2,5,3
0,0,-1,0,3,-3,-1,-2
-6,-3,-3,-3,-1,1,0,-5
-3,-1,0,-1,-2,4,0,-3
-6,-3,-4,0,-2,-3,-1,-5
5,3,1,-4,-1,1,-3,2
-1,-2,0,-1,0,-1,-3,-2
2,-1,-2,-5,-4,3,2,4
-7,1,0,0,1,-1,2,-3
5,1,-2,2,-3,-3,3,3
5,-1,-4,-1,-2,-2,-1,-1
-14,0,-2,2,-2,1,5,-4
-8,-2,-2,-2,-2,5,7,2
-18,-1,-4,-1,-2,-3,4,-9
-11,-1,-3,-1,-2,-1,2,4
-12,-3,-1,-1,-2,-3,3,-8
-8,-2,0,-1,-1,-2,3,-4
-17,-1,-1,-2,-1,-3,1,-4
-4,-2,-3,-3,0,0,2,3
-9,-1,0,-3,0,-4,-7,-3
16,1,-2,-5,-2,-1,-4,-3
-5,-1,0,0,-1,1,2,0
-12,2,-2,-1,-2,0,0,-5
-5,3,1,-1,1,-2,1,-1
1,-1,1,-3,-3,0,-3,-1
7,-4,-1,-4,0,-1,-5,-4
-9,0,2,0,-3,-4,3,-1
0,0,0,0,0,-1,1,-2
-12,-3,-3,0,-1,3,-5,1
7,-1,0,-1,-2,1,-4,5
-8,3,0,2,1,1,-9,-3
15,1,1,1,-3,-5,-1,10
-1,1,-3,0,-3,-1,-1,-6
3,-2,-2,-3,0,0,0,-2
11,-3,-1,-2,1,-3,-4,1
-3,-3,0,-3,2,2,0,1
8,0,-2,-3,-2,-4,-4,-7
-2,2,-1,0,0,5,2,13
-7,-5,-1,-2,-2,-3,-2,-16
3,-4,0,0,-2,-2,0,-3
-5,3,0,0,-3,-1,1,0
-3,-2,-3,-1,-3,-1,-2,-8
5,-6,1,-1,-2,-3,-1,-1
-12,-2,-2,-5,1,2,1,-12
7,-1,-2,-2,1,-2,-2,7
5,-1,2,-1,-3,-2,0,-6
10,-2,-3,-2,-4,-3,-1,2
6,0,-3,-3,-7,-3,-5,1
-6,1,-2,-2,-1,-3,-2,-1
-1,0,-4,0,-2,-3,0,-15
9,-1,-4,-1,-3,-2,-6,6
4,-5,-2,-1,0,-3,-1,3
7,-3,1,0,1,0,-1,-1
2,-2,0,0,-1,-1,-5,-2
-7,0,0,0,0,-1,3,-7
-12,-1,-1,-1,-1,0,1,-107
1,3,-2,-1,-4,-6,-1,7
-6,0,-2,-3,-1,-2,-4,39
3,0,1,-1,5,3,-2,72
21,-4,2,-1,1,-1,-4,70
9,-2,0,1,1,0,-3,24
1,-5,-3,-2,-2,-2,3,4
11,-2,-1,0,-3,1,1,5
-4,2,0,-2,-4,0,3,9
2,0,-2,-2,-3,-3,1,-15
1,-4,-3,-3,-1,-3,-2,-2
-7,-3,-2,-1,-2,-1,1,-20
-8,-1,-2,-1,-2,-1,3,-5
-1,-1,0,-3,0,0,0,-3
0,0,0,-1,0,0,-1,-23
-3,-4,-1,-4,-1,-2,-4,-13
16,-5,-2,-1,-2,-6,-11,11
2,0,-1,0,-2,0,0,-5
-1,0,-1,0,0,1,3,-4
-6,3,1,0,1,2,2,-4
-16,3,-1,-2,-1,-3,-1,10
-6,-6,-1,-2,2,-1,1,-7
-12,0,-1,4,4,3,5,2
4,2,0,3,1,0,5,-2
-11,-2,-1,-3,-5,-2,4,1
-6,-2,-3,-2,-4,-3,12,2
-15,-1,-4,-2,-2,-1,2,-11
-6,-3,-2,-1,-1,0,7,-3
-8,-3,0,0,1,1,2,-2
-11,-1,2,0,0,1,5,-2
-15,0,1,-1,-1,-2,1,-8
-14,2,-4,-4,-1,2,2,2
-8,5,1,1,1,-1,-2,5
-3,-3,-1,0,-3,-1,-2,1
-5,-1,0,-2,-4,-2,0,-1
-4,1,0,0,-1,-3,-1,-6
-16,1,0,0,1,6,3,3
3,1,1,-2,1,0,-2,1
0,-2,-4,-5,-5,-9,-7,-9
-3,-4,-2,-3,-1,1,-4,-2
25,-1,-3,-2,-3,-2,-7,0
4,-4,-2,-1,1,-2,3,1
14,-2,0,-3,-4,-4,-2,2
-3,11,1,-1,-1,-4,-6,-2
-6,12,1,2,-1,-1,-2,-1
-2,17,1,0,-2,3,-7,-4
9,7,-1,1,2,1,-1,0
-6,2,-1,-2,-3,-3,-2,-7
0,1,0,-1,-1,0,2,3
6,-6,0,-4,-1,-5,-4,2
15,-9,-5,-1,-3,-3,-5,1
-9,-6,-3,0,0,2,-2,-3
5,-9,0,0,-4,-2,5,5
3,-5,-3,0,-4,-6,-6,-5
-8,-4,0,1,-1,-1,2,-2
1,-4,-1,1,0,-1,1,6
2,1,2,3,2,0,2,1
-2,-3,1,1,0,-2,3,-1
-7,-7,-4,-3,-1,1,9,-3
7,-5,0,2,-1,-2,-3,-3
-4,1,0,5,-4,-1,0,-4
2,-2,-2,1,-2,-2,3,3
13,-6,-2,-2,-1,-1,-3,-2
-5,-3,-3,-8,0,-1,-1,-1
-1,3,2,-8,2,-1,-1,-7
6,1,0,-6,-1,1,-1,10
-5,-3,-3,-8,-4,2,4,2
-7,1,-2,-3,-3,-4,1,-10
8,-4,-4,-2,-1,-3,-1,-4
-3,-1,-2,-1,1,3,-2,0
6,-2,3,1,3,4,-2,7
12,-3,1,0,-1,-3,3,2
1,-1,-1,-2,-1,0,-4,-2
4,-1,0,-4,-1,0,4,6
-10,-5,-5,1,-1,-4,-1,-9
5,-2,-3,3,0,4,-1,-2
-7,-1,-1,2,-2,-3,-8,-7
2,-3,1,3,-2,4,2,2
-4,-1,1,0,-2,-5,-2,0
-6,5,1,0,-3,-1,3,-11
10,2,-3,-1,-1,0,2,23
3,-4,-3,0,-1,-2,-6,-4
-3,-4,0,1,-2,1,-3,-1
1,-4,-1,-2,-1,-3,-1,-3
7,-4,-2,-1,1,2,2,0
-4,-1,-2,0,-5,-7,0,-9
0,5,3,0,-2,-4,0,2
-4,-2,-1,1,-2,-1,-7,3
-2,-3,-2,0,0,-2,-3,-3
5,-1,-1,-2,1,-3,-3,1
-10,-1,-4,-1,4,1,0,-8
-4,-3,-3,-3,-4,-2,0,2
0,-3,-5,-3,-4,-2,0,-4
0,0,-1,-3,-6,1,-1,2
-6,-1,-2,-3,0,2,1,0
4,-3,-2,-1,-2,1,0,1
-2,0,0,0,-1,-1,0,-4
-9,4,-2,2,2,0,2,3
-10,0,-2,4,-1,-1,5,-1
0,-2,-1,1,-1,-4,-1,-2
-25,-2,0,3,-1,-3,0,-17
6,-1,-1,-3,1,4,4,29
-23,-2,-3,-3,-2,-5,4,-36
-10,2,2,0,2,4,4,5
-2,-3,-2,-4,-4,-5,-2,-4
-8,2,1,0,3,1,-1,0
9,4,0,-3,1,0,-7,10
-8,-1,-1,-1,1,-3,3,-3
0,2,2,-2,-1,4,-1,-2
-5,-2,-1,-3,-1,-3,-3,-8
0,-3,-3,-2,0,0,1,3
-5,-2,-2,-2,-3,-1,-7,-9
2,-1,1,0,-2,0,1,9
-9,0,-1,-1,-4,-3,-1,-14
7,0,1,0,-2,2,-2,7
-6,-3,1,-2,-1,0,-1,1
-6,4,0,-2,0,-5,-1,4
2,0,-3,-1,-2,-2,0,-9
10,-2,-3,-4,-2,0,-2,3
7,-1,-2,-2,-3,-3,3,6
9,-4,-2,-1,-3,2,-6,3
-1,-2,1,1,0,-1,0,-2
-6,-3,1,-1,0,-4,-4,-1
5,-1,-2,0,3,1,2,-3
-5,0,-3,-3,1,-1,-4,-2
1,2,-4,-1,0,-3,3,-4
12,1,-1,1,-6,-2,2,2
7,-3,-2,-5,-6,-2,-3,1
16,-4,-1,2,1,1,-2,-1
1,-2,-2,-3,1,1,-3,0
-5,-1,0,0,3,-4,-4,1
1,-1,-2,-3,0,-3,-3,1
7,2,-2,-1,-2,-3,1,-3
-6,-4,-2,0,-2,-2,-1,-3
-2,0,-3,-1,-2,-3,-3,5
-1,-3,-31,-2,-3,-3,2,-13
1,-2,-26,-2,-3,0,-1,2
-4,-3,-6,-2,-3,-2,1,-8
-6,-1,6,0,-2,2,3,6
11,0,20,1,1,2,-7,4
-1,2,15,-1,8,0,2,-2
3,-2,5,-2,4,-2,3,1
-10,2,2,-3,1,-4,1,-7
-1,-1,4,0,10,-2,5,5
-3,-2,6,2,6,1,0,-8
13,-6,1,0,1,0,-4,4
-14,-2,-2,0,0,-2,-3,-7
-6,0,-1,-1,-8,-3,-7,0
1,0,2,-2,-12,-3,-2,4
6,0,2,-1,-8,1,2,-1
-3,-3,-1,0,-8,1,2,-3
-1,-3,-1,-2,-7,2,-2,-2
7,-4,2,-1,-5,-3,1,-8
-7,-3,-2,-1,-5,2,0,10
-9,1,-5,1,-2,-2,0,-7
-3,0,-1,2,-2,1,0,2
4,-2,-4,-3,-5,-3,-3,1
3,0,-2,0,0,0,-2,-2
2,-1,1,-2,2,2,2,4
3,-3,2,-1,0,-1,-2,-5
-2,3,-1,-5,-3,-1,-2,-2
2,-3,-5,-2,1,-1,-2,-6
4,-4,-6,-4,-1,2,4,-2
6,0,1,0,-1,-13,-2,3
0,-2,-2,2,3,-28,5,11
-10,0,0,-1,1,-35,2,-5
2,-2,0,-2,-1,-35,-1,-3
-9,1,0,0,0,30,3,2
4,-1,-4,-2,-3,3,-8,1
0,0,-2,1,-3,-17,-6,8
-1,-4,0,1,3,-20,2,-3
-7,-4,-4,-6,-1,-18,-1,-4
-9,0,-1,-3,-3,2,1,-7
-3,2,0,-2,-3,17,4,-6
4,1,-3,0,-3,20,2,6
-4,2,0,3,1,14,2,-2
1,-1,-2,1,2,17,3,-2
7,0,-3,-3,1,10,2,-4
-9,4,-2,-2,-2,8,-1,-2
-2,1,-1,-1,-1,-1,3,0
-13,-1,-2,-2,-1,3,3,-3
-8,3,3,-1,-1,6,3,0
-7,0,-2,1,2,7,-9,-1
3,-1,-2,-1,2,-2,-1,0
-1,-2,0,1,0,3,1,-4
-4,2,1,0,0,1,-2,-3
-8,-4,0,-2,-2,5,2,3
-2,0,0,-1,-4,-1,-4,-7
4,-6,3,1,1,-1,-1,3
-5,-2,-2,-1,0,4,-4,-2
-2,-2,-1,-2,0,6,0,-9
-6,0,0,0,2,-4,3,13
12,-2,-3,-3,-6,-8,-7,3
-10,-1,-2,1,-2,2,-4,-21
-3,-1,0,1,0,1,-4,-2
4,3,-1,1,-3,-5,-4,2
6,2,1,-2,-2,-4,-2,4
1,0,-1,0,-3,-2,-1,-1
33,-2,0,0,-6,-2,-3,1
1,1,1,-2,-1,0,1,-3
13,-5,-3,-2,0,4,3,7
-3,-4,-2,0,1,0,1,-11
-12,-1,-3,0,1,0,1,5
0,-1,-2,-2,-1,-4,-5,-4
1,1,-2,-2,-2,-6,2,-6
8,0,-1,-1,2,-3,-3,-4
7,0,-3,-3,-2,-2,-5,4
6,0,-4,-3,0,-2,4,-1
-13,5,-1,-2,-2,-5,-2,-13
-6,0,1,-3,2,-11,-3,4
7,-4,-1,0,-2,-6,5,4
15,-6,-1,-2,-10,-4,-1,-1
0,-1,3,3,-8,2,-1,0
3,-2,-3,-1,-10,1,0,4
-4,2,-1,-2,-7,0,-2,-11
-9,-2,-1,1,-1,1,4,3
1,-4,-2,-2,0,-1,-1,-7
8,-6,0,-1,0,-2,-2,8
-8,-7,-5,-2,2,-5,0,-6
-7,1,0,0,5,-3,0,-4
2,1,0,0,7,1,-2,-4
3,3,-1,1,3,1,1,4
26,-1,-2,-3,-3,4,2,0
0,-3,0,-3,-3,-2,0,-5
-10,-2,3,1,3,2,-2,-4
1,1,2,0,2,3,0,13
-2,-1,-1,-2,2,2,2,0
-2,-6,-5,-4,-1,-3,-2,-2
6,-2,-4,0,-4,2,-2,7
8,-3,-2,-4,-5,-3,1,2
-14,-2,0,0,-2,2,-1,-3
13,0,1,-2,2,0,-1,5
2,-4,-1,-3,0,3,0,-3
-7,-6,-2,-1,1,-3,-4,-2
4,2,1,1,3,-1,6,4
-9,-2,-2,0,-3,-6,0,-12
9,0,-3,-1,-4,0,2,2
-13,-1,-1,-2,-7,2,1,-10
-24,-2,0,-2,-1,2,2,-1
6,-5,0,1,2,1,5,6
-2,-5,-1,-3,0,-8,-2,-2
8,-4,-3,-3,0,1,4,-1
0,-2,-3,-3,-4,-5,-4,3
-5,-1,0,2,-1,-3,-3,9
-9,3,4,0,0,1,3,-10
-1,-4,2,-4,-2,-4,1,-11
-1,-2,1,0,-1,0,3,-2
0,0,2,-1,-1,-3,2,-3
-3,-1,-1,2,5,0,6,3
-6,0,-3,-1,-3,-2,3,-3
-8,2,-4,-1,-2,-2,-4,-4
-4,-1,-2,-1,-5,2,-2,-3
-18,-1,-2,-1,-2,-1,2,2
-11,-1,-3,0,1,1,5,0
-12,-4,-2,-3,-1,1,1,-3
-10,0,-2,1,0,0,1,-7
5,-3,-6,-5,-4,-4,2,1
-11,5,2,1,5,8,-4,4
-2,0,-2,-1,2,1,-1,0
-4,4,1,-3,-3,0,0,-7
2,0,0,-1,-5,-6,-4,-3
-7,3,-1,2,-3,-1,-3,3
-9,-1,1,0,0,0,-6,-5
5,1,0,-2,-1,-2,-2,4
8,0,0,-1,0,-1,-3,-3
-8,3,-1,-1,-1,0,-4,0
1,1,-4,-1,-4,-4,-2,3
-10,0,-3,-3,-1,1,0,-4
-4,0,-2,-2,1,1,-2,-3
11,-1,-3,-3,-3,-4,-2,-8
1,-1,-1,-2,-1,0,-5,-1
-2,-1,-4,-2,-3,-1,-1,-1
-4,0,-1,1,2,-2,1,1
6,0,0,0,-1,-1,1,3
-7,-2,1,-1,-2,-4,0,-4
4,0,1,-2,-1,-4,0,-2
-3,3,1,0,4,0,-3,2
-1,-6,-3,-4,-1,-4,-7,-1
-9,-1,1,1,-4,-1,1,1
4,-5,-2,1,-1,2,-4,-4
9,-3,-2,-2,-4,-3,0,-1
7,-3,-3,-2,0,3,-1,7
9,1,0,0,0,2,-1,1
-1,0,1,-2,-1,-3,0,-6
9,-1,-1,-2,-2,-2,-3,-6
-11,2,0,-1,-1,-3,2,-1
-1,-2,-3,0,2,1,1,4
0,-5,-5,-3,0,-2,-3,2
-3,-1,0,0,0,8,4,5
2,-4,-3,0,2,1,-1,-4
10,1,3,-2,-2,-2,-3,-2
6,0,0,-1,2,-4,5,6
2,2,2,2,-2,-2,3,3
-8,-3,-2,-3,-4,-9,-7,-9
-2,-3,-2,-2,3,-4,3,-1
13,-5,-1,-1,1,-4,0,-3
-3,0,-2,1,-2,-3,-3,5
-4,0,-4,2,-4,-2,1,-12
14,-1,-3,-2,-2,-7,-5,-5
1,2,1,-2,-2,2,1,5
3,-5,-3,-2,1,-4,2,2
6,1,1,-1,1,-1,-1,3
-18,0,-1,1,-4,-4,4,-7
-1,-4,-1,-1,1,3,-1,1
15,-4,-3,-3,-3,-2,-2,10
9,-3,0,-3,-6,1,-1,5
-12,-2,-1,0,-1,-1,2,-4
11,1,1,0,-3,0,-2,-7
-7,-2,-1,0,-3,-1,-4,4
9,-4,-1,-2,1,2,2,1
11,-2,1,3,-1,4,-4,-2
-9,0,-1,0,-2,0,-1,7
7,-4,-3,-3,-4,-6,-3,-9
-3,1,-1,1,1,-3,-4,1
3,-1,-2,-2,-3,0,-3,3
-7,-4,-3,1,2,0,3,0
-5,-3,-1,-2,-2,-1,-2,-11
-5,-2,-1,0,-1,-2,-2,-1
2,-3,0,-2,-2,-3,4,-7
-6,-4,-3,-2,-4,-3,-4,-10
-5,-1,1,1,2,3,3,3
-9,-2,0,-1,-3,-2,1,-9
6,-3,-6,-2,1,0,5,4
-18,4,3,3,-1,3,5,0
7,-2,-4,-2,-3,0,0,-12
-12,-2,-4,-3,-2,1,4,17
-13,-2,0,-1,2,1,-1,-3
-8,-3,-1,-2,-3,-3,4,-2
-17,2,2,0,1,-1,-1,-6
-2,0,0,-2,-1,-1,3,4
-8,0,0,-2,0,1,1,1
-13,-2,-3,0,-6,-2,0,-2
-12,-1,-1,-1,-4,-1,-2,1
-4,-2,-1,1,0,2,-2,-7
-10,0,-1,0,1,2,0,7
1,-3,-2,-2,0,-4,-4,-3
8,-1,-3,-3,-1,1,1,5
-11,-1,-1,-1,3,-1,-3,-3
-7,0,0,-2,2,0,-5,-5
13,1,1,-3,-1,-2,-6,-2
2,-1,0,-1,1,2,-3,0
10,0,-2,-2,-1,-4,-2,-3
-1,-5,-1,-2,-2,-4,-3,-3
9,2,-1,-2,-1,-3,-2,6
2,-4,-5,-5,-3,-4,-5,1
1,1,1,2,-1,-4,-4,-9
-1,-2,-5,-2,-6,-5,4,3
3,1,-1,1,0,-1,1,-1
-1,-1,-1,-1,-4,-5,-3,-11
3,-1,-1,0,-3,1,5,10
-4,1,-1,-1,3,2,-4,-3
3,-6,-3,-4,-2,0,-1,3
-3,-2,0,-3,0,2,-1,-6
4,-6,-2,-2,-2,-2,-3,-5
2,2,2,0,-6,0,0,-1
11,2,2,-3,-5,-1,-1,1
-2,4,1,0,-1,-2,-6,-5
-1,-2,0,-1,0,2,7,-4
-5,2,0,-2,-2,-1,-5,-2
-4,-8,-5,-1,1,-1,-5,-4
18,-6,-4,1,0,1,3,7
5,1,0,0,-2,-2,-6,1
3,-1,0,0,-1,-2,-6,-2
7,3,-2,0,-3,-1,-2,1
-1,1,1,1,1,-3,2,5
6,-2,-4,-2,-5,-4,-2,-4
1,-2,0,0,1,1,1,7
-3,-3,0,-1,1,-2,-2,-6
15,0,0,0,-3,2,2,10
-2,-1,-3,-2,0,-2,-1,-1
4,-2,0,0,-2,-5,-1,-4
-10,-3,-1,0,1,3,3,-1
0,-1,0,1,-1,-1,1,-2
8,-2,0,1,3,-1,-4,-4
6,-2,-3,-2,-2,-1,4,-2
2,1,1,-2,3,0,-6,-7
-14,-2,-2,-25,-6,-3,3,-1
-1,-1,0,-24,-2,0,-2,1
4,4,0,-30,-1,-4,5,-2
4,1,0,-5,0,-1,6,-2
-6,-1,-3,15,1,-1,-1,-7
-1,-3,-3,21,-2,-3,0,3
1,-4,-2,15,-4,0,-2,1
1,-2,1,4,-1,-3,2,2
-11,0,-2,-2,2,2,4,-2
9,0,-1,-4,-4,-3,-4,-3
0,-3,-4,5,-3,-3,2,0
-4,1,-2,-2,1,-1,1,-4
-13,0,-1,2,1,0,1,1
-6,2,0,4,1,-2,-2,-6
-11,-3,-1,6,0,-1,0,-3
8,-2,-2,5,-3,-1,-1,-2
-9,-1,-1,3,1,-2,-3,-7
-2,-3,-3,0,-2,-1,1,-2
9,0,2,3,-3,0,4,9
-10,-2,-3,1,-6,-5,-3,-1
6,-4,-2,0,-4,-3,1,-6
-7,1,2,1,-3,0,6,5
-5,-5,-3,-1,-2,1,1,-5
-5,1,-2,-2,1,1,8,-1
-15,1,0,1,1,1,1,15
-19,-1,-2,-2,1,-1,3,-3
-22,0,2,0,1,0,4,-1
-16,0,0,-3,-5,3,1,2
-5,-3,-2,-3,-2,1,0,-2
-5,0,-3,-2,-2,0,7,1
-8,-2,-1,-1,0,0,-2,0
4,-4,-2,-4,-2,-1,0,-2
-4,1,0,-2,-1,0,1,-5
-18,2,2,-1,1,2,3,-4
-3,-1,-3,0,1,-1,-5,0
-13,-2,-2,-2,-1,-2,7,-7
6,0,3,3,1,1,-3,16
-4,0,1,0,0,-2,-8,-3
-2,0,-1,-1,0,2,-4,1
2,-3,-1,-1,-1,-4,-6,0
7,-2,-5,-5,-2,-2,-4,-7
-4,-1,-3,-4,0,0,-2,0
9,-2,-2,-3,-2,-5,-7,-3
-5,-1,0,-3,0,2,-3,6
-4,1,-2,-2,-2,-1,0,-3
2,-2,0,0,-1,0,-2,0
4,1,-1,-3,-1,-1,0,-5
6,-1,-3,-1,3,-2,-3,-5
9,-4,-2,-3,3,-1,1,-3
5,-2,-1,-4,-1,-3,2,-1
16,-3,-1,0,0,-2,-4,6
1,1,1,1,0,-2,-2,2
9,3,1,0,-1,-4,3,1
-9,-4,-2,-4,-6,-6,-8,-11
4,1,-2,-1,-3,1,-12,-6
9,3,1,1,-3,5,-1,18
-4,-1,-2,0,-2,-1,1,-21
9,1,-1,2,0,2,3,13
6,-5,0,-2,1,-4,1,-4
-2,2,-1,-2,0,-3,-2,0
-1,0,1,-2,-1,-3,-2,-3
3,0,-1,-2,-2,3,-3,-2
-2,-1,-3,-4,-1,-7,-2,0
-1,-4,0,-2,1,-1,1,-6
-7,1,-1,-3,-2,-4,2,14
14,-2,-3,-3,-3,-3,-2,-3
4,3,1,1,0,0,3,3
-7,-3,0,-1,-2,0,-1,-3
-15,-2,-2,-2,-5,-8,-2,-11
-7,5,2,2,1,4,-2,4
6,2,0,0,-1,0,3,-5
5,-5,-3,-3,-2,0,7,4
-1,-2,0,2,1,0,0,2
-4,-5,-1,-1,-1,-1,0,0
6,1,0,-1,0,3,-4,0
8,-2,-4,-1,-2,-4,-3,-8
-16,0,-1,0,0,2,3,0
0,-2,-3,0,0,0,4,-2
15,-2,0,0,-2,-3,-2,-4
-9,0,1,0,1,0,8,5
-4,-2,-3,-3,0,1,-1,-4
5,-2,-2,0,0,-1,-5,-2
-6,-2,-1,-1,1,-2,5,6
7,-4,-2,-3,-2,-1,-4,-6
-4,0,0,-1,0,1,-1,-1
-3,0,-1,-2,-2,-3,3,0
-4,3,0,-1,-2,1,-1,-3
0,-1,-2,-1,-5,-3,-4,-3
-8,0,-2,-1,-4,-1,-5,-1
0,0,-2,1,-1,-1,1,3
-22,-2,-1,-1,-2,-2,7,-1
-8,-1,-3,-2,-1,0,-5,-7
11,-3,1,-1,1,1,-2,0
-3,0,-2,-2,-2,-2,3,-9
-7,-3,-2,0,-1,-4,4,-6
-4,-2,1,1,-1,1,1,3
0,-4,-1,-3,-3,-1,4,-3
0,-2,-3,-1,2,-2,6,0
-8,1,0,0,4,4,1,-5
-6,4,0,-1,0,1,2,-3
-5,7,1,2,0,-2,1,4
-18,-3,-2,-1,-3,2,4,0
-4,-5,-1,0,-1,0,-2,3
-14,-2,2,-1,0,-1,-6,-1
1,-5,-2,-3,-3,-2,-1,-4
-13,3,0,-3,-1,-1,-4,0
2,-4,-3,0,-3,0,0,4
-14,0,0,2,1,-4,-2,-2
3,-2,-1,-2,-2,1,-6,0
5,-1,0,-1,0,-1,-2,2
-3,-4,-2,-4,-3,-1,-4,-4
-12,2,0,-2,1,-5,1,-3
9,-3,-1,-1,1,0,-8,0
-5,-5,-1,1,-2,1,-3,-4
-10,-3,-1,2,0,1,-2,-3
8,2,0,1,1,1,-1,-2
8,-2,-2,-1,2,0,-4,-3
1,0,-1,1,-1,-5,0,-6
10,2,-3,-3,-7,-2,2,-1
-2,-2,-1,-2,-8,0,4,1
19,2,0,-2,-8,-4,-1,1
15,-3,-1,-2,-2,2,-5,10
-1,0,2,-3,1,0,-2,-5
10,-2,-1,-2,0,-3,-10,-3
9,-4,-2,-2,1,-1,-1,-1
1,-3,-2,-1,1,-3,-2,-7
-1,1,-1,-1,0,1,-5,1
8,-2,-4,-2,-2,0,-6,1
0,-2,1,-1,-3,-2,1,2
-2,-2,0,-1,0,-2,-2,0
-1,-3,-2,-1,2,-5,0,-5
9,-3,-3,-1,-1,0,1,4
4,-4,-4,0,0,-3,-3,-4
1,1,2,1,2,-1,1,-2
2,-1,-1,-1,-1,3,-2,3
-3,-2,1,-2,4,-1,1,-5
1,1,-1,-2,0,-2,4,3
2,0,0,1,-2,-3,-3,-4
2,-4,-3,-3,-4,-5,0,-3
-4,0,-2,-2,-2,1,2,0
-15,-3,-1,-1,0,-3,-6,-8
2,3,-2,-3,0,2,5,0
-10,0,0,-1,0,-1,3,0
4,-1,-5,-2,-2,-1,0,0
-14,-3,-1,1,1,-1,7,-2
-3,0,-2,-1,-3,-2,3,-1
2,3,2,0,1,1,-3,7
3,-3,-3,-3,0,0,1,-1
-17,0,0,3,1,2,1,-4
2,-7,-2,-2,-5,-3,-2,-2
-1,-4,-4,-1,-4,-2,4,-4
-15,-1,-1,-1,0,3,-3,2
2,1,-5,0,-1,2,1,-1
-5,3,1,1,-1,0,-2,0
-3,-1,1,-1,0,-3,0,6
13,0,0,1,-2,-5,-5,-11
-12,0,-2,-1,-4,2,4,0
6,1,1,-1,0,2,0,0
7,0,5,1,-1,1,-3,-2
-15,-4,1,-2,-4,-4,0,-8
-6,-5,2,-3,2,2,4,0
1,-6,3,-1,1,-2,1,4
