(0, 0, 0, 0)
(0.7773552, 0.08797214, 0.0177598726, 0.6226271)
(0.7863403, 0.0852592662, 0.0166954752, 0.6116544)
(0.7781533, 0.09317331, 0.0213725939, 0.620757)
(0.7862451, 0.0845178142, 0.0152637549, 0.6119171)
(0.778039753, 0.0918436348, 0.01915793, 0.621169746)
(0.786514044, 0.08424273, 0.0136058582, 0.6116484)
(0.779332, 0.0944204852, 0.0195327327, 0.6191484)
(0.7889613, 0.08988055, 0.0160677023, 0.607621133)
(0.7816629, 0.0904874951, 0.01386127, 0.616946459)
(0.791184843, 0.0978698358, 0.0196805559, 0.603374362)
(0.784734547, 0.09870059, 0.0170922559, 0.6116845)
(0.79551816, 0.0996935144, 0.0174358469, 0.5974178)
(0.7908838, 0.095084, 0.009700975, 0.6044566)
(0.7874101, 0.09215863, 0.002852668, 0.609494746)
(0.802956045, 0.09812424, 0.00598823652, 0.587875366)
(0.809476733, 0.119542748, 0.019551795, 0.5745211)
(0.826018333, 0.123606831, 0.0212688763, 0.5495114)
(0.8382329, 0.142439172, 0.03144537, 0.5254407)
(0.8422966, 0.16587387, 0.0427114069, 0.5110755)
(0.849045932, 0.155478925, 0.03289093, 0.5038507)
(0.8497231, 0.148583725, 0.0226626471, 0.505351245)
(0.8515151, 0.1715321, 0.03430054, 0.494289637)
(0.853931963, 0.192970186, 0.0461544544, 0.481074333)
(0.8488105, 0.196092367, 0.04246779, 0.489147276)
(0.853807867, 0.1835363, 0.03198777, 0.486110479)
(0.8628686, 0.18408145, 0.0320653245, 0.4696207)
(0.8691639, 0.19325389, 0.0387782231, 0.453545243)
(0.865826368, 0.18623957, 0.03167282, 0.4633103)
(0.8587568, 0.1933607, 0.0312680453, 0.473466754)
(0.860551655, 0.180232376, 0.0208825171, 0.475952864)
(0.8642945, 0.195806861, 0.0297232028, 0.462353975)
(0.8661644, 0.212145612, 0.03988262, 0.450735867)
(0.8606355, 0.208043948, 0.0341906436, 0.463524848)
(0.8550631, 0.205003738, 0.0290781669, 0.4753895)
(0.8633817, 0.20114857, 0.0298417713, 0.461758554)
(0.869290769, 0.2071808, 0.0364695154, 0.447302759)
(0.8624062, 0.205811545, 0.03246602, 0.4613493)
(0.8562666, 0.202805445, 0.027548, 0.4742558)
(0.8628677, 0.206649616, 0.03299723, 0.460072249)
(0.8549437, 0.210472658, 0.0316481665, 0.473044336)
(0.8568736, 0.194309533, 0.02182708, 0.477006435)
(0.8537924, 0.211082, 0.0313286744, 0.474869937)
(0.86161375, 0.206974834, 0.03212187, 0.462332368)
(0.856648, 0.198581174, 0.0241781082, 0.475536644)
(0.859079838, 0.211306438, 0.0339189731, 0.4649525)
(0.8628911, 0.194991916, 0.0252868272, 0.465572417)
(0.8613492, 0.211415291, 0.03533242, 0.4605787)
(0.8595413, 0.197539762, 0.0253988672, 0.470660836)
(0.8541698, 0.213613361, 0.0335751846, 0.472901553)
(0.861750543, 0.206427753, 0.0325333439, 0.462293535)
(0.858514249, 0.223209292, 0.0419098325, 0.4597549)
(0.8592308, 0.2073018, 0.0316205844, 0.466635376)
(0.852843463, 0.202794567, 0.0254437234, 0.4805048)
(0.8588146, 0.208343729, 0.031820897, 0.466923863)
(0.8657008, 0.20766367, 0.03480468, 0.4541219)
(0.8597541, 0.201805145, 0.0280154236, 0.468308359)
(0.8524344, 0.213994518, 0.032552436, 0.475922465)
(0.8600333, 0.209483162, 0.0331627056, 0.4640688)
(0.860086, 0.224404514, 0.043222677, 0.456099242)
(0.859044552, 0.209372684, 0.0328583941, 0.4659677)
(0.8535188, 0.2010136, 0.0249032211, 0.480082363)
(0.8568533, 0.211974084, 0.034232527, 0.468718857)
(0.848994, 0.2142532, 0.0324677937, 0.4819239)
(0.85511297, 0.2178628, 0.0384616256, 0.4688691)
(0.8492343, 0.210885391, 0.0311703086, 0.4830703)
(0.855140567, 0.2150505, 0.0370555148, 0.470228344)
(0.8495798, 0.208794937, 0.02982154, 0.483455837)
(0.8555031, 0.214568332, 0.0364256129, 0.4698384)
(0.853164732, 0.201531, 0.0265122242, 0.48040843)
(0.859690249, 0.203827724, 0.0311623588, 0.467349827)
(0.851931632, 0.206868738, 0.029615147, 0.4801468)
(0.856243, 0.215765923, 0.0378806926, 0.4678225)
(0.8550182, 0.2004996, 0.02733564, 0.4774897)
(0.846160769, 0.208161071, 0.02880547, 0.4897459)
(0.8510338, 0.19288297, 0.0207698122, 0.487961233)
(0.8493489, 0.208939776, 0.0309548266, 0.483727545)
(0.855529666, 0.212919816, 0.0367614254, 0.470513165)
(0.849869, 0.205454692, 0.0290416814, 0.484425217)
(0.856233835, 0.192251936, 0.02300897, 0.4789295)
(0.8509902, 0.207198173, 0.0304208044, 0.481621534)
(0.8586821, 0.201048791, 0.02970504, 0.47049132)
(0.8509568, 0.2034962, 0.02749781, 0.48343125)
(0.8584022, 0.202390417, 0.0299554, 0.470411122)
(0.850821137, 0.20686163, 0.0290500354, 0.482149184)
(0.858518839, 0.2009333, 0.0284306984, 0.4709171)
(0.8507979, 0.203915939, 0.0266490523, 0.483581454)
(0.8451288, 0.218555421, 0.0338863134, 0.486664742)
(0.852510154, 0.207049146, 0.0294012185, 0.4790539)
(0.847322, 0.197829381, 0.0207076371, 0.49242276)
(0.851453543, 0.206783, 0.0285142343, 0.4810974)
(0.8470696, 0.196362853, 0.0192052834, 0.4935036)
(0.8525547, 0.204228714, 0.0266272873, 0.480345845)
(0.854126036, 0.187825918, 0.0158759076, 0.484704167)
(0.853074968, 0.204110026, 0.02580332, 0.479516834)
(0.8558956, 0.187828377, 0.01590871, 0.4815705)
(0.8517394, 0.20412758, 0.0247544274, 0.4819328)
(0.844916046, 0.2171308, 0.030207511, 0.4879125)
(0.8518928, 0.205134362, 0.0247329939, 0.48123467)
(0.8594376, 0.202801153, 0.0262486991, 0.468561351)
(0.852005, 0.204116255, 0.02343194, 0.481533885)
(0.8478577, 0.2204802, 0.03247658, 0.481114328)
(0.853805542, 0.2063105, 0.0258421823, 0.477267444)
(0.8460264, 0.20743762, 0.0233134869, 0.4905766)
(0.85294944, 0.208830953, 0.0278049372, 0.4775916)
(0.8506528, 0.195350736, 0.0177684966, 0.487762332)
(0.852060556, 0.209646463, 0.0280762147, 0.478803724)
(0.85342747, 0.193499133, 0.0177928172, 0.483635426)
(0.852311432, 0.209844112, 0.028305022, 0.4782568)
(0.853661537, 0.19372426, 0.0182017162, 0.4831166)
(0.8500319, 0.210049763, 0.02763667, 0.482245982)
(0.8514867, 0.193693459, 0.017402418, 0.486980975)
(0.849779, 0.2100489, 0.0278404, 0.482680023)
(0.852977335, 0.193660691, 0.01836175, 0.484342754)
(0.8459584, 0.20581533, 0.0236145649, 0.4913622)
(0.851340353, 0.190858454, 0.0157258529, 0.48841095)
(0.8508262, 0.206849843, 0.0259863827, 0.482319921)
(0.853253067, 0.190514952, 0.0157834366, 0.485194921)
(0.8487677, 0.206691876, 0.0242422484, 0.4860907)
(0.851186633, 0.19055602, 0.0139299007, 0.488851458)
(0.849152446, 0.207192391, 0.0239262953, 0.4852205)
(0.8428691, 0.221507609, 0.0307854842, 0.4894469)
(0.8488966, 0.207671851, 0.0239249356, 0.485463172)
(0.8559636, 0.196951017, 0.0194909852, 0.4776576)
(0.858633161, 0.209714562, 0.02850882, 0.46685794)
(0.860658169, 0.193296492, 0.0180271883, 0.470721751)
(0.862556159, 0.176955462, 0.0076944246, 0.473945528)
(0.8569212, 0.191925019, 0.0144075966, 0.478166729)
(0.852855, 0.208708763, 0.02316518, 0.478061)
(0.8501037, 0.196401015, 0.0132648339, 0.4884409)
(0.850263834, 0.211914673, 0.023639068, 0.481232524)
(0.8478062, 0.198950246, 0.0134761073, 0.491387755)
(0.851061642, 0.211109862, 0.0228479523, 0.480213255)
(0.8520405, 0.1951815, 0.0121182855, 0.4855763)
(0.8538991, 0.208905488, 0.0218051281, 0.476171583)
(0.8502801, 0.19742915, 0.0121269384, 0.4877482)
(0.8500602, 0.213440374, 0.0223650653, 0.480978817)
(0.8508933, 0.197844252, 0.0117704058, 0.4865179)
(0.8517593, 0.212778777, 0.0220735185, 0.478271872)
(0.8502402, 0.198215455, 0.0114870239, 0.487514377)
(0.849666238, 0.214016318, 0.0218548514, 0.481442332)
(0.8535667, 0.198075727, 0.0125737311, 0.4816968)
(0.8505953, 0.2146466, 0.02202835, 0.4795093)
(0.8521559, 0.1984732, 0.0115320953, 0.484051436)
(0.849589348, 0.215083644, 0.0215419959, 0.481116325)
(0.85404, 0.19980903, 0.0130747352, 0.480126)
(0.850566447, 0.216583356, 0.0226743035, 0.478658825)
(0.8489352, 0.202152789, 0.0120318243, 0.488158256)
(0.8449419, 0.218435481, 0.0212394744, 0.48775816)
(0.845708668, 0.202405244, 0.0100948988, 0.4936669)
(0.852373242, 0.206350774, 0.01499359, 0.4802649)
(0.8548621, 0.189976424, 0.00465106452, 0.482802451)
(0.850802243, 0.206113368, 0.0132527547, 0.483194858)
(0.8569204, 0.21149157, 0.0192968976, 0.469666243)
(0.8515303, 0.204186425, 0.0116920639, 0.4827705)
(0.847727537, 0.220571965, 0.0209559742, 0.481940776)
(0.8494958, 0.204283014, 0.0104356539, 0.486329556)
(0.857334733, 0.196929619, 0.008671847, 0.475521445)
(0.8498376, 0.205345169, 0.01096718, 0.4852721)
(0.8564903, 0.208259135, 0.0162130129, 0.4720059)
(0.8494363, 0.205813512, 0.0118568167, 0.485755384)
(0.8414352, 0.2087199, 0.0107299937, 0.498304754)
(0.849208832, 0.201267809, 0.008976353, 0.488113731)
(0.8544152, 0.186620578, 0.00106992014, 0.484918833)
(0.8502076, 0.202796683, 0.00954899, 0.485725582)
(0.858102, 0.200629234, 0.010827654, 0.472537279)
(0.8509015, 0.201568663, 0.007725741, 0.485053569)
(0.8487161, 0.218352526, 0.017977301, 0.481331468)
(0.8523189, 0.202396825, 0.008783202, 0.4821939)
(0.8446301, 0.212479144, 0.012204933, 0.491226643)
(0.851345539, 0.200352758, 0.006579942, 0.484795034)
(0.847193241, 0.216828331, 0.0155398017, 0.484775841)
(0.8529469, 0.202709422, 0.00818960648, 0.480960965)
(0.8465028, 0.216004536, 0.0140102953, 0.486393541)
(0.852606356, 0.202133209, 0.00698044151, 0.48182556)
(0.8451507, 0.212299943, 0.0104429256, 0.490448833)
(0.853048742, 0.2070383, 0.0102025326, 0.478893369)
(0.8454911, 0.2080621, 0.007373973, 0.49173224)
(0.853284061, 0.205789924, 0.009001206, 0.4790364)
(0.8458765, 0.205719158, 0.005513526, 0.492079437)
(0.853193164, 0.206732377, 0.009168304, 0.478789181)
(0.8458725, 0.218019024, 0.0134105338, 0.486608118)
(0.850974, 0.202885523, 0.00521573843, 0.4844105)
(0.847313344, 0.21918492, 0.0144404322, 0.4835387)
(0.852270663, 0.2039173, 0.0060683894, 0.481680065)
(0.846778035, 0.2189338, 0.0137679866, 0.484608471)
(0.851442158, 0.203502238, 0.00517839054, 0.4833284)
(0.848962069, 0.220077589, 0.015072166, 0.480210423)
(0.8521762, 0.204076424, 0.00524523761, 0.4817895)
(0.852255166, 0.219808653, 0.0154528227, 0.474453777)
(0.851472437, 0.205307111, 0.004946259, 0.482513368)
(0.8510846, 0.2214554, 0.0154780624, 0.4757866)
(0.8516017, 0.2061096, 0.005208069, 0.48194012)
(0.847205043, 0.2222271, 0.01422122, 0.482344866)
(0.8513754, 0.2063979, 0.005381526, 0.48221457)
(0.8515155, 0.190822229, -0.004993264, 0.4883476)
(0.850688, 0.207305074, 0.00557355862, 0.483035773)
(0.850301743, 0.223304018, 0.0162165556, 0.4762976)
(0.850936055, 0.207667544, 0.00587545754, 0.48243916)
(0.8568043, 0.194059134, -0.000795039057, 0.47773096)
(0.85009855, 0.206614688, 0.004600741, 0.484377533)
(0.851149, 0.2216248, 0.015181358, 0.47560215)
(0.853955448, 0.205337152, 0.00551965227, 0.478085965)
(0.8462215, 0.214854971, 0.008592773, 0.48751688)
(0.851956367, 0.200937316, 0.00154324819, 0.4835207)
(0.8470889, 0.216476187, 0.00977629, 0.485265672)
(0.8549415, 0.208590537, 0.007955763, 0.474870354)
(0.849811137, 0.199831918, -7.187174E-05, 0.487737954)
(0.852371335, 0.212757662, 0.009685856, 0.477601826)
(0.8464175, 0.20654048, 0.00275875558, 0.490826637)
(0.851856351, 0.214306653, 0.0103739016, 0.477813631)
(0.8497531, 0.200509384, 9.743199E-05, 0.487560958)
(0.8534863, 0.21156399, 0.009003904, 0.476152062)
(0.848020434, 0.203719571, 0.00108340464, 0.489242643)
(0.8518402, 0.214901581, 0.0100095132, 0.4775829)
(0.8505039, 0.200417489, -0.0005464492, 0.486287624)
(0.8498515, 0.216250464, 0.009758571, 0.480513155)
(0.850128353, 0.200469121, -0.0008865821, 0.486922)
(0.849451, 0.216576964, 0.009533112, 0.481078535)
(0.856908739, 0.207184762, 0.006375381, 0.471954733)
(0.849410653, 0.2173691, 0.009649083, 0.480790019)
(0.849622369, 0.201658309, -0.0009917159, 0.487313718)
(0.8492507, 0.217666075, 0.009502658, 0.480941147)
(0.8562495, 0.206074834, 0.0047413907, 0.473653376)
(0.8494303, 0.218235865, 0.009799859, 0.480359524)
(0.855102837, 0.203923851, 0.00283995364, 0.476661325)
(0.8485378, 0.217154577, 0.009022284, 0.4824376)
(0.8541184, 0.202646509, 0.002002241, 0.478969932)
(0.8490835, 0.217868328, 0.0102505209, 0.4811295)
(0.8540565, 0.202647746, 0.00223248056, 0.4790788)
(0.8463045, 0.2110858, 0.004503346, 0.4890718)
(0.8541817, 0.206288, 0.00466097938, 0.477280945)
(0.8470227, 0.21733132, 0.009055486, 0.485012919)
(0.85204035, 0.202117026, 0.001112657, 0.482881576)
(0.844386458, 0.211561516, 0.00433320273, 0.492173165)
(0.8524095, 0.206510291, 0.004389601, 0.480346084)
(0.8602526, 0.200397313, 0.0037074273, 0.468820423)
(0.8526911, 0.2066104, 0.00448788749, 0.479801953)
(0.8577016, 0.215006188, 0.0124212774, 0.46686855)
(0.8509621, 0.21182473, 0.007244065, 0.48056367)
(0.8429597, 0.218305647, 0.008089483, 0.491626)
(0.8508827, 0.211298481, 0.00671652053, 0.480943233)
(0.8550704, 0.195547029, -0.0021845696, 0.48021996)
(0.851447642, 0.211965814, 0.00700542144, 0.47964403)
(0.845783, 0.204748347, -0.000459448, 0.4926754)
(0.850585341, 0.2141796, 0.00796958152, 0.4801751)
(0.8561122, 0.19959712, 0.0005313839, 0.47668913)
(0.85005933, 0.213634163, 0.007137533, 0.48136127)
(0.85739, 0.2129451, 0.00984614249, 0.468444169)
(0.849939942, 0.213786915, 0.006783632, 0.4815095)
