(0, 0, 0, 0)
(0.06722637, 0.6266288, -0.775884, -0.0286524873)
(0.05462375, 0.629621, -0.774866, -0.0132730566)
(0.06370989, 0.6212403, -0.7806654, -0.023732584)
(0.0548325, 0.6295012, -0.7749414, -0.0136916237)
(0.06501091, 0.6214325, -0.780340433, -0.0257691946)
(0.07760386, 0.618208468, -0.7810846, -0.04126624)
(0.06590443, 0.622079849, -0.779725134, -0.026495846)
(0.06062639, 0.632540643, -0.7718627, -0.0210889746)
(0.06350851, 0.621388435, -0.7805577, -0.02393354)
(0.0586519241, 0.6321743, -0.772361755, -0.0193125959)
(0.07064453, 0.62765646, -0.774547338, -0.0336622037)
(0.0646989644, 0.618089, -0.7830502, -0.0247466229)
(0.065800935, 0.606999159, -0.791597366, -0.024412334)
(0.0594442375, 0.6187099, -0.783182859, -0.0170021039)
(0.06614078, 0.627803266, -0.775130451, -0.0257151984)
(0.0676903352, 0.616170645, -0.7842882, -0.02537091)
(0.0557074733, 0.618832648, -0.7834974, -0.008636117)
(0.06522289, 0.626870036, -0.776146, -0.0194237735)
(0.0597943924, 0.6177559, -0.784015536, -0.0110484026)
(0.0633828342, 0.6284749, -0.7750756, -0.0161222331)
(0.0585776754, 0.638928533, -0.766940653, -0.011874455)
(0.06514137, 0.6286536, -0.7746871, -0.020278953)
(0.07799738, 0.625957251, -0.7751438, -0.0352998637)
(0.0671284, 0.626084745, -0.7765887, -0.0205375087)
(0.07532857, 0.634959459, -0.768237054, -0.0310478471)
(0.07243608, 0.6266785, -0.7755642, -0.0229604766)
(0.0707652941, 0.6380435, -0.7664662, -0.0205509476)
(0.08548725, 0.6329618, -0.7685832, -0.0364857055)
(0.08604666, 0.6228866, -0.7768268, -0.0338899642)
(0.1002177, 0.6266395, -0.771165967, -0.05081643)
(0.09256967, 0.6347833, -0.7660134, -0.0412838347)
(0.08415562, 0.6429796, -0.7605548, -0.0324260965)
(0.0976026952, 0.637390435, -0.7628407, -0.0477622449)
(0.0919258446, 0.6479318, -0.7549577, -0.04210535)
(0.10027913, 0.638092756, -0.761823237, -0.049061913)
(0.09232273, 0.6339966, -0.766895354, -0.0373696)
(0.106776826, 0.6328783, -0.7648973, -0.0547353327)
(0.105865031, 0.6232403, -0.773148358, -0.0510462821)
(0.109979093, 0.6340248, -0.7632513, -0.0580045842)
(0.10124851, 0.643302262, -0.757300735, -0.049058497)
(0.112105936, 0.6349775, -0.7619856, -0.0601147041)
(0.100904949, 0.6401067, -0.760209441, -0.04651265)
(0.100084566, 0.650231242, -0.751646936, -0.04700409)
(0.111197814, 0.6410906, -0.7570788, -0.0589032732)
(0.112744384, 0.629134059, -0.7668605, -0.05834445)
(0.103480957, 0.623147368, -0.773927867, -0.04488478)
(0.109426759, 0.631363034, -0.765816748, -0.0541398749)
(0.0997864753, 0.640724957, -0.759941757, -0.0447511822)
(0.111761227, 0.639402747, -0.758356333, -0.0597437359)
(0.108309329, 0.6289755, -0.76800406, -0.0531860068)
(0.106268778, 0.618055761, -0.7774356, -0.0480413474)
(0.109165117, 0.6281892, -0.7684816, -0.053825628)
(0.09794336, 0.636401, -0.7639965, -0.0413563922)
(0.103414454, 0.6451965, -0.7553355, -0.0499507524)
(0.102166839, 0.634110749, -0.7650749, -0.0461075678)
(0.108436108, 0.622787, -0.7731193, -0.0516204238)
(0.102296434, 0.633413255, -0.7656307, -0.0461803675)
(0.111479551, 0.6248001, -0.770795, -0.05542739)
(0.102041043, 0.633696556, -0.7654728, -0.04547008)
(0.09775242, 0.6443711, -0.75723666, -0.04269796)
(0.103407227, 0.6337419, -0.765111268, -0.0477804653)
(0.09424676, 0.642944336, -0.759113431, -0.0385603942)
(0.101813346, 0.6333834, -0.765710652, -0.0463321619)
(0.0895037055, 0.63185674, -0.7692694, -0.0311585423)
(0.101848006, 0.629358053, -0.769002, -0.0465959944)
(0.08902998, 0.63051337, -0.770426154, -0.0311472658)
(0.100056157, 0.633687258, -0.7657316, -0.0456557944)
(0.08727704, 0.638222456, -0.764260948, -0.0309823249)
(0.0985424444, 0.6316491, -0.767718256, -0.0437900424)
(0.110978924, 0.6285251, -0.7675803, -0.0588249)
(0.09816194, 0.6326989, -0.766892, -0.0439649671)
(0.101711541, 0.642707, -0.757637739, -0.0506702252)
(0.09934954, 0.632538438, -0.766766131, -0.04576535)
(0.109664552, 0.6244949, -0.771174252, -0.0571842)
(0.09820473, 0.631443739, -0.767890751, -0.0444790348)
(0.1098263, 0.62588197, -0.7699636, -0.058016438)
(0.0977473, 0.6316632, -0.767791867, -0.04407601)
(0.095081225, 0.6428985, -0.75879693, -0.04322306)
(0.0979091749, 0.632356167, -0.7671529, -0.0448984355)
(0.10655003, 0.6231191, -0.7729662, -0.0537861)
(0.0947799757, 0.62826544, -0.7711743, -0.0398685858)
(0.1067276, 0.629845, -0.7673577, -0.055376187)
(0.09570756, 0.637597, -0.7631479, -0.0437667556)
(0.107396685, 0.639747, -0.758783162, -0.058633212)
(0.09800991, 0.6340129, -0.7657212, -0.0457465127)
(0.101931363, 0.622866, -0.77415365, -0.04831196)
(0.09814892, 0.634042144, -0.7656784, -0.0457595438)
(0.0951333642, 0.64523226, -0.7567434, -0.0443211533)
(0.0968311355, 0.634296536, -0.7657177, -0.0443626978)
(0.104026943, 0.6417598, -0.7578237, -0.05500757)
(0.09736171, 0.6336636, -0.7661305, -0.0451131761)
(0.100834534, 0.622631133, -0.7745514, -0.0472550727)
(0.09525254, 0.6336075, -0.7665803, -0.0426995754)
(0.100783132, 0.6422192, -0.758090258, -0.05192833)
(0.0945422947, 0.6337115, -0.7665721, -0.0428813472)
(0.103964053, 0.624604, -0.772186339, -0.0528159328)
(0.09151612, 0.6258433, -0.773662269, -0.0373054519)
(0.10184972, 0.6304432, -0.7678181, -0.05121767)
(0.0925549939, 0.6399827, -0.7616547, -0.0416878127)
(0.1052432, 0.638408661, -0.7603584, -0.05668576)
(0.09261982, 0.64015, -0.761535466, -0.0411485061)
(0.105195545, 0.6357737, -0.762701631, -0.05487953)
(0.0930521339, 0.635871232, -0.765163064, -0.03917548)
(0.0853599, 0.6461924, -0.757743835, -0.0311974119)
(0.0937081, 0.6370942, -0.7640255, -0.03993327)
(0.104526952, 0.6407033, -0.7586817, -0.0545472838)
(0.0980214, 0.6324839, -0.7670207, -0.0451132171)
(0.09592441, 0.643728435, -0.757881641, -0.0450304523)
(0.09429154, 0.633515954, -0.766848862, -0.0413465835)
(0.09631867, 0.6439475, -0.7575705, -0.046274934)
(0.09730406, 0.632789552, -0.7668281, -0.0456495434)
(0.106907032, 0.637997031, -0.760304, -0.0588941425)
(0.0948518, 0.6362311, -0.764387, -0.0438823737)
(0.106967181, 0.631931245, -0.7653959, -0.05822485)
(0.0942777544, 0.63331455, -0.766939044, -0.0427664481)
(0.106707439, 0.6294813, -0.7675081, -0.0574302)
(0.0938665047, 0.6311811, -0.768798947, -0.04180402)
(0.0943558, 0.641827464, -0.759713, -0.0446176119)
(0.0957153738, 0.6303947, -0.7690992, -0.0439047478)
(0.09227772, 0.6202834, -0.778028, -0.0374932922)
(0.09509713, 0.6308724, -0.7688192, -0.04328265)
(0.09565524, 0.641729355, -0.75951916, -0.0465215743)
(0.0976349, 0.63027066, -0.7687942, -0.04671048)
(0.0995569155, 0.6406374, -0.759639144, -0.05119039)
(0.09539741, 0.631760657, -0.767998457, -0.0442292877)
(0.09664682, 0.642825961, -0.75837183, -0.04802285)
(0.09560818, 0.632167041, -0.76762414, -0.04446613)
(0.09743354, 0.6208225, -0.776600659, -0.0444679447)
(0.09349436, 0.632136047, -0.7680503, -0.04197091)
(0.09040127, 0.6435124, -0.7589794, -0.04086294)
(0.0976211, 0.6333998, -0.7661421, -0.04796926)
(0.08510562, 0.633805037, -0.7681029, -0.03265173)
(0.09730946, 0.634078, -0.7656127, -0.0480955578)
(0.08722103, 0.6430878, -0.7598598, -0.0379931778)
(0.09715759, 0.6353401, -0.7645112, -0.04925549)
(0.0897782743, 0.6271898, -0.772699237, -0.0388407856)
(0.09812905, 0.6336399, -0.765711546, -0.0505670644)
(0.08578694, 0.6325039, -0.7689877, -0.0351749)
(0.096184, 0.6366436, -0.763556, -0.0491505265)
(0.0846885145, 0.633219361, -0.7685461, -0.0346116647)
(0.0968121961, 0.633645, -0.7659174, -0.0499186441)
(0.08427596, 0.632963, -0.7688048, -0.0345627367)
(0.0956789, 0.6353853, -0.764648855, -0.04943008)
(0.08297591, 0.6394363, -0.7635614, -0.0347888246)
(0.09415567, 0.6327418, -0.767153, -0.0474207029)
(0.08157675, 0.63632077, -0.7664047, -0.03263385)
(0.09395758, 0.6366205, -0.7639224, -0.0480506644)
(0.08558324, 0.6463721, -0.7571397, -0.0402260944)
(0.0926312059, 0.636239648, -0.764447153, -0.0473188758)
(0.08656789, 0.627278447, -0.7730118, -0.0384743623)
(0.0906016752, 0.636947334, -0.7642139, -0.0454580076)
(0.08658699, 0.6274332, -0.772860646, -0.03894376)
(0.09202803, 0.6364675, -0.7643108, -0.047634095)
(0.09239074, 0.625466, -0.7733841, -0.0461866744)
(0.08779584, 0.6365163, -0.7650484, -0.0428930745)
(0.0926927552, 0.6257847, -0.7730224, -0.0473060943)
(0.08893278, 0.6367303, -0.7646206, -0.04495486)
(0.08460872, 0.6272344, -0.773283839, -0.03808647)
(0.08739113, 0.637591064, -0.764157951, -0.0436243042)
(0.09977647, 0.6332499, -0.7652822, -0.0581576563)
(0.08727524, 0.637334466, -0.764380038, -0.0437139831)
(0.09037913, 0.6263182, -0.7729653, -0.0456260443)
(0.08752046, 0.6375362, -0.764148057, -0.0443323366)
(0.09931378, 0.6393564, -0.7601684, -0.0591963232)
(0.08762113, 0.6369282, -0.7646522, -0.04418023)
(0.09490206, 0.6267994, -0.7717091, -0.05080545)
(0.08704787, 0.6366641, -0.7650286, -0.04257582)
(0.0987305641, 0.6392488, -0.760469556, -0.05743911)
(0.0862139, 0.639033735, -0.7631635, -0.0422436632)
(0.0947388038, 0.6293496, -0.769641, -0.05095474)
(0.08591337, 0.6384283, -0.7637367, -0.04164663)
(0.09744249, 0.6322484, -0.766665161, -0.0546936765)
(0.0893599838, 0.6422683, -0.759802, -0.0469811)
(0.0900448561, 0.6312234, -0.768980145, -0.04602688)
(0.0962873, 0.639451146, -0.7607628, -0.0554157421)
(0.08999693, 0.631360948, -0.7688933, -0.0456831977)
(0.0866357, 0.6426808, -0.7599776, -0.0434698425)
(0.0903710946, 0.6319017, -0.7683893, -0.0459487438)
(0.0858131647, 0.64263916, -0.760164559, -0.042436216)
(0.09091993, 0.631828964, -0.76831454, -0.0470996872)
(0.07826559, 0.634894967, -0.767952144, -0.0321305431)
(0.09086481, 0.6341588, -0.7663785, -0.0474374)
(0.07988125, 0.641812, -0.7618621, -0.0355308466)
(0.092300944, 0.638901, -0.762069, -0.0503685735)
(0.0795982257, 0.6385452, -0.7646521, -0.0350899473)
(0.09139194, 0.6330088, -0.7671872, -0.0486958437)
(0.08224702, 0.6425543, -0.7607905, -0.03946194)
(0.09213443, 0.634779, -0.7655248, -0.0503855124)
(0.08361189, 0.644257843, -0.759056747, -0.042115692)
(0.09029717, 0.633748055, -0.7667217, -0.0484527834)
(0.08746954, 0.6448071, -0.757839441, -0.047457628)
(0.08815609, 0.6342114, -0.766694546, -0.04673323)
(0.100016616, 0.628721952, -0.768775761, -0.060738802)
(0.08812939, 0.633854449, -0.7669756, -0.0470115319)
(0.100450911, 0.6290918, -0.768353939, -0.0615259819)
(0.08975574, 0.637285233, -0.76373297, -0.0502343364)
(0.08530298, 0.648320735, -0.755099237, -0.04720805)
(0.08802163, 0.637196243, -0.764130056, -0.04835534)
(0.084699586, 0.6271605, -0.7731179, -0.04224349)
(0.08638536, 0.6379677, -0.763789356, -0.04648138)
(0.085469164, 0.649127066, -0.7543496, -0.0478113741)
(0.0867263749, 0.6381903, -0.7635032, -0.04748148)
(0.09118499, 0.6271405, -0.771876, -0.050868582)
(0.08519124, 0.637990355, -0.76396203, -0.0455268919)
(0.0871239454, 0.6487659, -0.7543268, -0.050033208)
(0.08672666, 0.638103545, -0.763555765, -0.04780172)
(0.09526744, 0.6282808, -0.7700659, -0.056442026)
(0.08507077, 0.636296153, -0.7654009, -0.0452939458)
(0.0881380662, 0.6466962, -0.755923569, -0.0509441867)
(0.08518075, 0.6368837, -0.764878631, -0.0456522666)
(0.09683617, 0.639089048, -0.7606021, -0.0606004633)
(0.08801633, 0.632624567, -0.7679125, -0.0484720543)
(0.07582276, 0.637667537, -0.7657959, -0.0344617069)
(0.08817821, 0.6380284, -0.763319731, -0.0498746932)
(0.07585853, 0.64321214, -0.761065066, -0.0361050963)
(0.08733973, 0.636464, -0.7647865, -0.04885582)
(0.0761411861, 0.6329162, -0.7696946, -0.0344921164)
(0.0880747, 0.6344438, -0.766322851, -0.0497326329)
(0.080769904, 0.644618, -0.759009957, -0.0429874733)
(0.08871259, 0.6349514, -0.765730441, -0.05122082)
(0.07595144, 0.6372117, -0.7660863, -0.0361185968)
(0.08746335, 0.630703866, -0.7695143, -0.0490986668)
(0.0806833, 0.6410209, -0.7620834, -0.0425576)
(0.0892982557, 0.6319462, -0.768131256, -0.0514217)
(0.0847163349, 0.642769635, -0.7598335, -0.0482015)
(0.08842126, 0.631554961, -0.768586934, -0.05093193)
(0.08236161, 0.622725, -0.776983559, -0.04155493)
(0.08898349, 0.631153166, -0.7688397, -0.0511178263)
(0.08141086, 0.6414484, -0.761564255, -0.0439999625)
(0.09312619, 0.6356839, -0.764128268, -0.05780634)
(0.0804773, 0.6357979, -0.7664595, -0.0427122377)
(0.09181938, 0.6284391, -0.7704395, -0.0552852973)
(0.08077581, 0.635488, -0.7666853, -0.042707175)
(0.09081123, 0.640817165, -0.7602428, -0.05601304)
(0.07820393, 0.6402828, -0.763064, -0.04068535)
(0.08755468, 0.630928338, -0.769250333, -0.05017415)
(0.0751125142, 0.6329389, -0.769772, -0.03460263)
(0.08654191, 0.6364812, -0.7648653, -0.04881827)
(0.07749504, 0.645917654, -0.758445, -0.0393206328)
(0.0895029, 0.640291452, -0.7610697, -0.0528101549)
(0.08111999, 0.6331722, -0.768640339, -0.04128573)
(0.09323797, 0.628061533, -0.770573854, -0.05532815)
(0.0825861, 0.6361607, -0.7658857, -0.0435688123)
(0.09483407, 0.630563438, -0.768147945, -0.0578352734)
(0.08437881, 0.62633127, -0.7737371, -0.0438211076)
(0.0902748257, 0.63532114, -0.765123367, -0.0529502332)
