0,-3,-4,-9,-7,-1,-1,-3
0,0,0,0,0,-2,1,-3
-5,2,-3,2,9,-2,-2,-2
-3,1,0,0,7,3,-3,-2
-3,0,-4,3,3,0,-4,-1
-2,-1,1,3,-1,2,-3,-1
2,-6,-3,-3,-6,0,3,1
1,-1,1,-4,-1,-3,1,0
-1,0,0,-5,-4,-6,1,-1
0,-2,-1,-4,-7,-4,-1,0
-5,3,-1,-1,-2,1,0,-2
-1,1,-1,4,-2,1,-2,2
-2,-2,1,7,5,-1,-2,1
-4,-8,-3,-2,1,-3,-2,-2
0,-6,-3,-6,-1,-1,-2,-2
-5,-4,1,-1,0,4,-1,-9
-1,-3,-3,-5,-4,0,1,-4
0,4,-5,-3,1,-4,-1,-1
2,1,-5,-3,0,-4,-6,0
5,0,-6,-1,-1,-3,-6,1
2,3,14,3,-4,-1,0,1
0,-2,-4,-2,-3,1,1,0
1,1,0,-1,0,-1,3,-1
-4,-4,-7,-9,-5,-2,1,-2
-3,4,-3,-5,-1,2,0,-2
-5,2,0,-3,-5,1,1,-3
-3,-3,-1,3,-4,3,2,-5
2,2,4,7,2,0,1,0
-4,-3,-12,-6,2,-2,-3,-2
-2,-3,2,0,3,3,-3,-1
2,-2,1,2,-2,-2,-2,1
1,-3,-3,-3,0,-3,0,3
1,-6,3,1,-2,-3,-1,4
2,-4,-4,-1,-5,-5,-2,9
-16,3,-13,-15,-9,-3,-7,-11
10,8,-3,-5,-3,2,1,3
-8,3,19,2,5,2,6,0
3,-16,-4,5,6,3,1,0
3,-7,2,3,2,-2,0,0
4,7,3,2,0,-4,1,1
-6,-4,-13,-5,0,-3,-3,-2
-14,13,20,0,-4,-4,-5,-9
1,-22,-16,3,3,3,1,2
-7,-3,-17,-5,-5,2,0,-4
28,17,8,-2,-4,1,3,8
-17,-27,-20,-10,-2,-5,-3,-5
-7,23,37,10,3,1,-4,-7
-5,-1,13,5,0,-5,-4,-5
-16,-16,-24,-8,-7,-1,-2,-3
9,7,-18,-7,-7,1,0,-1
21,4,18,-2,-3,-6,4,11
-15,1,-1,3,0,-5,-3,-3
-17,-7,-10,4,6,-1,2,-6
15,19,20,12,3,0,-2,6
11,0,-21,4,3,1,3,3
-2,20,26,7,-1,5,0,2
-17,-3,3,17,1,-5,-8,-30
-40,-5,5,12,5,7,7,-1
-101,-25,-15,-7,-3,3,-9,-29
-95,-41,-34,-20,-5,2,-3,-10
-20,20,9,-9,1,6,3,24
18,16,11,-6,0,0,-1,13
-5,35,22,12,2,-5,-12,-27
42,-38,-14,-1,2,-1,4,8
16,-2,23,9,-1,-8,-13,-17
41,2,-11,-14,-11,-7,-1,2
43,9,5,-18,-17,-10,-7,4
-2,-44,-24,13,6,5,3,1
2,-31,-17,-6,-6,-2,5,9
16,48,23,13,7,-5,-10,-20
-2,-34,-19,-11,-6,-2,7,8
6,23,14,4,7,-2,0,-5
63,12,8,-7,-7,-13,-11,-3
-15,-31,-17,-10,-1,-4,-3,-11
-5,11,22,15,12,3,-2,-4
-4,38,40,10,1,-2,-9,-9
-20,-27,-26,-11,-3,11,14,25
18,55,23,9,1,4,4,13
1,-27,-32,-16,-12,-3,-1,5
8,-11,-21,-18,-11,-2,7,16
4,71,48,14,1,-9,-19,-24
7,-25,-17,-8,-4,-4,-3,2
22,2,0,-2,-5,-6,-3,7
43,23,1,-11,-9,-5,-5,6
1,-14,-17,-3,2,5,6,-5
-25,-8,9,13,8,12,11,4
62,71,35,13,1,-1,-3,14
-1,-15,7,10,2,3,-1,-2
-10,-26,-35,-19,-7,-3,-4,-7
-12,-20,-1,4,1,-3,-7,-11
-5,-29,-30,-10,-8,-1,14,16
15,25,24,4,-8,-14,-13,-9
-8,5,11,18,10,7,9,10
-15,-15,-17,-18,-9,-5,-5,-8
2,-8,1,14,10,-2,-5,-3
26,46,25,1,-3,-6,2,8
-31,-45,-22,-9,-7,-4,-5,-8
13,9,16,11,1,-7,-10,-5
35,13,-11,-11,-3,1,1,11
-2,-9,-3,-7,-2,-2,0,-2
1,3,7,20,11,6,-3,-9
-1,-22,-39,-30,-13,3,11,23
-15,5,5,4,-4,-2,5,2
8,-5,-15,8,7,6,6,1
-16,-40,-27,-19,-9,1,5,1
27,28,3,-6,-9,-13,-10,-8
-32,-33,-7,2,9,0,-3,-7
8,45,34,19,15,4,-6,-7
12,-4,-2,-2,-4,-6,-8,1
-12,-13,5,7,5,3,4,4
-6,-8,-3,-1,-2,1,0,2
15,69,32,1,-4,-4,-6,-4
12,-8,-4,-8,-2,1,4,11
7,23,26,15,2,-3,-5,-5
-24,3,4,5,-5,-4,-8,-20
-32,-66,-40,-14,-8,0,8,1
28,40,16,10,4,0,3,13
-21,-21,-8,-5,0,3,0,-7
-18,-39,-28,-18,-11,1,6,8
-24,-22,-15,-6,-6,-6,-10,-18
-6,4,4,-3,1,4,0,-2
-3,-71,-34,-10,1,1,1,8
-21,-5,11,12,20,7,6,-3
4,11,-5,-6,-3,-4,5,10
7,13,-3,-4,-3,-3,-1,0
-21,14,8,11,0,-6,-17,-29
-6,-16,-19,-17,-8,1,-1,4
-10,-29,-18,-8,0,5,-1,-4
7,21,4,-15,-13,-10,-4,-4
21,21,17,7,1,3,9,14
-27,-4,-3,-5,-4,-8,-12,-30
16,29,12,1,2,-1,-3,-3
-12,-1,16,13,-2,-3,-9,-13
11,-10,-27,-13,-4,1,6,7
20,22,15,1,0,1,0,2
-31,-66,-31,-9,-2,7,7,5
11,48,32,9,4,-5,-7,-6
25,20,25,10,7,3,5,10
6,-5,-10,2,2,0,3,6
14,-23,-22,-8,-7,-3,-3,7
-18,-40,-30,-8,-4,-1,4,7
-32,-25,-7,-4,3,0,-2,-3
14,7,-4,-12,-15,-8,-8,-2
-6,15,24,12,6,5,-5,-16
9,12,2,1,1,6,6,3
-26,-13,-22,-13,-6,-5,-4,-14
35,37,26,14,4,-5,-1,12
-4,-2,-4,-3,-3,-6,2,3
-12,-10,-5,-3,-3,0,-1,-3
-12,14,14,5,4,3,-4,-11
-5,-7,-14,-7,-1,-1,-4,-5
17,14,9,7,5,-6,-10,-13
4,-14,-14,-11,-9,-2,2,6
-11,-4,0,1,-4,0,1,-4
-3,-4,-1,-2,-1,0,4,5
-13,-12,-10,-9,-3,-5,2,5
-35,-40,-20,-11,-2,-6,-2,-12
28,0,-21,-8,-8,-6,-5,2
-6,15,10,6,1,2,-6,-9
-9,-3,-2,2,1,2,0,3
0,-7,-4,-1,1,3,2,1
5,17,10,1,3,-2,-1,0
-3,-23,-1,3,3,1,1,0
-9,9,-22,-9,-4,1,-3,-8
30,-2,7,3,2,7,9,18
1,2,7,-1,-7,-5,4,6
-37,-12,12,12,6,0,-3,-16
-9,-22,-7,-1,-3,-5,-2,1
0,-22,-12,-4,-6,-2,0,5
-6,14,13,14,3,4,7,0
6,3,-12,-10,-6,-4,-5,-2
0,-52,-23,-9,-3,-3,4,9
-15,13,7,1,3,-6,-11,-17
3,-19,-8,-5,3,0,1,3
-3,-2,-6,-8,-3,-2,-1,-4
0,-3,-7,-11,-5,-1,-1,2
6,12,9,3,3,1,0,1
0,8,-6,-4,-6,-8,-10,-9
-2,30,31,8,2,1,0,-1
1,-7,-10,-4,-13,-5,3,5
-32,-2,-9,-7,-13,-4,1,-9
5,-4,-8,-3,2,3,-2,-5
-2,8,0,3,4,5,7,6
-6,21,29,13,5,-1,-7,-12
1,-8,-10,3,3,2,3,0
15,22,-4,-11,-7,-2,-4,0
0,-13,-1,-2,1,0,0,4
1,-4,-2,0,-4,-5,0,0
-6,4,1,-2,-2,-1,1,10
-19,-35,-25,-2,-2,-1,0,-4
18,3,18,13,4,2,-4,-2
5,8,-1,1,2,7,7,2
2,0,10,4,3,0,-2,-5
-12,-10,-7,-5,3,2,3,4
4,1,-8,-8,-5,-2,-2,-3
-9,7,13,6,3,-1,-3,-11
11,11,7,5,3,-1,-1,2
6,10,8,0,-6,-4,2,13
13,-5,-5,2,1,-2,-3,-2
13,5,-13,-13,-9,1,-4,-1
12,1,-4,1,-2,2,-2,0
-21,-27,-10,-6,-5,-3,-1,-7
18,26,6,-3,-4,-5,1,8
12,16,7,5,9,1,2,8
-6,-8,-5,-5,1,-5,-11,-10
-1,-6,6,5,5,2,-5,0
-18,-34,-25,-12,-1,3,5,3
2,32,29,5,8,4,4,0
-11,-8,-2,2,3,0,1,-6
6,22,25,12,3,-1,2,3
-10,-22,-26,-8,-11,-3,1,-3
-11,-8,0,13,-2,0,-10,-13
-3,4,1,-4,-9,0,1,-5
5,-6,-5,-1,1,4,12,8
-2,7,8,4,0,-3,0,4
-1,-15,-19,-10,-3,-6,-3,2
9,11,7,1,3,2,-2,7
1,2,6,-2,-2,-2,-4,1
3,-2,-6,-4,-6,-1,-5,-7
11,-17,-10,-9,-3,1,0,3
-3,0,0,-3,1,-6,-2,-8
-12,-11,-7,8,8,3,-5,-12
-18,-8,8,5,7,-2,0,-2
-11,6,-14,-10,0,-1,-1,-2
14,26,24,9,6,-3,-2,2
-1,-31,-16,-6,-5,0,2,6
-4,26,12,5,3,3,-3,-4
-28,-29,-2,-2,-8,-5,-1,-6
2,-8,-20,-10,-10,-1,-2,-1
0,23,10,3,-4,4,0,-3
0,-6,0,3,1,3,0,0
19,5,-1,-1,-2,-5,4,10
-16,-17,-12,-6,-2,-1,5,6
-22,4,3,-3,-5,-7,-8,-14
6,-22,-23,-9,1,0,6,9
-31,-11,5,1,2,-8,-5,-17
-2,15,13,6,-1,-2,-1,-2
-1,-15,-22,-3,-5,-2,-4,-3
14,8,15,-1,-6,-2,3,9
5,1,2,7,2,4,3,12
-12,-5,-6,-2,1,-6,-14,-19
16,11,4,-5,2,-5,-2,0
8,7,0,-4,1,-3,-4,-8
-14,-21,-10,-3,1,5,2,-5
11,7,4,-6,-15,-8,-10,-10
7,3,-6,-5,-5,-3,4,8
-6,-7,-10,-4,0,-2,-5,-8
12,9,0,-2,2,3,5,6
10,-2,-11,-4,-1,-3,2,5
-2,10,9,4,1,-3,-2,-7
-19,-17,-13,-6,-9,-5,-6,-7
-3,17,4,1,-6,-2,-9,-9
2,2,2,4,2,2,-1,5
4,6,2,-4,1,-1,-3,-3
2,12,11,4,2,-2,0,-3
-7,-6,1,-1,-4,-6,-3,-5
-3,2,2,3,0,0,4,1
-6,-18,-14,0,1,3,-1,0
10,8,2,1,1,4,-1,4
3,0,2,1,-1,2,0,-1
-9,-8,-6,-7,0,2,3,-4
1,-13,-5,-4,-1,-2,0,3
-28,-18,-6,-3,-3,-3,-2,-9
7,15,11,8,3,-4,-4,-1
15,-12,-25,-9,-3,-4,2,7
0,-1,10,7,2,-2,-1,1
-1,-5,6,5,0,0,3,4
15,-2,0,-4,-4,0,1,3
-34,-17,-5,-3,-6,-1,-3,-15
10,5,-1,-1,-5,0,-1,2
-3,2,-4,-1,3,-1,3,0
-8,-23,-16,0,2,1,-5,-2
8,0,9,4,5,3,0,4
33,51,13,-4,-9,-7,-5,10
-27,-13,0,3,1,0,-5,-17
0,3,-5,-6,1,2,2,2
3,-6,-11,-9,-2,-1,2,3
-17,-6,0,-2,-1,2,4,-1
-16,-12,-12,-4,-6,-6,-6,-8
14,16,15,11,0,-3,-2,2
-17,-12,-3,-3,-2,0,-5,-6
-8,-13,5,-3,1,3,3,-2
4,4,-9,-9,-2,3,3,5
-7,14,13,0,3,-2,-1,-8
-2,6,10,7,2,-1,-2,-4
-8,-20,-10,0,-1,-3,0,-9
29,22,2,-5,-9,-7,-3,4
0,-15,-12,-4,-3,6,4,8
3,44,23,5,-1,2,2,0
-2,-5,-4,-1,0,3,0,-8
4,-11,0,4,0,3,0,2
3,-9,-13,-8,-5,-6,-5,-1
5,-5,-2,-7,-1,-3,1,8
-8,24,22,12,10,0,-2,-5
-17,-15,-16,-3,5,4,8,7
-16,4,8,6,4,-1,-4,-12
3,-1,8,10,4,1,-2,0
-8,-6,-19,-9,-10,-6,-2,-1
5,-1,6,3,3,-1,-3,2
-9,-22,-16,-6,-7,-5,3,1
15,26,22,2,-2,-1,1,0
27,7,-5,-10,-6,-5,0,14
7,17,7,-1,-6,-10,-16,-21
2,-4,0,5,3,4,3,5
0,5,-1,0,-2,-7,-10,-12
-3,-9,-9,-2,0,-1,-3,-4
6,15,17,2,3,-1,1,7
-4,-7,-11,-1,-3,-2,-2,-5
-2,-27,-2,-3,-1,6,7,10
0,9,10,2,-3,0,1,1
-12,-22,-15,-6,-4,-2,-3,-7
-13,-3,0,4,0,-2,-5,-9
-36,-19,2,15,11,10,7,-4
-5,-33,-8,-4,0,0,-2,-6
13,16,2,0,-1,4,8,12
24,34,12,-8,-3,-10,-8,-5
3,-12,-18,-6,-7,-2,-1,1
14,3,-3,-4,-5,-2,-4,4
-1,-3,0,-5,-6,-3,-1,2
-3,9,9,-1,-4,-1,-3,0
4,-6,-17,-7,-3,-4,-2,-1
-22,-15,-1,-4,-2,-3,-1,-7
6,8,1,7,7,4,1,0
26,12,0,-2,-2,-2,6,14
-11,-15,-8,-3,-1,-5,-4,-10
-16,10,5,5,0,-2,-5,-9
23,1,-11,-8,-3,-6,0,13
-4,-5,-1,-3,2,-1,1,3
3,-12,-14,-5,-5,-5,-5,2
-14,-7,-1,-2,-2,-3,-5,-8
-13,7,27,13,1,3,-4,-6
30,28,12,-6,-10,1,-1,5
11,13,-3,0,-5,0,1,2
1,10,7,-1,0,3,2,-2
-1,-20,-10,1,2,4,3,4
-26,-24,-7,0,1,0,-1,-6
37,30,11,0,-1,-7,-3,6
-3,-9,-10,-1,-1,-1,-1,-3
-29,-21,-12,-4,-3,-2,-2,-11
-5,-1,0,4,-1,6,1,0
-12,2,6,0,0,2,-1,-4
-6,9,4,2,1,0,-1,1
11,7,-2,-4,-5,-2,-4,-1
-18,-33,-21,-9,-2,-4,-4,-3
-7,-13,-4,-5,-2,-3,0,0
6,15,8,4,0,0,6,1
2,7,1,4,12,1,1,0
9,1,0,-3,-5,-4,2,-1
1,4,5,8,7,4,8,3
-9,-21,-10,0,3,-3,-10,-8
3,9,-2,-1,-7,-4,2,2
8,-3,0,4,4,8,12,5
0,16,8,8,12,9,4,-2
-11,-42,-33,-12,-2,0,7,13
7,40,46,5,-4,-9,-13,-7
-5,0,-5,0,-1,-2,-14,-22
-22,-1,4,-5,-15,-6,-8,-9
8,-6,-8,-1,-4,1,-7,-7
-5,2,-6,-1,-1,4,3,3
-21,-30,-6,-5,-2,1,2,6
20,12,-1,-4,-1,-1,-4,-6
9,15,12,7,5,1,-6,-2
-9,-21,-26,-10,-1,-1,13,-15
-4,5,25,4,4,-4,4,0
-7,-14,-7,-2,-2,0,-7,-5
26,7,-1,-1,3,1,2,24
-20,-15,-9,-1,0,1,-11,-13
-16,-19,-13,-2,1,-3,-5,-5
2,22,11,1,1,-3,5,7
7,32,22,1,-10,-6,-4,-10
-4,-20,-22,-6,3,4,5,9
8,11,-9,-4,0,-6,1,4
-7,-4,0,-4,-4,-1,-1,1
-12,-2,-8,0,1,5,2,-4
4,-1,7,2,-4,-2,-4,0
4,4,2,1,0,-2,-3,0
-17,-25,-6,9,6,4,6,-3
-22,7,16,6,4,0,-1,-15
8,-4,-4,-6,-5,-2,-3,-6
4,7,3,4,-1,2,2,3
-3,-7,-12,-11,-9,-8,-12,1
-3,-23,-15,-13,-7,-5,-1,-6
4,5,2,3,3,4,6,14
-6,2,-10,-9,-1,-4,-9,-18
6,2,13,3,-3,0,3,5
-9,0,7,4,-2,3,1,0
-2,-2,3,3,-4,-4,-11,-6
9,-6,-9,-4,0,0,10,14
-3,-12,-9,-7,-1,-7,-6,-5
5,-2,-13,-13,1,-1,1,3
1,-1,3,-6,-2,-3,-1,4
-18,-1,1,0,-1,1,-4,-10
-16,17,18,10,0,-3,1,-15
7,-6,-5,7,-1,1,2,3
1,14,1,-1,-1,-4,-8,-9
9,1,-4,8,6,2,8,11
2,-14,-21,-10,-2,6,0,4
1,1,0,3,-3,0,-4,-2
-1,-16,-12,-8,-8,-2,2,9
-5,8,10,0,-6,-5,-14,-18
5,-5,0,-4,-5,1,1,2
4,0,-9,-2,0,-4,-1,-2
8,13,22,5,3,2,5,5
-2,0,2,-1,-1,0,3,2
-4,-10,-2,0,2,-1,-10,2
-1,-4,-4,-3,-2,-2,5,-3
-8,-20,-20,-5,-1,-5,-5,-10
9,36,21,7,2,2,-4,2
10,-9,-17,-7,-6,-5,2,13
-14,-11,-1,-5,2,0,-11,-27
-8,-9,-6,3,5,-1,3,4
-4,-8,-7,-7,-5,-8,-3,3
4,23,5,3,6,5,-2,-11
5,2,4,0,-5,-3,2,10
-5,2,5,3,-8,-3,3,-1
-3,-28,-30,-5,-5,-1,-6,-11
-4,18,32,4,-5,-6,1,-2
18,37,12,-1,-1,1,-11,-3
-15,-14,-10,-1,-1,-2,6,-6
14,0,-2,-7,-4,-2,4,16
-2,10,6,16,15,6,3,-2
7,-7,-7,-17,-7,-7,-8,6
-9,8,2,13,7,5,-1,1
-10,-3,1,7,4,-1,-7,-3
2,-28,-25,-18,-4,-2,10,2
-14,-10,10,3,3,1,6,1
-6,-18,-32,-16,-6,0,-3,-2
-11,-3,46,11,4,0,3,-1
11,0,-13,-2,-4,0,-3,3
23,71,25,13,3,-2,-3,-1
7,-16,-4,4,0,2,2,2
12,15,-8,-3,-7,4,-3,-3
-21,-34,-14,-7,-7,-2,0,-2
-26,-38,-17,0,5,-1,0,-2
28,38,23,7,9,-3,-3,2
-16,-19,-12,-3,-2,-2,4,-5
7,6,-8,-13,-9,-5,0,1
-9,-21,-11,10,5,2,4,4
-7,14,2,-3,4,4,-1,-7
19,11,-2,1,2,3,1,7
3,-4,-3,2,-2,-1,-5,-5
-11,-3,5,-4,-7,-6,-5,-3
8,-8,2,-8,-11,-7,-4,1
9,27,2,-3,0,-1,0,-2
0,-6,-3,4,7,4,2,-2
-3,-13,-12,-7,-5,-5,1,3
-17,-5,9,0,-1,0,-3,-7
-11,-9,-9,-4,-7,-1,2,5
8,9,-3,2,-2,-2,-5,3
-18,-33,-12,2,0,-1,0,-8
5,-4,-7,-7,-11,-7,-3,0
-10,2,4,-1,1,-1,-4,-11
1,2,-1,-5,0,-7,-3,-1
3,-3,2,-8,0,0,2,-1
10,12,6,2,-2,-4,1,5
-13,-17,-21,-12,-4,0,7,-6
-5,-1,21,3,-7,-3,-6,1
10,12,0,-1,2,3,-1,6
4,5,5,2,0,4,-2,2
10,6,-6,-10,-8,-4,-6,0
0,-7,-7,6,2,-1,0,-4
-11,-13,-2,10,1,1,-2,-1
11,22,8,10,3,2,0,-2
-1,1,1,1,0,-2,-4,0
-4,3,-3,-6,-2,-3,-3,1
-2,-3,-3,-10,-14,-6,-1,-1
-5,6,8,-5,-7,-8,-8,-11
-6,-8,-5,-2,4,-3,-1,-3
-4,-3,-9,-8,-2,0,-1,0
5,-6,-7,2,1,3,3,1
-11,-10,-3,4,-3,0,2,-3
10,21,9,10,3,-3,-1,-4
1,-6,-13,-5,-1,-3,-4,-9
-6,8,24,-1,2,3,2,-1
-6,-12,-5,-9,0,0,-1,2
-13,-31,-7,1,-2,-2,-4,-1
-9,5,2,4,1,2,-1,0
7,18,3,2,-1,-1,-2,-4
-3,-7,-11,-7,-4,-4,-3,-4
-1,-7,1,-9,-4,0,2,4
9,11,6,2,3,1,4,1
-5,-12,-11,-5,-5,-3,1,1
2,-11,-2,6,0,-1,6,5
6,-5,-18,-3,-6,0,-3,2
-8,0,1,5,-2,-1,0,-3
8,-8,-11,-5,4,0,1,6
-9,3,-3,-7,5,-1,-7,-7
-7,-13,-14,-11,-3,-3,-8,-8
2,18,31,10,2,2,-4,0
2,-7,-8,-7,-10,-1,-4,0
8,1,3,-2,-7,-5,-1,8
0,19,25,8,3,-4,2,-3
4,-4,-12,-10,-2,-3,-1,0
-1,16,4,0,0,-1,1,-5
14,19,-2,0,-3,3,2,5
-2,-6,-3,5,-1,-1,-5,-6
-5,-2,-2,-8,-8,-1,1,2
2,-1,6,5,1,1,1,1
-4,-6,0,-11,1,-1,-3,-8
-6,3,4,0,8,4,4,-2
14,7,5,3,-4,-8,-5,6
10,-28,-36,-18,-9,-5,-6,-2
-16,-11,3,4,2,3,-3,-6
2,2,-1,0,-3,0,-1,0
-8,-11,-5,-5,1,2,4,-3
-3,10,1,-2,-3,-6,-3,-5
-5,-14,-16,1,-1,-3,0,0
9,5,0,-1,0,-3,-4,3
-15,-13,0,3,3,-4,-3,-5
-20,-6,-4,1,2,0,-3,-5
1,4,14,8,-1,-2,-2,-3
-2,-5,-2,-3,1,-1,5,-1
-2,-1,-6,1,0,2,2,-2
1,2,5,3,0,-1,-4,-3
-5,5,-6,-9,-4,-1,2,-1
-6,-26,-3,5,-1,1,-1,1
-1,14,0,3,-2,-5,-4,-6
12,3,-1,-5,-5,-4,1,7
-12,-28,-15,-6,-7,-1,6,1
-3,1,3,12,3,2,-2,3
19,5,-6,-13,-2,2,-3,0
-8,1,11,14,12,3,2,-4
12,4,-7,-5,0,-3,-1,5
-3,-10,-7,-1,-2,-1,3,2
-5,-17,-11,-2,-1,-2,-4,-1
-3,4,5,5,3,-2,-5,-2
2,4,1,-2,5,1,-4,-3
-3,-5,-7,-9,-2,0,-4,-3
1,-3,0,1,-3,5,3,8
-7,2,2,5,0,2,1,-4
-24,-16,-10,1,3,1,1,-7
26,37,22,3,-3,-8,-4,-2
11,22,15,8,-1,-4,-1,-7
1,-4,5,-3,-6,-3,2,6
-6,-17,-12,-8,-5,0,-3,-5
-2,6,2,0,3,3,-1,7
-19,-24,-17,-5,13,2,4,-4
19,16,6,1,-2,-2,-2,8
8,2,-2,2,1,-1,-1,5
-3,-4,-15,-6,-11,-5,-2,-5
-3,-12,-1,6,-6,0,-3,-1
-29,-15,-9,-3,0,-1,-5,-12
9,-14,-6,-2,0,-1,1,8
-7,4,-7,-5,-3,-3,-1,-5
10,28,26,7,4,4,2,7
11,-1,-1,-6,-1,4,0,-1
0,2,-4,-6,-1,-1,-6,-7
-13,-9,-3,-4,0,-3,3,-3
-8,-11,-8,4,-2,-3,-1,-6
-6,2,-10,-8,-4,-5,-5,-10
5,-9,4,-3,-5,2,1,0
-17,-12,-3,1,1,-1,-3,-7
-1,5,-12,-4,-3,-7,-4,-5
-4,7,7,-9,-1,-1,-2,2
-3,-1,-6,-2,2,0,-3,0
17,10,10,3,-5,0,1,6
-7,-16,-7,0,-5,0,-1,-3
-15,-17,-7,0,-1,0,-2,-5
10,35,25,6,3,-2,1,4
9,6,3,-1,1,-1,-3,1
-9,-27,-18,-12,-3,-2,0,4
12,29,23,12,8,0,2,0
-4,9,13,7,3,-3,-4,-7
0,-10,-8,-5,-6,-2,2,5
-10,-25,-13,0,-4,0,-3,-9
0,-6,-9,-3,-7,-2,0,2
0,-5,-14,-1,-2,-4,0,-1
-7,-1,-4,10,5,0,-3,-10
3,0,-2,-20,-10,-4,-4,3
-3,-17,-15,-4,-1,0,0,3
-1,-5,-1,-10,1,7,5,7
7,8,7,5,7,3,3,4
1,10,0,10,6,2,-4,-1
-9,-15,-9,-8,-11,-9,-3,-7
-7,-3,-2,-31,-32,-9,-1,-9
4,-4,6,19,11,8,4,5
13,16,8,3,3,-1,0,1
6,8,3,6,8,-1,0,4
-16,11,3,16,8,-6,-10,-10
2,-3,-2,-12,-10,-10,-7,0
-5,6,12,4,2,-1,-3,-3
-14,-32,-12,6,6,3,3,0
15,30,17,3,3,1,-2,-1
-14,-34,-18,-15,-8,-1,-1,-8
6,19,14,0,1,-2,-1,-6
-2,1,0,-3,-8,-7,-4,-2
-9,-21,-19,0,0,-1,1,0
-15,2,-11,-4,1,-2,-4,-5
1,-14,-12,-5,-11,-4,-6,0
8,25,16,-8,-11,4,2,3
3,-14,-5,3,0,0,0,1
-6,-1,-2,5,7,-2,-5,-5
-8,-4,-3,-6,0,1,-3,-4
3,-7,-7,-10,-8,0,-4,6
-4,2,7,0,0,-3,0,1
-9,-28,-7,-18,-6,-8,0,-6
-7,24,15,6,1,0,7,1
1,-3,-8,6,5,0,-4,-7
3,9,13,11,5,4,-3,-2
1,-2,-12,-10,-11,-1,-4,3
-15,-13,-7,-1,3,1,-1,2
4,7,-7,3,1,3,3,-1
1,-8,-17,-18,-6,1,3,4
-4,13,15,8,-5,3,-3,-7
14,-8,1,-5,-7,-4,4,5
9,4,1,10,7,-7,2,-4
0,-7,-4,-4,-2,-7,2,0
14,19,11,4,2,-3,2,5
-4,1,-1,-9,-4,-3,0,-2
2,18,16,10,9,0,-1,3
-15,-18,-15,-4,2,3,-4,-1
1,16,11,2,-4,3,-5,-3
-8,6,-7,-1,1,1,-1,-9
19,-1,-7,-9,-6,-3,3,10
-2,18,5,1,-6,-4,-5,-9
0,-7,3,5,-2,-2,-1,-2
15,-18,-12,-16,-7,-1,0,8
-23,-5,-8,-6,-1,4,0,-11
6,-4,6,0,-2,-4,-5,0
1,6,6,4,1,-6,-2,-1
1,-12,0,9,2,-2,-1,1
-1,1,1,0,1,-2,0,0
-11,-10,1,4,1,3,1,2
2,22,11,1,2,1,1,1
-14,-8,-9,1,2,1,-2,-7
-3,0,4,3,-3,2,-4,-7
3,-6,-3,6,8,0,-3,-10
-16,-24,-25,-19,-9,-7,-1,-2
13,52,29,4,2,-2,-1,0
-3,-19,-13,-10,2,4,4,4
-9,-5,-1,2,-2,3,-1,4
-6,-7,1,4,-2,3,-2,-1
6,-10,-7,-5,-8,-5,-4,0
-5,-4,-7,-5,-3,-2,-3,-4
-5,6,22,4,1,3,0,-7
2,13,-2,-1,2,5,3,-1
3,6,0,-10,-1,-2,-1,-3
11,17,11,10,7,-2,-3,5
-11,-26,1,12,5,-1,3,-1
31,24,7,-7,-11,-10,-5,-1
-24,-9,8,7,9,1,-1,-15
-7,-21,-20,-11,-7,-4,-1,-2
4,14,-2,1,-1,-2,-1,2
-2,-4,-7,7,4,5,2,0
-1,-9,-6,2,-7,0,2,-1
-2,-2,8,-1,1,1,-6,-2
16,21,-5,-8,-3,0,-2,9
-6,-1,4,3,12,-1,-1,4
-4,-13,-13,-7,2,-5,-3,4
-9,-24,-3,0,3,-2,3,-3
-1,-1,-12,-7,-4,-4,3,-6
-7,-13,9,0,-5,1,1,-1
1,-1,-3,0,-10,1,0,-2
4,7,8,5,-10,-3,-5,-3
0,-6,-19,-6,-3,-2,-3,-4
8,-1,-6,-2,0,0,-1,-3
-5,-5,-3,5,0,-1,-1,-2
-2,10,6,-4,-1,0,-3,0
7,13,3,-6,0,-4,-5,0
-11,-14,-13,-6,-1,2,2,-3
3,2,14,-2,4,5,0,5
11,11,11,5,6,3,4,11
-4,-9,-6,-3,-8,-5,-5,5
-1,-7,4,0,0,0,1,0
9,8,-12,-6,2,-3,-3,-2
-6,6,2,3,4,-4,2,-4
-7,-12,-8,2,3,-2,-3,-6
-9,5,-7,-3,-4,3,1,-3
1,-8,-4,6,-6,0,2,1
7,0,-9,-5,-3,-2,-3,0
-11,-14,5,-6,-8,2,-1,2
-9,0,14,0,-1,1,0,1
8,2,-2,-5,3,-1,0,0
0,18,3,0,0,-2,-4,-7
12,3,-4,-2,-2,-5,3,-1
2,-6,-3,-3,-1,-5,-2,2
-4,4,-1,2,1,0,3,6
3,-9,-4,8,3,-1,4,5
-8,-8,-5,-1,1,1,0,-7
-5,2,-4,1,1,-2,-6,-10
-3,-5,-5,-5,-5,-6,-6,-6
-10,-1,-3,-11,-13,0,-3,-3
11,3,6,7,4,0,-2,8
-15,-11,-5,-3,-7,0,-3,0
-13,-18,-11,-1,-4,-1,-5,-5
-5,6,14,5,-5,-1,-1,-1
8,6,4,-2,1,0,5,2
-2,-12,-3,1,-1,-5,6,2
27,29,7,1,4,1,3,-1
-22,-9,-12,-5,-3,-1,-5,-21
-5,4,13,2,3,4,-4,2
27,24,7,1,3,-3,-6,6
-17,-13,-8,-7,2,3,-4,-4
10,-4,-6,-13,-1,0,-1,5
6,-1,1,-6,-4,2,0,-3
3,9,0,-1,2,-1,4,0
-6,4,13,1,-4,-5,-6,-4
0,-9,-7,11,4,1,-3,-2
-19,-11,-8,5,-2,-3,-2,-12
5,-3,-5,0,-4,-6,-4,0
-16,-19,-15,-4,-10,-3,0,-7
-12,-4,4,-2,-5,-4,1,3
12,25,14,3,-2,-4,3,9
-10,-27,-11,-11,3,3,-3,-5
10,-3,1,-7,4,2,-3,4
10,-20,-11,-15,-5,-2,-4,1
-5,2,-3,5,0,4,0,-1
13,29,13,6,3,4,2,6
-7,-7,2,5,-1,1,-1,-2
2,3,11,6,-1,-3,0,-2
-1,2,-8,-3,-11,-8,-3,-8
-3,-18,-13,-7,-12,-4,0,-1
-7,4,-4,2,2,-2,2,0
-1,-1,-6,4,3,-1,-1,0
3,2,23,0,0,-1,-4,-1
-9,-12,-4,-4,0,-1,1,-3
12,4,2,-7,1,-5,-4,1
0,6,-6,-8,3,-4,-5,0
-10,-8,-12,-1,2,-1,-3,1
7,24,9,4,-4,-7,-4,-2
2,-10,-13,5,-1,-4,7,3
8,25,23,5,-3,0,5,0
8,-15,-20,-12,-5,2,1,4
-12,0,9,3,-1,7,-8,-11
-3,-8,0,2,-3,8,0,3
-14,-16,-19,-3,-3,3,-2,-7
-7,-3,8,0,0,-2,0,2
8,-7,-12,-8,0,-3,2,5
-8,-18,0,-3,-1,-5,-3,-10
6,-3,-19,-8,-2,-4,-2,-1
-1,-1,3,5,7,-1,-2,-7
-5,-3,-5,-4,3,2,4,0
1,12,13,3,1,2,-2,6
0,2,7,2,-1,2,2,6
-3,7,2,-1,-6,-1,-3,-1
-3,0,1,1,-4,-5,-6,-7
-2,8,-8,-4,-1,-2,0,-4
-1,-6,2,-2,5,-1,-2,-2
-2,-2,-11,-1,3,0,0,2
6,-5,0,-2,-8,0,-8,-2
11,14,7,6,-9,0,0,1
-15,-11,-4,2,-1,1,1,-1
-4,-6,-9,0,2,-5,1,-2
-5,-3,12,2,7,-1,2,0
-5,0,8,0,4,-2,-4,-10
-9,-3,1,-3,-2,0,-2,-8
5,-13,-10,-6,-5,3,7,6
-7,7,-10,2,-3,-1,1,-4
-8,4,-1,4,6,-2,-4,-2
5,-9,1,-2,1,-3,-2,4
6,24,18,5,-1,2,0,3
0,-8,-12,-10,-4,3,-2,2
-10,-20,-7,-4,-5,-4,0,2
-1,13,6,0,-3,-2,-3,-5
1,-5,-3,-5,-4,0,-1,0
-16,-16,-8,-4,0,1,0,-4
6,-13,-16,-2,-3,-2,2,2
4,-3,-1,3,3,3,7,4
2,16,5,2,0,-5,-4,-9
-3,-2,4,4,-1,-3,-6,-5
-9,-10,0,-2,-1,-3,1,3
7,21,4,2,-3,-3,-1,4
-1,-8,-9,-3,-5,-3,-5,-4
0,-2,5,1,-5,-2,-2,-5
-2,-1,1,-6,0,1,-2,-2
4,2,-2,-6,2,4,-4,-3
12,22,1,-3,2,1,-3,2
0,4,11,0,7,-2,4,3
-6,0,-1,-1,-5,-3,0,-4
5,4,-2,3,-12,-5,2,3
-21,-31,-17,-1,-6,-1,4,-1
15,18,4,4,-5,-5,-1,4
7,14,9,3,4,3,1,5
-1,1,-3,-6,-3,0,-4,-2
-13,-16,-8,-5,1,-1,-8,-6
3,-9,-10,-4,-2,2,1,8
16,27,11,-4,-7,-2,-6,2
-12,-14,-4,9,-1,3,1,-7
6,5,6,3,-2,-1,-3,-5
-2,-5,-9,-2,7,-3,-3,-3
3,7,-3,-4,3,-4,0,-5
-9,-7,-4,-12,1,-3,3,-1
-1,-7,-2,-8,-2,-2,0,1
1,2,6,7,-8,0,1,6
-8,-14,3,8,-2,1,0,0
0,5,-4,-5,-2,-7,-3,-7
-3,-12,9,5,11,1,8,2
6,29,9,5,5,-1,-2,-1
-4,-3,-9,-7,-7,2,-5,0
18,10,1,-11,-13,1,-3,2
-10,-1,0,9,-6,0,-8,-12
-3,-21,1,-2,-7,-3,-1,-1
3,-5,0,-10,-5,0,2,4
-12,-5,5,-9,2,-6,-3,-3
0,-3,-9,-5,-4,-9,-3,1
-2,-6,-2,-2,5,5,4,-3
-4,1,-5,7,8,-3,-1,-4
5,-21,-9,4,3,-1,-1,-2
9,27,2,7,2,-2,-1,2
-15,-2,-13,-6,-8,-3,-2,-6
11,-3,-3,1,-5,-1,-1,3
-7,-12,-6,0,6,-2,-4,-4
-8,-12,-7,-6,-3,-2,2,1
-2,2,2,-3,-7,0,-4,-2
-8,-3,-6,-1,-5,7,6,2
-5,4,5,5,-6,4,1,-3
-14,-21,-11,-4,2,-4,-2,-13
-12,-1,-1,-1,9,0,-1,2
-4,-9,-4,-6,4,-3,-4,4
-4,-3,-12,-1,2,-1,-6,3
12,5,7,-6,-7,-5,-2,3
7,-11,-6,-7,-7,-3,5,7
-6,3,11,10,2,-1,2,-7
-13,-5,-9,2,2,1,4,-5
11,12,4,-1,-3,3,2,0
4,-11,-9,0,7,-5,1,-5
-7,-11,-8,-2,-1,-3,-5,-6
14,22,12,1,-1,-1,-2,8
-2,6,1,6,-3,2,-1,2
4,3,1,5,-5,-2,-5,2
-12,-5,-5,-7,-5,-2,-4,-8
-2,-7,0,0,-1,2,4,-3
6,8,2,1,0,-1,-4,-2
-2,-5,-11,-5,-3,-1,5,0
2,4,12,2,4,0,2,1
16,6,2,-6,-1,-6,-3,2
-8,-16,-5,-3,2,1,-1,-2
-11,-18,-4,0,4,2,-3,1
-3,14,1,1,-3,-3,-3,6
2,-8,-7,-2,-4,0,-3,1
-9,-4,-6,-5,1,0,0,-4
4,11,5,2,1,1,1,-4
-1,-8,-4,-3,-5,-4,-1,-5
-5,0,3,-2,-7,-4,-2,-1
-6,0,3,-5,-7,0,0,4
-2,-9,-2,-1,-6,2,-6,-1
6,-3,-4,0,1,-1,4,3
-8,-4,-1,4,4,-2,-2,0
12,-6,-4,-5,6,-1,1,6
-1,11,6,3,4,0,1,-1
-1,15,3,-7,-5,-5,-5,-10
-6,-10,0,3,-2,1,1,-5
3,3,-2,-2,-4,-1,-2,2
1,-4,-2,-1,-4,-1,0,0
2,2,5,-1,1,-3,2,8
-6,0,-6,-2,0,-5,1,-1
3,2,-7,1,-3,0,-4,-4
-6,-1,-4,0,-1,0,-3,-10
10,1,-3,3,-2,2,0,-2
-7,4,3,-2,-1,-6,0,-3
-11,-13,-14,-16,-5,-2,-2,-5
4,11,5,-3,0,-1,-5,-1
-4,-5,-3,-1,-3,3,-2,1
8,2,4,6,1,2,3,8
-5,1,2,7,-1,2,1,2
11,4,1,-2,1,-1,6,2
-4,-10,-9,-5,3,0,1,-4
3,9,6,3,0,2,-3,-5
1,12,8,4,-1,-2,1,-1
4,5,2,-1,-1,-3,-3,-2
-3,-12,2,3,1,-2,-3,-2
0,1,0,-3,-1,0,-4,-1
-3,14,22,6,6,-1,-4,-3
-5,-8,-11,-2,-6,-1,1,4
1,3,-8,-1,-3,1,-2,-5
-4,-13,-2,1,1,0,1,-2
2,-9,-15,-7,-3,-4,-1,-1
15,11,6,-5,4,-2,2,6
-8,-3,7,-5,-1,1,-2,6
-3,8,3,-1,-8,4,-2,-1
-4,-6,-3,-1,-3,3,-2,-9
-4,-4,-4,-1,-1,3,-4,-4
3,-1,-6,-6,4,-2,-3,4
-4,2,0,-5,1,-8,-5,-1
-7,-10,-8,3,-6,-7,-2,0
-13,-12,-7,5,-5,-2,1,-2
8,1,-4,4,-3,4,2,-1
-8,-13,-6,2,4,4,0,-2
15,4,-4,-2,7,6,4,1
-10,-2,-5,-7,-2,-4,-5,-7
6,9,18,1,-4,-6,1,0
-12,-2,2,-2,-4,-3,1,-6
-4,-13,-3,-8,1,-4,3,1
-4,-10,0,2,6,-2,0,-2
-2,-2,-8,-7,4,-5,-7,-4
11,10,3,-5,-2,-6,-6,1
-2,2,5,8,2,0,-1,3
-2,-7,-2,2,-3,0,4,6
-4,7,5,-2,-7,0,-2,-4
3,-3,-3,-1,-2,3,1,6
3,6,-5,-2,1,-1,-6,-2
-8,-2,3,3,3,0,-2,-7
-5,-9,-4,3,4,7,3,2
3,-6,-1,-2,-8,1,-1,3
4,7,8,0,-14,2,4,4
16,9,-1,0,-6,-4,-1,3
-19,-13,-14,-2,-1,-9,-4,-11
-1,-2,-7,-6,2,-6,-2,-10
-2,-5,-1,-6,2,-1,4,-2
-1,-3,-12,-3,-7,-1,-2,-3
-3,-3,7,2,-2,3,0,1
2,-6,-1,4,1,-5,1,2
2,11,7,4,2,1,1,2
-4,-8,-5,-4,-1,-3,0,2
-8,-1,-6,-2,-3,-3,-5,-9
4,0,2,1,0,0,-1,3
-4,-12,-4,-8,1,-4,-2,-3
-8,-5,2,1,4,-2,2,1
17,33,17,5,0,-7,2,7
1,-9,-9,-1,-8,-1,-5,-7
-16,-9,-11,1,0,6,-3,-2
2,6,1,-2,4,3,-3,5
0,-3,-2,-1,1,-1,1,1
-5,0,-2,-3,-5,-3,4,-1
-3,4,7,-4,-4,-7,-6,-2
2,6,9,-4,-1,1,1,-1
-5,-20,-9,-6,1,-1,-1,-7
11,13,-4,-1,2,0,0,3
7,-1,-11,-2,-5,0,-5,-8
-6,-6,-1,0,-6,3,-4,-1
8,-5,-5,1,-1,7,-1,1
-4,1,5,2,0,-4,-3,2
-17,-7,-3,1,1,-10,3,-3
-2,10,1,0,1,-8,-1,-4
-7,0,0,-2,-4,-3,-1,-5
4,8,4,-5,-3,-5,-5,-8
3,-7,0,1,0,2,0,1
-4,-9,-1,-2,0,0,-2,0
10,10,7,-1,1,-1,1,5
-18,-16,-10,-4,2,2,-1,-2
6,8,4,-1,-2,-1,-6,2
9,1,-2,-1,-8,-4,-2,-4
4,-6,-8,1,-6,-3,4,6
-9,-4,-4,5,0,0,3,-2
1,4,3,4,1,-3,2,-3
-6,-7,-4,-3,1,5,1,-4
1,0,-7,-7,-5,-1,-3,-1
7,3,0,1,2,2,2,0
-2,5,8,5,1,4,1,1
4,12,4,0,0,2,-1,3
-18,-10,-7,-10,2,-4,-4,-9
7,-4,3,-4,5,0,-1,8
3,12,-3,-1,0,-4,-5,6
4,0,-2,4,-1,-2,-7,-3
-6,-8,-13,-2,-8,2,-3,-4
1,6,1,0,-4,3,4,-5
-7,-6,11,5,-2,4,2,-7
-7,-6,1,-1,0,1,2,-4
3,-8,-5,1,6,-4,1,8
-1,-2,-2,-4,3,-5,-2,-2
-4,-6,-5,-4,-3,-6,1,-4
-4,1,5,-4,-3,-3,0,-4
-3,3,3,2,3,-1,-1,-4
-4,-3,3,5,-1,4,-2,0
2,-4,-3,5,-2,1,-3,5
-4,-5,-6,-4,-3,-4,-8,-7
3,2,-6,-4,-8,2,0,1
-4,2,-2,-8,-6,-3,0,2
10,3,4,-5,-5,1,-1,4
6,1,5,3,0,1,2,3
-5,4,1,-2,5,-1,0,-3
-8,-12,-12,-4,4,-1,0,-4
-2,-4,-1,1,-1,-2,-1,-3
-1,11,4,4,-3,-2,1,0
8,15,7,3,-3,-1,-3,-1
4,0,-4,4,0,1,0,-4
4,-5,-7,-8,1,-5,1,3
-7,3,3,1,0,-7,-2,-5
-6,1,4,3,0,-2,-4,-2
-6,-3,-5,-8,-3,-4,-6,-5
3,19,10,1,1,3,0,1
-13,-14,-5,-5,2,6,-2,-6
5,-11,-1,-2,1,4,1,0
18,-5,-3,-3,-8,1,2,2
-11,-15,-7,0,-4,-2,1,-8
-1,-9,-16,-5,-3,-2,4,6
-20,-16,-7,-1,-1,-10,-3,-7
15,19,9,2,-1,-7,-8,2
10,2,-2,-4,-1,-4,-4,0
-5,-8,-2,-1,-3,0,-6,-10
3,-5,0,2,4,4,3,4
-7,-1,-1,0,2,1,2,-2
-2,-5,-9,-8,-1,-1,1,7
-1,-4,-3,-2,4,1,-3,-1
1,-3,-4,4,-8,0,-1,-1
-5,7,9,7,1,5,0,0
-14,-9,-10,-3,-2,1,-2,-4
9,14,5,-2,0,-8,-1,2
-8,11,4,-2,1,-6,-4,-4
-6,0,2,5,4,-2,1,1
-9,-14,1,4,2,2,-2,-5
6,3,-4,-1,-2,1,3,0
1,6,11,2,-7,-2,0,1
-7,-10,-6,-1,-12,-4,-5,-8
