-2,-2,-1,-1,-3,-1,1,0
2,0,-3,0,4,1,-4,-1
0,-1,1,-3,-3,1,-1,-2
-2,0,-2,0,-3,-1,0,1
-1,1,-2,-4,0,-1,-3,-1
-2,-2,0,0,0,-3,-4,-4
-2,-3,-14,-8,-4,-3,0,-1
4,0,12,4,-1,0,-1,0
1,-1,-1,1,1,2,-1,-2
-2,-1,-3,0,-2,1,0,-1
0,-1,-3,-3,1,-2,-1,-2
-2,-2,-5,1,1,1,0,2
-2,-1,-3,-8,-7,-4,-2,-2
-1,-1,3,1,1,-2,-2,-1
-1,0,2,3,1,1,0,1
-2,0,1,-3,1,0,-3,-1
0,-2,3,0,-1,-3,0,-2
-2,4,0,1,2,-1,0,0
1,0,-2,-4,-4,-1,-2,-2
-2,-1,-6,-3,-2,1,-1,0
-1,-2,0,-1,0,-1,0,-2
-2,-6,-7,-4,-2,0,-2,-3
-1,-3,-2,0,-2,0,0,2
2,5,15,13,2,3,0,-2
-5,-9,-2,-1,0,-2,0,-2
4,20,3,1,1,1,3,1
-2,-5,-9,-6,-1,-3,-1,-3
-3,-2,-1,-5,-1,-2,-1,-1
-1,-1,3,4,-1,3,1,1
-5,-12,-9,-4,-7,-8,-6,-6
-2,-2,9,0,-1,-3,-4,0
2,4,0,-1,-1,0,1,3
1,6,0,0,2,1,-1,-2
2,18,-2,-4,-2,-1,-1,1
1,2,6,3,1,1,2,0
-5,-21,-4,-1,-2,-2,-1,-4
-3,-10,-15,-2,-3,0,1,0
-5,10,-11,-7,-6,-4,-2,-1
0,-3,-7,-3,-1,-1,7,-15
7,-9,-8,7,2,-2,-10,57
4,-13,-5,-5,-2,-5,-2,-19
-24,-27,10,-4,-2,-4,-7,-13
-7,-25,-25,-6,-1,-1,2,2
9,-36,-12,-7,-3,-2,3,5
8,5,12,1,-3,-6,-3,-10
-34,-82,-30,-1,6,4,0,13
19,48,28,7,-2,1,0,19
-54,-52,-20,-12,-14,-10,-2,-57
9,-64,-30,-34,-12,-4,-3,49
27,17,-12,5,-2,-5,-4,-15
34,95,91,40,20,17,14,21
-14,-16,-7,2,0,0,-6,-20
-12,-1,-10,12,3,2,4,-8
-7,-24,-18,-8,-1,1,-1,-3
10,86,-8,-5,-5,-6,-8,-4
28,-16,9,-4,5,1,5,8
2,90,51,13,6,3,-4,-15
9,2,1,-8,-4,0,8,21
-42,-125,-44,-14,-3,-8,-15,-26
17,42,-34,-4,-3,-1,4,1
-6,22,60,14,5,5,-3,-8
19,27,5,-2,-2,2,3,33
-66,-118,-65,-23,-11,-10,-6,-29
-16,-50,-10,-3,-5,-9,-10,0
1,7,-27,-9,-5,1,25,39
1,36,12,4,5,4,-27,-54
-23,-85,-51,-16,-4,0,6,25
-39,-24,-14,2,-9,-14,-16,-27
23,53,-21,4,0,-2,-4,2
2,-97,-35,-9,-6,-3,10,10
3,104,27,-14,-4,-1,-2,-14
4,17,15,-1,-4,2,-1,13
24,36,9,21,2,-3,1,8
10,34,-46,-8,5,4,6,1
5,-55,-11,-6,-4,-3,-9,-12
-6,61,19,-13,-1,1,9,2
-11,-9,-6,-3,-3,-4,-13,-22
7,104,89,28,9,5,6,-10
25,64,-23,1,0,0,4,13
-12,68,17,4,4,2,4,-6
-14,-34,39,19,16,13,14,3
-1,-98,-50,-6,-9,-9,-14,-18
6,-62,-8,4,0,0,-6,7
38,95,21,13,7,8,9,5
-25,-10,-116,-60,-22,-18,-21,-25
14,118,80,39,10,5,17,31
-14,-52,-75,-11,-2,0,4,-14
-27,-49,-22,-11,-10,-6,-15,-24
-25,-74,-16,-11,-9,-4,-3,-15
-33,-18,0,-10,1,3,9,17
66,56,35,6,-7,-8,-12,31
0,74,0,19,19,16,18,-24
8,-78,-72,-25,-11,-14,-20,13
-20,26,7,14,6,7,-4,-27
-20,-102,-17,-1,-2,-2,-3,0
62,25,-29,-5,2,4,18,57
-28,-15,1,8,2,-1,-5,-21
24,-24,-20,-3,-2,-3,-5,9
-21,100,-1,-1,2,2,11,15
9,-64,-41,-29,-16,-9,-15,-46
-8,24,96,33,14,12,15,24
-33,-127,-67,-26,-17,-13,-16,-26
-12,11,-41,-2,-3,0,0,1
-20,-122,54,5,-3,-7,-10,-9
-46,-52,-65,-26,-11,-11,-9,-21
12,66,90,3,-2,0,3,8
-22,-100,-4,0,2,2,-6,-18
-6,58,46,10,-1,-7,-6,-3
40,18,-27,-5,-5,1,-5,5
-29,-52,-14,-16,-3,-12,-6,2
5,42,52,15,2,-5,-8,-21
-11,-57,-53,3,2,4,5,9
15,55,1,7,2,6,9,-9
22,76,19,9,2,1,6,18
-8,-95,-23,-12,-3,-3,10,12
-6,-80,-53,-9,-2,-3,-13,-2
9,62,8,9,5,8,6,-8
7,-30,-36,0,-2,5,8,4
-12,-4,-9,13,7,6,0,-10
50,37,1,10,3,5,12,31
8,65,12,7,6,2,3,18
-15,-39,-5,-13,-10,-14,-15,-23
12,32,71,7,5,6,17,17
-26,3,-54,-24,-8,-4,-6,-15
-2,-108,79,28,3,0,-8,-13
-26,-67,-74,-22,-4,-2,-2,11
11,85,74,29,6,3,12,-1
4,-71,-34,-12,-6,-3,-6,21
-12,-55,-24,-23,-9,-10,-12,-21
19,-93,34,4,-3,-2,1,39
-33,-58,-94,-13,-3,-5,-11,-45
-10,-36,91,28,13,6,8,21
-10,-68,-60,-14,-12,-8,3,6
12,34,-15,-3,2,0,-4,-16
0,8,2,-11,-7,-1,-10,7
10,44,11,2,5,0,3,-9
-18,-128,-29,1,-4,-6,-8,-11
10,93,45,4,5,5,12,2
9,-44,31,0,-4,2,-3,10
-19,14,-35,-4,-7,-8,-8,-13
14,71,5,-4,4,1,6,0
-7,-31,-18,7,0,-2,-1,-6
0,54,28,4,-1,-1,-6,5
61,35,31,7,3,5,6,-2
-10,-9,-79,-13,-3,1,-2,27
1,59,95,19,4,-1,5,-18
-33,-86,-12,-11,-10,-16,-35,-14
10,-56,-7,0,1,1,8,5
13,127,39,3,2,1,-3,-11
-6,27,-14,2,3,6,-3,-2
-12,-40,-90,-25,-10,-6,1,-8
28,79,25,25,10,6,6,18
-1,-21,24,17,6,7,6,-4
20,-46,-55,-10,-6,-1,-2,20
-6,22,-7,-2,1,-2,7,4
-57,-112,47,-10,-1,-1,-10,-11
-44,-93,-40,-19,-11,-7,-4,-22
54,56,61,11,0,-6,-4,8
-10,-65,-18,2,1,2,4,8
-17,-10,-15,-21,-9,-7,-4,-8
-9,-87,41,7,3,-1,-5,-4
11,50,46,15,4,6,-1,-16
39,-23,-18,0,1,3,13,30
-19,38,-27,-15,-9,-7,-7,-20
27,-53,22,9,7,0,-5,4
-13,6,-59,-8,-2,-6,1,1
1,-10,89,18,6,2,-2,-7
9,-19,-55,4,-1,3,5,8
-13,-14,-18,-3,-6,-1,-1,-8
5,-49,-7,4,-1,-1,-9,2
-56,-62,-30,-16,-8,-10,-5,-42
27,47,-14,-22,-1,-4,3,19
-23,22,-21,-8,-9,-5,-5,-10
30,36,34,26,9,6,8,4
18,-25,-52,-6,-8,-2,-1,25
-35,-64,-67,-17,-3,1,-10,-24
24,108,-16,4,5,-1,10,15
-6,-27,-24,-1,-3,-4,1,-4
26,106,14,9,1,-2,-3,-9
-19,42,-7,-4,-1,-2,-2,-4
28,49,32,-3,3,2,-4,2
0,-68,-27,-15,-2,6,13,24
18,100,73,9,7,2,-5,-18
23,-46,-17,12,-3,0,4,17
-22,-32,-37,4,1,1,-2,-10
-2,13,20,0,1,1,-1,10
10,-72,-68,-24,-10,-4,1,-13
-9,24,28,22,5,3,-4,1
16,-17,45,2,2,-2,4,21
-40,-56,-43,-12,-4,1,1,-30
30,48,73,26,15,11,9,21
-17,-51,26,15,-7,-9,-22,-22
14,77,21,-2,1,2,10,12
-39,-47,-55,-30,-10,-8,-11,-25
15,38,11,3,2,3,5,22
-1,-35,23,0,-4,-6,-4,-13
-9,-12,29,13,6,4,6,18
-14,30,-7,-18,-8,-5,-10,-26
69,127,16,32,15,11,12,4
-10,-104,-62,-13,-4,1,6,9
16,34,63,24,12,7,1,9
-13,-105,-95,-32,-7,-5,-10,-11
-36,-117,-65,-5,-11,-13,-2,-3
20,6,-21,-17,-4,-1,0,3
-39,-95,-35,-19,-11,-7,0,-23
2,16,-17,-4,-9,-8,-8,-9
6,-37,17,-4,-1,0,-6,4
8,112,47,9,1,0,10,1
1,-6,2,-10,-6,-5,-13,-21
-11,-5,-6,3,0,-2,-3,-2
-40,-14,-36,-11,-9,-5,-5,-12
0,-15,45,-2,-2,-2,1,12
5,-7,-38,2,0,1,1,-10
-6,-22,-4,5,2,1,-10,-15
-9,15,-26,-16,-6,-5,8,15
13,-5,35,11,7,3,0,-13
25,43,25,14,2,1,1,14
-32,-108,-74,-34,-15,-9,-10,-13
18,-31,31,18,9,4,-5,2
-24,-43,-49,-21,-6,0,6,-3
-9,-28,13,-2,1,-5,-2,2
41,51,37,23,7,5,11,8
-21,-25,-41,-24,-11,-5,-13,-20
-21,-64,-28,-9,-3,-5,0,16
19,6,25,14,-3,-4,-2,13
-29,-94,-47,-4,-3,-6,-5,-12
9,113,93,13,3,1,13,2
-15,-64,-26,-9,-5,-4,-11,4
-43,-108,-46,-17,-7,0,-6,-25
20,44,24,0,4,6,5,20
-5,-51,-37,-2,-1,1,-4,-13
1,33,-8,-5,-3,-9,-5,-3
13,26,-6,-3,-1,-1,4,8
15,82,26,13,4,3,6,-3
-17,-61,-17,-7,-3,-2,-14,-7
31,9,49,22,8,6,3,8
32,83,-17,12,10,9,15,-5
13,115,108,25,9,8,1,13
-16,-63,-21,-16,-7,-5,-2,-2
-30,-20,-63,-16,-7,-7,-14,-32
73,48,105,26,7,2,2,21
-12,-54,-32,0,-5,-3,3,-3
-10,-62,-68,-22,-8,-4,-1,-1
12,98,36,5,4,5,7,1
-16,-78,-72,-37,-13,-6,-3,0
-28,-35,16,7,1,-2,-4,-10
71,55,-2,22,10,6,10,31
-4,-16,17,5,-3,1,-4,11
-55,-111,-18,-17,-13,-11,-12,-18
35,66,-15,2,3,-2,2,24
-4,6,16,3,6,4,3,-9
-5,24,-29,-16,-5,-3,2,-3
1,49,-6,9,4,1,-4,4
-13,-73,-8,-1,2,0,4,10
2,65,58,9,1,0,5,-6
2,-12,-9,-2,-1,-2,0,-8
-58,-22,-46,-16,-10,-7,-11,-22
55,71,66,9,5,3,1,13
-9,-40,-5,4,-1,2,-1,-8
-1,-30,14,-3,-4,-2,1,-2
2,18,46,22,5,4,1,9
-16,-26,-21,-1,-2,-1,7,-4
-40,-56,-22,-22,-10,-12,-25,-47
-4,13,-18,0,-3,-6,2,13
32,-90,-82,-26,-8,-5,3,29
0,-36,-1,-3,-5,-1,-1,-3
-17,-33,-29,-11,-7,-3,-8,-10
-28,-95,-25,0,-4,-7,-7,-25
24,-2,8,-6,-2,-1,-3,8
-12,-18,-25,-6,6,4,9,3
-3,-4,-41,-16,-13,-9,-3,-4
39,89,104,34,11,4,2,19
-11,8,-46,-6,-1,1,1,-2
20,69,11,4,5,3,-1,3
9,11,24,8,7,5,8,13
-12,-26,23,6,1,2,0,4
-11,-39,6,3,0,-2,-3,-12
-2,-70,-23,-3,-5,-5,-10,-30
-34,-23,-8,-12,-5,-7,-1,28
22,120,9,3,0,3,4,0
52,46,25,12,7,1,-2,4
-74,-128,-98,-31,-18,-9,-2,-16
47,89,65,27,15,6,-23,10
9,-83,-62,-19,-6,0,4,-9
-27,31,14,-13,-7,-4,0,-4
0,44,32,-1,-5,-10,-3,-2
24,-43,-13,-5,-2,-4,2,4
-26,-25,-24,-3,2,2,2,10
43,46,37,-2,-3,-1,-6,2
-7,-76,29,25,4,3,0,3
-6,-40,-70,-36,-10,-10,2,8
21,74,91,21,11,8,0,1
-41,-112,-70,-14,-10,-7,-2,-17
26,87,-19,-7,-3,-3,-3,13
-17,55,70,21,5,3,4,-6
-8,-20,-77,-2,1,3,2,-2
-10,-3,4,2,-1,-4,-3,1
8,-19,-14,-4,1,2,0,5
-18,-117,-48,-11,-4,-1,-1,0
-18,-34,-28,-14,-7,-5,-3,-27
-6,90,44,25,9,7,7,15
-37,-42,-44,-12,-7,-2,0,14
10,1,10,4,6,1,0,-3
31,5,-36,-6,-1,-3,4,16
-45,-61,-34,-9,-6,-5,-19,-50
37,111,-4,-3,1,1,7,37
0,-30,15,2,3,4,8,5
3,14,-4,5,1,1,1,-8
13,-10,-10,0,3,1,-2,9
-27,-72,-25,-3,-7,-4,0,-18
16,47,10,-13,-2,-1,10,5
-12,-51,-23,-4,-4,-2,-14,7
-9,-62,-11,-5,0,0,8,-15
13,66,60,11,4,3,-7,-9
-17,-16,-22,-2,-2,-1,3,6
-28,-87,-14,-14,-9,-6,-9,-18
28,1,-12,-8,-5,-3,7,20
-38,-90,-9,2,-2,-5,-10,-15
12,42,-2,10,1,-1,2,-10
12,13,3,6,3,1,7,25
3,45,-16,-2,1,3,0,-11
13,44,50,-10,-4,-3,-4,-4
7,-47,-4,9,-1,1,-7,3
-9,-3,-19,-8,-2,-1,-8,-17
-5,5,47,14,0,-1,3,6
12,48,20,7,7,5,3,-6
-7,64,13,-1,-1,2,0,0
-23,-22,42,3,-6,-10,-17,-3
1,45,22,-8,-1,1,0,0
-20,-62,-33,-7,-4,-6,-4,-17
4,-1,48,18,3,-1,5,-1
7,-9,-17,2,-4,-4,0,-6
-31,-61,-40,-14,-6,-7,-11,-10
-17,-67,-9,-7,0,-1,-7,-17
17,17,16,-2,-6,-6,-2,15
-18,-8,-7,-11,-3,0,-4,-14
25,61,50,11,6,4,7,17
24,57,2,7,0,1,2,-14
-29,-50,-22,-5,-3,-5,-9,-8
20,97,49,9,6,4,12,15
5,44,-45,0,2,-3,-11,9
-7,-45,13,-8,0,1,1,-14
16,50,28,22,5,2,6,4
-17,-70,-38,-12,-6,-2,-8,-1
-6,-108,-12,-2,-4,-6,-4,-11
4,52,0,1,1,1,3,30
-25,-85,-49,-18,-8,-3,-5,-25
13,44,72,18,7,4,8,11
-2,-25,-31,-8,-5,-1,-1,-12
-27,-71,13,0,-5,-4,-3,11
-14,-33,-1,-2,1,-2,-1,-22
4,-16,-32,-8,-2,0,-5,2
7,-6,28,6,2,3,4,9
4,5,-6,-1,-3,-3,-3,-7
-5,4,-54,-20,-7,-9,-9,3
16,44,4,-4,-2,-1,-5,-19
-15,21,-53,-8,0,-1,12,12
-1,-35,-24,6,1,-2,-14,4
17,-13,-2,11,2,3,5,4
0,20,-5,-7,3,-2,3,1
10,-5,-2,-1,-6,3,4,2
-17,-47,-32,-9,-2,-2,-3,-9
-7,21,7,-3,0,2,-2,-6
8,14,39,10,2,-2,-2,-8
6,22,46,5,4,2,4,10
16,24,21,10,1,0,14,15
21,19,-12,-10,-5,1,-16,0
2,90,38,11,1,-2,6,7
-26,-15,-18,-7,-4,-5,-14,-12
59,93,40,12,7,4,10,-1
4,49,47,13,5,8,14,13
-26,-67,-41,-3,-6,-3,-12,-7
-1,37,-19,-9,-3,-3,1,-3
-9,-60,-5,7,-2,-1,-4,-3
-14,-44,-21,-6,-5,-6,-4,-5
6,3,7,1,2,-2,2,-3
-2,-69,9,5,0,2,3,17
-11,-45,7,-11,-6,-6,-10,-13
0,62,-7,5,-1,2,3,-9
-37,-128,-47,-23,-13,-9,-6,-10
-3,11,7,-4,3,-3,-2,2
41,119,80,34,13,9,12,20
-6,-46,-27,0,3,3,0,-5
-12,-52,-44,-14,-5,-3,-4,1
-22,-45,-10,-7,-5,-3,3,-13
-19,-45,-12,-8,-5,-4,-6,-7
3,18,-27,-2,4,-2,-1,4
10,-12,29,7,3,5,2,2
-15,-35,-28,-3,-4,-5,-4,-22
8,-39,-40,-16,-7,-4,7,59
-8,11,-27,2,3,0,-13,-24
32,21,26,2,2,0,7,7
1,37,9,6,3,3,-7,-8
1,-68,3,-2,-4,-4,-4,-3
1,-14,10,-2,-3,1,7,17
-2,27,-3,-5,0,0,2,-1
15,46,9,5,1,3,-2,-3
1,2,-34,-13,-3,-3,-4,8
-26,-15,-27,-14,-9,-11,-7,-15
39,116,97,38,18,11,5,10
5,-27,-18,4,-7,0,5,23
-13,8,-28,-24,-5,1,-9,-17
-10,-56,-40,-17,-6,-4,1,7
-14,-5,36,11,4,-2,-1,-14
10,20,64,17,4,2,0,0
16,46,9,13,4,3,4,8
-16,-4,17,-4,-6,-4,-5,2
-16,-96,-45,-8,-4,-4,-4,-15
10,79,18,2,0,-1,2,-6
-12,27,-18,-14,-5,-3,0,-15
44,117,58,5,5,2,0,26
-42,-16,-59,-9,-5,-5,-2,-27
-9,-60,-12,-9,-1,-3,-2,-5
-7,14,-4,-3,-4,-5,-11,-24
-2,-33,1,0,2,2,3,1
16,31,-16,-2,-1,5,1,24
23,-48,-38,-9,-5,-1,2,5
-19,-55,-20,-3,0,-3,-2,-13
-12,-1,-7,-3,-1,-1,-1,-10
16,-53,37,-8,-8,-5,-1,11
-12,-90,-30,-15,-3,-2,-5,1
-9,-29,-25,6,1,2,5,2
17,11,19,-1,1,-1,-5,-10
-9,48,-23,-1,-4,-2,2,7
-3,-49,-27,-14,-7,-8,-9,-11
2,-32,10,1,4,3,1,-8
-7,-58,-9,-6,-6,-3,11,7
-6,-2,-2,4,-2,-3,-17,-9
23,24,1,6,2,1,5,9
6,54,-5,2,1,1,-1,6
-15,8,45,14,-1,-1,-2,-7
18,-12,-25,-8,-1,-4,0,7
3,26,61,9,1,-1,-4,-22
-16,51,-39,-6,-4,0,4,13
1,-5,3,6,3,3,5,-2
15,91,90,30,5,3,0,0
-29,-57,-49,-15,-3,-1,0,-7
29,98,50,17,1,-2,-7,-7
2,0,-12,-1,1,0,3,5
-23,20,-19,-15,-2,-2,-6,-24
28,48,57,28,13,10,9,44
-19,-108,-34,-10,-6,-6,-5,-20
24,87,58,14,1,-3,2,5
23,35,1,-10,5,7,3,7
-22,-28,-5,-6,-3,0,-2,-23
-3,-23,-7,-7,-5,-5,-4,3
5,6,-3,6,2,4,1,-3
-9,-51,-31,-5,-1,-1,2,14
1,31,-17,-11,-5,-6,-4,-10
20,78,44,9,3,2,3,11
-21,-128,-47,-13,-7,-5,-5,-13
-27,-38,-20,-3,-5,-2,-1,-12
3,1,-58,-14,-5,-4,-1,24
-42,-104,-29,-6,-7,-4,-11,-25
42,41,-3,7,3,2,3,14
-9,-18,-32,-7,-4,-1,-1,-1
11,97,6,6,5,4,2,-6
-8,-14,40,-15,-3,0,4,11
-21,-32,-18,0,-3,-4,-7,1
4,22,-24,-1,0,1,6,14
-11,3,29,11,5,2,-2,-21
18,13,-3,-1,-2,-1,3,20
-4,3,-6,-12,-2,0,-4,-8
-15,-19,23,4,-3,-2,-4,-9
20,-1,-14,-2,-2,-3,-2,14
1,38,31,14,8,4,1,-14
8,-32,-34,-19,-8,-4,-3,-7
-11,-14,-11,-6,-6,-4,-1,-10
0,5,34,5,-2,-3,-3,9
4,-8,-8,-4,-3,-4,-2,-17
-14,-31,4,6,1,-2,-3,2
26,52,2,3,8,4,3,-1
-22,51,27,5,0,-2,3,13
0,-27,-31,-13,-7,-5,-1,3
-3,49,4,0,-3,-2,-3,-21
23,-40,-9,0,-1,-1,-4,10
7,-10,25,6,-1,-1,2,19
5,43,4,-2,3,1,-4,-8
-12,26,60,13,2,2,2,11
-35,-120,-97,-34,-17,-16,-13,-26
18,39,82,27,2,-4,-9,-4
-5,-43,-42,4,3,5,15,0
-2,16,15,-4,-2,-2,-7,33
27,74,48,7,-2,-3,-11,-11
-15,-78,-36,-22,1,4,7,19
-26,1,12,1,-7,-6,-3,-23
-14,-13,9,4,1,1,5,-3
-2,-57,-22,-8,-6,-3,-3,2
-38,-60,-40,-17,-9,-4,-10,-34
59,101,79,9,9,7,10,39
24,-9,58,20,6,4,-1,2
-7,-10,-33,-3,-1,-2,2,-3
1,56,29,2,-3,-4,-2,-7
-13,-65,-49,2,0,0,0,1
-24,-100,-34,-15,-5,-6,-5,-22
5,-33,1,-12,-1,-2,1,3
15,42,14,9,-1,2,1,1
-16,-104,-77,-20,-13,-11,-10,-7
-31,-39,-24,-7,-3,-5,-9,-32
-9,-36,16,6,-2,1,6,1
-7,-36,-60,-15,-6,-4,-7,-6
19,58,7,1,5,3,-3,-26
5,-38,-13,-3,-3,0,4,39
-25,-76,-47,-8,-4,-5,1,-17
7,5,15,-5,-2,-2,-4,-17
-29,-33,-10,3,-4,0,-1,9
-28,-9,-11,-9,-2,-3,-6,-24
49,55,50,9,4,2,-1,4
-14,12,7,15,3,0,-1,0
-17,-83,-41,-18,-6,-4,-2,-2
18,37,7,5,-1,2,6,9
-19,16,-22,-7,3,5,4,8
10,-47,-56,-5,-2,-3,-1,-4
-15,-29,-35,1,-3,-2,-6,-7
35,81,-1,-16,-8,-2,9,0
-23,-86,-37,15,-4,-10,-23,-5
-2,66,2,-16,0,-2,-4,-2
-22,-14,39,10,-6,2,3,-4
17,33,1,8,4,2,-2,13
6,27,50,13,4,7,9,-8
-60,-128,-83,-30,-12,-6,4,29
42,72,88,28,8,-2,-10,10
16,43,1,1,2,0,8,-15
-4,-14,27,1,1,5,-4,19
16,77,11,10,4,1,-2,-9
7,-7,-21,-12,0,-4,-16,-2
-6,-1,35,18,4,0,2,-1
-8,44,3,14,3,1,8,10
7,-72,-10,-1,-1,5,5,-13
-33,-60,-41,-18,-11,-9,-8,9
11,26,5,-16,-4,-2,-14,-18
-25,-18,-32,-2,-4,-5,7,-9
23,88,64,17,1,0,0,-11
13,92,41,10,3,2,8,-2
0,-128,-91,-14,-2,-1,-8,-3
-18,27,-45,-17,-2,1,0,11
17,38,75,11,1,0,3,7
2,-47,-34,-2,-1,2,0,-5
-15,-36,14,3,-2,-3,-5,3
-4,-34,2,-10,-3,-4,-4,-10
-42,-128,-70,-19,-9,-10,-14,-25
17,32,33,14,2,3,4,0
-27,-43,-8,0,-2,1,4,0
37,54,18,-10,-5,-2,-11,-3
-19,-9,-14,10,4,4,13,7
18,68,-8,-17,-4,-6,-7,-8
30,111,36,16,2,-1,-3,29
-39,-81,-48,-12,-2,0,1,-24
49,75,87,19,3,2,13,33
12,-12,23,2,6,8,-8,3
-17,-37,-51,-11,-8,-4,1,-7
-33,-25,6,3,-3,-7,-10,-24
29,1,-4,1,1,4,6,29
-29,-92,-31,-9,-5,-4,3,-10
-28,-59,-57,-15,-7,-11,-13,-11
33,34,94,24,3,-3,2,10
-12,-26,-47,-13,0,3,1,-22
-15,17,-41,-19,-2,1,-3,-6
4,65,-18,-4,2,1,3,10
3,36,39,11,0,0,1,-5
-9,-7,-42,-7,-4,-5,-5,0
13,-71,16,4,2,-2,1,5
6,71,18,1,0,1,4,-10
14,52,-2,4,-2,1,6,21
-9,-67,-30,-6,-2,-1,-11,-8
-1,4,14,8,3,4,6,-7
-11,-69,17,-3,-2,0,-1,-9
21,27,-16,9,2,0,7,16
28,29,3,-2,3,2,0,16
-17,96,-4,-2,-4,-4,-7,-15
26,90,45,5,2,1,9,6
-24,-51,2,-3,0,1,-11,-30
4,-48,-15,2,-3,-4,6,24
-23,-106,-50,-13,-7,-9,-4,10
-20,-15,7,-3,-5,-6,-11,-27
14,15,-6,-5,1,1,8,5
-16,-15,23,-2,-5,-1,-10,-28
0,-15,33,9,-4,-2,8,12
15,-20,-78,-25,-8,-5,-12,-7
-3,96,24,4,8,4,3,7
-19,-58,-12,-5,-3,-3,-8,-21
13,80,32,7,0,2,8,20
-10,29,-3,4,4,4,0,-4
14,67,-10,-1,0,-1,-1,6
-6,-18,10,-6,-3,-7,-2,-8
-26,-25,-28,2,0,-1,-2,-13
-4,-60,7,-14,-7,-8,-2,-3
29,6,26,22,12,11,10,26
-12,28,9,-3,-4,1,-6,-14
0,0,-63,4,0,3,0,-5
-33,-70,-43,-13,-8,-6,-10,-28
17,28,35,2,-3,-1,16,51
7,77,22,8,1,-2,-11,-7
9,-25,-2,-11,-1,0,0,-20
15,104,1,21,5,6,5,10
-2,-71,-35,-17,-12,-9,-5,-11
22,83,46,9,7,6,16,19
12,33,5,4,-2,-3,-15,-2
3,-12,32,7,2,1,-3,-5
-41,-78,-48,-16,-5,-5,-2,-6
35,47,48,14,6,4,4,-2
-2,23,-25,-4,2,0,7,21
-6,-71,-1,3,-2,-2,3,-5
-12,-59,4,-8,-4,-5,-8,-6
-14,-72,-72,-16,-7,-9,-5,-5
-9,-23,-32,-16,-3,-4,-7,-20
-5,-94,44,12,4,3,6,45
-37,-43,-49,-8,-6,0,-5,-22
12,90,-23,11,8,6,2,-5
-3,12,28,10,-4,-6,-3,-19
11,-59,-43,-16,-8,-5,-5,22
16,97,-10,-4,-3,-1,2,0
-61,-91,-21,-18,-9,-5,-17,-8
43,-4,-8,0,2,0,5,3
-8,86,0,-1,1,2,6,-13
10,28,26,1,-1,1,-4,-1
-16,-74,-33,-11,-6,-4,5,-10
4,64,59,2,1,-3,-2,-8
5,45,6,7,3,2,-2,20
7,-11,5,21,0,0,0,-10
-18,-38,19,2,-1,-1,-5,-23
13,-50,-25,-11,-5,0,3,13
-14,25,-25,-10,-2,1,0,-13
-4,60,-3,-2,-3,-6,-7,-1
15,-22,9,-2,-2,-3,-1,1
14,71,39,4,7,5,6,32
-14,-27,1,0,1,2,1,-5
19,5,-10,13,2,1,-12,2
0,-55,-28,-7,-10,-6,0,-24
-30,-85,0,-8,-8,-8,1,8
9,-81,-48,-16,-2,-5,-12,-13
-7,-11,20,-7,-1,3,10,4
-18,-4,-16,-2,1,3,2,-15
18,64,-7,10,10,11,10,37
20,63,10,7,-1,0,-8,15
32,-20,-21,-22,-9,-8,-5,2
3,-55,25,2,1,-1,-2,4
-13,-48,20,4,-2,1,7,-21
-12,25,0,24,10,7,5,-7
9,-31,-67,-21,-2,-3,-5,-11
3,7,3,13,1,-1,2,21
-22,-12,-26,-12,-1,-4,-10,-16
14,-38,21,12,2,2,5,6
-13,-32,-10,-8,-5,-2,-5,-6
-45,-27,-103,-40,-13,-11,-9,-24
4,-15,57,26,1,-1,-3,0
14,-2,65,12,-2,-1,0,18
-26,-48,-64,-11,-3,-1,3,-8
7,23,69,3,2,-1,-12,1
-4,24,-14,3,1,1,1,-13
-3,-9,35,3,2,4,10,15
-2,-48,-15,5,3,0,2,3
22,26,6,-4,-5,-8,-6,5
-30,-118,-73,-28,-9,-5,-3,-11
25,59,70,44,16,7,18,2
3,-48,4,-15,-6,1,-13,17
-2,34,2,3,3,4,8,9
33,77,-10,-3,-5,-4,-12,-12
-38,-95,-91,-32,-17,-13,-4,-13
-4,-22,40,6,3,-2,-1,-6
7,3,-24,0,3,2,-2,-13
9,67,28,-6,-2,2,4,36
-7,-10,-1,-9,-2,3,3,-16
1,13,106,27,2,-1,-3,-16
22,-23,1,9,-2,0,-2,19
-26,-87,-43,-8,-7,-4,-5,-24
8,0,-29,-13,-1,-4,-6,-2
-29,-56,-43,-20,-3,-1,4,11
7,71,37,19,4,0,0,-10
1,93,75,29,7,7,8,15
-33,-74,-40,-28,-11,-13,-18,-23
-13,-81,-3,5,3,3,1,-11
-7,-13,-16,-12,-2,-2,8,17
4,-7,12,2,3,3,-2,-5
3,-34,-50,-13,-6,-5,-7,-2
-14,55,10,7,-2,0,5,-1
-8,-30,-9,2,-2,1,-9,-16
-13,-39,21,3,-1,-5,-10,22
-9,-53,-47,-10,-3,-1,0,-32
22,75,48,5,3,-1,0,1
3,-39,3,11,-4,1,-2,6
-19,-40,-57,-26,-12,-10,-10,-22
11,-54,-37,-27,-7,-6,-4,-1
41,25,89,44,16,11,16,45
0,-23,-50,-7,-1,3,-6,-2
-16,33,3,-2,-4,-4,-2,-16
7,94,46,16,5,5,4,6
12,-4,-27,-5,-2,-2,-5,-11
-15,-1,34,4,-1,-4,1,8
6,-92,0,-2,0,-3,-1,-3
-13,-69,-17,-5,-7,-3,-9,-3
1,127,3,-11,0,4,4,4
3,-11,13,7,4,3,2,-7
-15,-70,-47,-5,-5,-3,2,20
33,73,41,10,8,3,7,8
-16,-40,-46,-7,-6,-6,-10,-11
-20,-32,-35,-14,-8,-3,4,5
13,-52,21,-3,2,3,0,-13
19,60,21,16,5,3,4,16
-20,-49,-15,1,3,1,-9,14
-1,1,9,-4,-2,-3,6,-13
10,-7,-40,-8,-3,3,-6,0
-12,83,112,17,1,-1,0,6
20,16,-19,-7,-8,-9,-5,-9
1,65,-11,-4,6,5,5,4
1,83,75,25,6,2,6,9
-26,-88,-50,-25,-8,-6,-9,-16
12,35,30,5,0,2,1,8
-7,-38,-13,-2,-3,-1,-3,-6
-27,-41,-33,-21,-8,-10,-6,-13
7,-3,32,14,5,3,7,2
-12,-7,-8,5,3,2,-1,-15
-5,-5,-10,1,-2,-1,-4,2
-5,-2,-17,-15,-6,-1,-3,-9
22,52,-3,2,-1,2,0,7
-9,-19,-51,-28,-9,-7,-8,-25
40,127,122,42,17,10,11,33
16,24,-38,-2,-2,0,0,-10
-29,-69,-52,-14,-7,-7,-13,-9
11,26,37,16,4,1,8,7
5,-48,-38,-11,-5,-3,-2,9
3,40,1,3,-1,-1,-9,-12
20,-11,-4,5,1,3,2,-2
17,45,-33,-12,-8,-13,-10,-1
-12,15,-24,-9,0,0,9,1
-11,71,11,3,0,0,2,-8
7,100,86,17,2,0,5,-3
-7,7,-48,-15,-5,-1,-7,-3
14,21,-9,-8,-4,-2,-1,-7
28,20,35,22,8,4,4,17
-11,-32,-9,-9,-4,-3,-4,-7
-20,-54,-48,-4,-4,-2,0,-7
3,26,47,6,2,-4,-7,-6
-17,-65,-32,-3,-3,2,1,-9
-10,-47,-40,-13,-7,-3,-3,0
-11,-35,41,9,0,-3,-8,-12
41,-78,-7,-11,-5,-3,0,17
0,-21,-12,-4,3,-3,-5,-14
-1,68,28,10,-1,0,1,20
6,-55,-21,-14,-4,3,6,4
-47,21,-28,-1,-5,0,-4,-20
21,33,48,3,-2,-7,-5,0
15,-59,-28,-8,-2,-3,-5,-10
-8,-24,3,-2,-1,-1,11,7
2,-19,-7,-1,-5,-4,-8,-5
-5,-34,-22,2,-1,-1,0,5
-32,-4,-31,-7,4,0,0,-13
10,-59,5,-10,-1,1,-2,6
-8,-91,-97,-9,-2,-6,-4,-9
5,60,32,0,-1,2,7,18
-14,39,27,12,-3,-4,-4,-10
0,-28,0,-1,0,1,0,-16
5,22,-10,-15,-4,-3,-1,7
-9,-35,-12,-2,-3,-5,-10,-25
6,48,9,8,4,4,7,25
-23,-1,16,6,0,1,-2,6
7,-3,-5,-7,-4,-1,-11,-30
6,41,12,5,4,3,13,50
-5,-17,-16,-2,0,0,7,-7
-13,-82,-25,0,-2,-2,-9,-11
46,32,14,13,4,0,2,16
-17,-56,-42,-18,-2,0,0,4
0,-77,-36,-12,-4,-1,0,3
-10,7,-9,0,2,0,2,-5
-7,60,75,16,3,1,2,-7
-4,-22,-11,5,-2,-2,-3,-1
28,38,-30,-11,-6,-6,-7,2
28,121,60,25,9,3,5,-7
-25,-10,-26,-14,-2,-1,0,16
9,44,-33,-18,-6,-7,-3,-10
18,-18,75,21,4,3,-3,3
-19,2,-53,-15,-5,0,6,11
0,-57,-3,-4,-7,-4,1,16
16,-24,3,17,8,8,3,-8
-36,-125,10,4,0,-1,-3,3
21,51,25,-2,-1,-3,-3,-5
-22,-67,-2,2,1,2,2,-10
-17,-58,-45,-18,-4,0,2,0
1,11,-16,-7,-3,0,-3,-8
13,68,124,31,7,-1,-7,4
0,41,-44,-2,6,7,12,18
1,-15,17,5,-4,-2,0,-7
-11,33,-5,3,-1,-3,3,-11
-24,-58,-35,-22,-10,-8,-17,-2
16,33,20,-2,-4,-5,-6,-7
-5,4,-12,3,0,2,6,1
-24,35,-7,-4,1,6,4,12
12,-18,-6,5,2,4,6,1
13,85,48,18,5,3,-3,-23
13,58,0,0,1,-4,0,19
3,-47,-54,-10,-2,-5,-2,3
0,26,-17,-9,-1,-2,-6,-3
-6,-16,-16,13,1,-2,3,-6
-1,-6,25,-7,-7,-2,-1,-2
6,73,9,9,4,4,0,-10
-3,-52,-27,-7,-5,-1,2,4
-25,-92,-39,-18,-9,-7,-8,-7
22,-13,31,-7,-4,-5,-7,-1
-8,24,9,12,3,1,0,-5
-6,-33,-47,-6,-6,-1,1,-10
-11,21,45,4,0,-1,0,11
-36,-47,-35,-8,-5,-6,-10,-55
37,7,-8,-6,-1,-2,-4,66
-7,75,-23,1,-1,-1,4,-17
5,27,-19,-6,-2,-2,-6,-3
8,68,6,-1,5,3,4,2
23,13,43,8,-2,-1,1,2
-25,-11,10,3,-1,-1,5,0
7,-29,8,-4,2,-2,-16,0
29,-55,-6,8,2,-1,7,26
-13,99,13,-7,-3,-3,-1,-23
2,-12,18,0,-2,-3,3,9
-15,18,-13,-8,0,-2,-5,-16
18,-8,24,3,0,3,-3,18
-18,-34,0,-1,-6,-4,-7,-26
21,4,1,0,-2,-3,1,9
-12,-43,-7,-6,-6,0,3,-6
-1,48,13,8,4,3,-4,-2
-8,-84,0,-7,-3,-3,-1,-10
3,61,19,-3,1,0,-2,11
-10,-51,-19,-8,-6,-2,1,-11
-28,6,-4,5,0,-1,-1,-12
37,-10,12,5,2,-1,1,16
-7,-3,21,3,-1,-2,-7,-14
12,42,-21,-6,-3,-2,9,14
-10,-38,10,-4,-4,-1,-11,-7
-17,-3,-20,1,1,2,-2,-5
-4,-57,5,10,2,4,4,-4
6,-48,-17,-3,-3,-3,-6,19
-11,-23,1,-1,-4,-8,-6,-29
-4,37,-8,-10,-2,-1,3,37
-2,-49,-52,-7,0,6,2,-9
-21,41,24,-1,-4,-4,-1,7
42,116,67,10,1,3,4,9
-30,-28,-41,-10,-1,-2,-5,-12
-7,-40,-11,-7,-3,-5,-1,-14
3,-27,-40,-10,-7,-7,-10,-12
-21,-99,-15,-3,-2,-2,-2,7
6,-9,-17,0,-2,0,1,-16
6,24,-8,-16,-4,-3,-5,1
-6,9,-13,0,2,4,4,14
4,5,37,15,2,1,7,5
1,65,11,1,0,1,0,-16
11,0,15,0,-3,-3,-7,1
8,49,17,5,3,-2,-5,-11
-2,76,51,2,1,2,5,3
-4,7,-8,-3,-1,-2,0,-5
13,-84,-46,-7,-5,-4,-2,15
-19,-13,6,-5,-3,-2,-4,-8
7,4,-36,-9,-6,-3,0,5
-30,-119,8,1,0,-4,-4,-31
-12,27,19,2,0,0,-3,-2
1,-16,-3,7,2,6,4,17
-10,-34,-54,-9,-1,1,-2,-5
3,13,-1,-4,-4,-2,-5,-10
-5,-16,-9,0,-3,-4,6,40
7,17,-7,0,-2,-3,-2,-11
-11,2,6,-9,0,-2,3,6
6,-10,-9,2,0,-1,-8,-5
-20,-16,29,14,2,2,-2,-11
26,-57,-14,-4,-1,3,4,-12
-27,-52,-33,-8,-3,0,4,33
14,10,-7,-8,-5,-1,1,2
3,5,-7,-6,-4,-9,-26,-35
-9,61,69,7,4,1,11,12
14,44,-26,5,0,1,-2,-24
-13,-33,-6,-3,-1,0,4,4
-2,-4,-45,0,2,2,6,0
-14,18,19,0,-1,-1,-11,-6
18,-43,-21,-1,-1,-4,-1,13
-17,34,18,0,0,3,7,-3
33,31,15,0,-2,0,4,-17
-8,-32,-8,5,4,1,-9,13
-8,-32,-21,-3,-1,-1,3,0
-21,-17,-25,-8,-6,-5,-7,-10
16,20,-6,-4,2,2,5,9
13,-8,-17,-5,1,-1,4,15
-1,32,18,8,-1,0,-6,-13
-12,-8,30,13,5,2,1,-9
-9,12,-9,-5,-4,-3,-1,18
5,26,36,6,1,2,6,8
-4,-27,-25,-8,-1,-7,-12,-23
4,26,-8,-2,-9,-7,-9,-18
-40,-46,54,8,6,6,10,11
13,-79,-44,-6,-3,-2,1,3
-12,8,33,5,1,3,3,-4
17,46,-12,-6,-2,-1,4,9
-4,43,21,4,1,-1,-7,-15
0,33,-16,0,1,4,5,7
-1,-76,-22,-6,-4,-4,-4,4
6,23,-31,-7,0,-1,-1,9
-11,-35,17,-8,-8,-7,-4,-12
-14,23,11,-11,-2,-2,-2,-17
-12,-84,-16,0,-3,0,-2,-2
10,7,-17,-6,-6,-6,-4,12
-9,3,20,6,0,-3,-2,-7
-17,-95,-27,-9,-5,-4,-5,-15
4,72,34,-1,-1,-3,-2,5
-4,-12,2,3,3,1,0,-2
44,23,-23,-5,-4,-2,4,19
2,68,41,10,2,0,5,-6
-21,22,22,13,2,1,-8,-22
8,-42,-9,-5,0,2,5,9
-17,-24,-25,-2,-3,1,-3,-14
19,-1,-13,-6,-6,-7,-14,-3
3,0,-11,0,1,-1,8,5
6,20,17,4,1,0,1,-2
-33,23,0,-11,-5,-5,-7,-10
22,4,3,9,2,-1,3,23
27,39,24,2,-2,1,-4,2
-2,17,-16,-7,-5,-3,-6,-13
16,-91,-16,2,3,2,7,23
-14,25,-4,0,-1,-2,0,-13
9,43,28,12,2,1,0,7
-7,-72,-34,-14,-2,-1,0,1
6,40,45,11,4,1,0,-9
-1,26,2,-5,-5,0,-1,4
-2,-4,-25,-2,2,0,-2,5
10,3,3,3,-3,-2,0,-3
-8,9,-17,-4,-2,-3,-4,-1
-9,-40,7,2,1,1,0,-9
-1,17,-47,-11,-5,2,4,-6
11,7,66,11,1,-2,-1,11
10,57,-20,0,-3,-5,-4,-13
-12,-57,-49,-2,-4,-5,-4,-6
-5,55,37,2,4,7,12,8
34,38,-1,3,3,0,0,-11
-6,-9,-26,-17,-6,0,-5,41
6,0,26,2,-1,-3,-5,-21
8,13,-11,0,-3,-8,-7,12
-20,-72,-68,-15,-4,-2,2,-5
24,65,40,21,10,7,9,-8
-8,21,-2,10,4,3,0,0
-8,-58,-10,-13,-7,-7,-10,-11
-10,-5,27,4,-3,-5,-3,8
-21,-41,-27,-18,-7,-4,-12,-19
3,45,13,0,1,2,5,19
-14,-51,-14,-6,-7,-3,-2,-16
0,-41,2,-3,3,4,-1,-1
-5,24,31,8,-1,-3,2,10
-8,22,40,6,0,1,0,-15
30,7,-7,0,-1,-2,-3,3
-15,21,4,-3,-3,-4,-1,13
5,12,13,1,3,2,-1,-15
0,-10,-46,-15,-3,-3,-1,-2
-15,-22,-20,-7,-1,-1,-1,-6
14,43,34,11,0,0,-4,-4
-3,64,-42,-13,-4,0,4,-4
-12,36,33,19,1,2,1,-7
-2,-23,-19,-9,-3,-4,-2,4
-15,61,-18,-1,3,3,2,-2
50,16,18,8,2,0,-1,6
-7,-19,-17,-9,-4,-4,-3,-5
-3,25,12,1,0,-2,-3,-4
-21,4,-2,4,2,2,1,-8
16,-23,-13,0,-2,-3,-9,6
4,-27,29,5,-1,0,1,3
10,6,-13,1,0,3,5,2
-7,35,15,3,-1,-1,-5,-14
-15,-37,0,-2,-3,-1,3,0
0,-13,-9,-14,-4,-4,1,-1
-15,-75,-17,-3,0,-2,0,-13
13,-47,-10,-1,-6,-3,-11,13
-15,-36,12,3,-1,-6,-2,-9
-2,-36,-13,0,-2,-1,-2,-7
4,-40,15,-10,-2,-2,-1,6
-14,-28,-9,-6,-1,-1,2,-11
23,15,15,-1,-3,-2,1,6
-2,40,0,0,-3,-3,-1,-4
-13,27,-12,-2,3,6,5,2
-20,-46,-26,-11,-7,-10,-9,-6
47,74,72,18,7,5,3,-7
7,-83,-41,-13,-3,1,5,36
-7,32,1,6,1,0,-8,-19
26,1,-5,-2,2,2,9,19
-48,-15,-30,-13,-4,-5,-5,-10
12,19,25,1,1,1,3,-7
9,17,14,11,4,-1,-10,11
-1,13,6,1,-5,-3,-3,-7
-18,-1,0,-9,-2,-3,2,-16
25,1,7,3,2,-1,-3,8
-22,47,-12,-5,-2,-2,3,-2
-4,9,11,9,7,4,4,2
10,44,5,-5,-4,-3,-4,8
-36,-67,-10,1,-2,-2,-5,-20
-8,13,-2,-8,-4,-3,0,-6
2,8,34,-6,0,2,4,4
0,27,25,27,11,11,5,6
0,-12,-15,-6,-2,-2,-4,-4
5,26,2,5,-4,-1,0,1
-1,-4,-19,-4,-5,-4,-3,-3
-12,-82,-35,-9,-5,-2,-1,-8
3,24,-8,-2,-2,-1,-3,-4
24,29,17,4,-2,-2,5,19
7,47,4,1,4,1,-2,-15
4,76,1,-1,-1,-1,-1,26
