0,0,-2,-2,-3,0,-1,-3
-2,-2,-1,-1,-1,-1,-1,-2
-1,-2,-2,-1,-2,-1,0,-1
-1,-2,-2,-3,5,16,-2,-2
0,-1,1,0,-7,-19,0,0
0,1,0,-1,1,4,-4,-1
-1,-1,-2,-3,0,5,-2,-1
0,-2,0,-2,-5,-18,-3,-1
-1,0,-1,2,8,23,2,0
-2,-2,-3,-5,-3,-5,0,-2
-2,-1,0,-1,-5,-7,-1,-2
-1,-1,-1,0,-2,-5,1,-2
-1,-1,0,-1,-1,0,0,-2
-3,-2,-3,0,-1,1,-1,-1
-2,1,0,1,-3,-14,0,-1
1,-1,-1,1,-3,-6,-5,-3
-1,0,-3,-3,0,8,-2,0
0,-1,-1,-1,-2,-1,-5,0
-3,-3,0,-1,2,-4,-4,-1
0,1,0,3,-2,5,4,4
-1,-1,0,-1,-1,1,-1,-2
-1,-3,-2,0,-1,-2,2,-1
-1,-2,0,-1,2,1,-2,-3
-2,-2,-2,-3,1,3,4,-2
-1,-1,-2,0,0,12,1,0
-2,0,-1,0,9,9,1,-2
0,1,-1,-2,-6,-7,-2,0
-3,-2,-2,-3,-1,-6,-5,-2
-3,0,-1,0,-2,-2,0,-1
-1,0,0,-1,-3,-4,-2,-2
1,0,-2,0,0,10,-1,-1
-2,-2,-1,-1,-2,-4,-3,-2
2,-2,-1,0,1,-7,2,1
0,-3,-2,-3,0,4,-2,-1
0,-1,-1,-3,0,12,0,-4
1,-2,-1,-2,-6,-9,-6,-2
-1,1,2,-1,-2,-16,0,0
-1,0,1,-1,-7,-6,2,-1
-3,-1,-1,-2,2,-8,-3,-1
-3,0,-2,1,13,40,2,-2
0,-3,-3,-1,-4,-9,-3,-1
-2,-2,0,-1,-7,-2,-1,0
1,-3,-1,-1,-3,6,8,2
-1,-3,-1,-3,0,-9,-2,-2
-2,0,0,-2,9,11,-3,-2
1,1,-3,-1,-10,0,-3,-1
-1,0,-1,-1,-6,-7,-5,-1
2,-1,-2,-2,-7,-12,-2,-2
-1,-1,1,1,3,2,5,0
-1,-3,-5,-9,0,0,-1,0
-2,0,-1,-1,-33,-25,-5,-2
0,0,-1,-2,16,22,7,2
-1,-1,-2,1,12,16,-3,-3
0,1,2,3,-7,-8,1,-3
-1,-4,-2,-5,2,-12,-3,0
-2,1,0,5,4,-6,-4,1
-2,0,1,6,-13,-11,7,3
-2,-1,-2,-9,6,11,-1,-2
0,0,-3,-3,4,8,0,-2
0,0,4,6,-5,-34,-1,-1
-3,-2,-7,-12,-5,26,-4,-3
-3,-6,-6,-5,-12,-36,-10,-4
0,0,1,2,-6,13,3,1
0,0,-3,-6,-12,-18,6,1
0,0,0,0,-4,-12,-15,-6
0,-5,-2,3,18,2,2,-1
2,11,0,-1,11,7,-7,-3
-3,-25,-3,1,-9,6,2,0
2,1,3,0,3,-10,7,0
-2,-3,0,-2,-8,0,-8,-2
3,2,1,2,27,7,8,0
1,5,-4,-10,-41,-13,-3,1
-3,3,3,-3,20,-28,-16,-5
3,4,0,11,7,30,1,0
-6,-10,-7,-4,-22,-59,-4,-5
0,2,3,4,54,106,13,4
-1,-2,0,5,-38,-29,-8,-2
1,11,7,3,31,24,6,2
-3,-9,-3,-5,-17,-4,-3,0
0,5,0,0,-35,-24,6,1
-2,-7,-1,1,46,7,-2,-5
0,-2,-2,-4,-1,-26,-3,3
4,20,2,-6,-44,30,4,2
-8,-29,-3,8,64,-15,-10,-5
2,11,17,5,-4,4,10,2
5,25,11,8,-6,12,17,3
-9,-48,-45,-13,6,3,-13,-7
2,7,-7,-4,-28,-19,3,9
-4,-13,-13,-12,-49,0,3,2
0,4,5,-2,24,-17,-8,-3
2,8,14,0,-6,-6,7,4
-2,4,-3,0,33,15,-7,-7
0,3,-1,-6,-9,10,0,-3
-6,11,1,9,5,-4,7,2
0,0,1,-21,-74,-6,-2,-5
-6,-23,1,5,51,-51,-23,-8
0,-2,-6,-13,-87,-27,-1,2
2,-3,-2,-1,54,16,9,4
2,8,3,12,37,19,-5,-2
1,11,4,8,-25,-13,-10,-5
0,-2,-8,-23,-13,0,-1,0
-2,-12,-8,-6,-4,-9,-9,-5
-5,1,3,2,22,-5,-1,-1
2,8,3,-7,-18,-13,3,0
0,9,8,17,24,14,-5,-2
-5,-12,-14,-3,-27,20,-2,-1
1,4,11,5,35,6,7,-4
-4,-1,-10,-16,-44,4,-10,-6
-2,-8,-5,-3,26,2,-17,-5
9,21,11,6,1,-5,13,4
-8,-20,3,4,14,-20,-13,-3
-3,2,-4,-4,-8,14,2,-3
-5,-4,-2,4,-58,-39,-11,-7
1,-11,-9,-35,-4,0,-12,-8
-1,3,-4,3,2,-18,2,2
7,14,6,-2,-9,50,25,7
-4,0,2,17,91,35,15,4
-4,-9,-5,-8,-82,-87,-28,-8
-1,3,0,11,-1,14,5,3
-2,-5,-2,-9,-21,-25,-6,-1
5,9,0,4,40,30,12,7
-2,-7,4,17,24,8,2,2
-1,2,5,10,0,17,5,1
1,9,0,-9,-12,-2,7,1
-3,-5,-5,-10,-23,-10,-3,-2
-5,-5,-2,2,26,8,-6,-2
4,6,3,3,0,-9,0,6
-6,-30,-11,10,-1,-19,-9,-6
-7,-4,-4,-8,-58,-60,-6,-4
-1,-10,-1,4,51,84,14,1
1,9,2,-3,19,7,-4,-4
1,0,5,-4,-24,-7,-3,0
-1,2,0,9,60,54,3,0
0,-1,-3,-3,-54,-50,-8,-3
0,0,3,4,2,15,3,-1
2,21,0,5,22,23,-6,0
0,-24,1,8,3,-8,21,8
-2,2,-1,-7,-21,10,5,-1
-1,-5,-1,-7,2,-14,-6,-4
0,5,3,8,-7,-35,3,0
0,6,-4,-6,47,-22,-36,-10
-3,-15,-5,4,-21,6,9,1
12,18,5,-7,17,21,26,12
-12,-10,-2,-1,-5,-12,-9,-11
0,4,2,-8,-34,6,10,5
-4,-5,-7,-19,-33,-15,-7,-2
-5,-6,-4,11,54,17,-8,-4
1,5,-3,-20,-27,9,-1,1
0,-7,-2,-1,2,-15,-16,-6
4,3,0,2,0,27,2,1
-7,-7,2,4,-14,0,2,2
-4,4,0,-3,-16,-24,2,-2
-1,-5,-4,3,17,1,-1,-3
-4,0,-1,6,43,-2,-6,-4
-3,10,-2,-8,-56,-39,-17,-6
3,12,9,16,69,25,8,5
1,-5,-10,-17,-56,1,8,3
0,2,3,5,13,-32,-4,-3
0,11,3,15,56,64,13,2
4,8,-1,3,-17,-11,11,2
-6,-22,0,-4,-37,16,6,-1
2,-7,4,-2,5,3,6,5
-10,-21,-15,-15,-33,-24,-20,-6
5,12,5,0,11,-3,-1,3
2,19,2,6,60,1,-12,-9
-11,-42,-24,0,-5,13,-2,-6
-1,7,10,23,4,-17,-8,1
-1,-9,-10,-18,-3,18,2,2
3,9,-1,-7,-24,6,-5,-3
2,23,5,-7,-51,-27,2,3
0,-13,12,-9,24,39,10,-2
-9,-42,-37,3,11,-42,-6,-4
1,5,8,4,2,16,6,3
9,28,4,0,-3,-4,-2,0
-4,-31,-5,0,5,29,14,4
0,3,14,8,34,-9,-6,1
1,-6,-10,-17,-24,-6,-1,-4
-5,8,-6,-22,-76,-51,-17,-5
5,28,5,-1,-24,-44,-13,-8
6,-12,5,12,52,84,11,4
-12,-4,-4,1,62,11,18,4
-7,0,8,11,-2,29,-7,-3
0,-4,-8,-22,-39,-41,-14,0
10,15,10,2,-3,-9,1,3
-5,1,-12,-3,-19,-9,-5,-5
-1,-19,2,1,6,-2,11,3
-7,21,-6,5,25,17,6,-4
-8,-14,2,2,-1,6,-7,-8
7,0,9,5,-53,-12,-5,1
-1,-5,-19,8,105,-63,-23,-7
-1,-22,-10,-8,-26,31,0,-4
-11,-3,-6,6,-1,-25,-8,-7
5,17,7,1,-14,15,13,6
-2,-4,1,0,-41,-10,1,1
31,64,3,-5,-34,-42,4,5
-21,-71,-1,9,45,27,-3,-5
1,-6,3,13,-19,12,8,2
4,22,0,-9,-8,5,-8,6
-9,-41,-10,-12,42,-9,-18,-5
7,19,2,-6,-61,4,2,0
0,9,-2,7,43,0,9,2
3,-12,15,29,9,26,8,2
-2,9,1,-15,17,16,19,6
8,24,-3,-11,-30,-17,-5,2
-14,-18,-6,-14,-27,-19,-7,-5
15,40,-3,-5,21,31,12,-2
-22,-66,-9,2,-19,-28,-22,-11
-4,12,0,1,-7,-47,-10,-7
12,5,8,16,64,74,18,12
-1,-7,1,-18,-23,-15,-7,-6
2,1,7,-3,-76,-63,-3,-2
-3,-15,-20,-7,42,42,-2,-4
-4,0,-9,-4,-24,-35,-21,-6
-5,-13,7,11,25,-2,3,-1
4,34,0,6,23,22,13,6
3,21,3,-6,-12,-36,-2,-2
-6,-21,-1,1,-1,-17,-17,-7
-3,10,-7,1,28,-13,-16,-8
-4,-19,0,-7,-21,20,5,-2
2,13,4,-11,-62,2,2,0
-1,-7,-3,2,51,-20,-7,1
8,38,8,2,-2,22,2,0
-9,-42,2,23,30,30,-5,-4
-2,-8,-1,-5,13,-4,-6,1
1,1,-3,-7,-5,-2,8,1
-8,-22,-5,3,14,20,2,-4
3,17,2,12,-5,-35,-9,-3
-4,-3,-6,-29,-32,21,-9,-1
2,8,4,14,5,-38,-1,0
-2,-10,-2,-9,-35,13,7,0
-2,3,-7,-11,9,20,3,-1
-1,7,7,9,0,-40,-8,-4
-12,-26,-7,-3,-14,-4,-12,-8
-2,-8,3,10,6,-2,13,4
1,2,-6,-8,-19,-6,-8,-3
7,8,7,5,9,8,6,2
-4,23,5,-3,-11,14,-2,2
-5,-24,-2,-1,10,-6,-1,0
4,1,3,-1,-5,7,7,5
-2,0,-5,4,19,-34,-1,-1
1,4,-3,-10,-8,22,0,-4
-2,-5,-3,6,12,30,2,2
1,7,-3,-12,-56,-14,-12,-2
7,5,5,1,4,26,10,7
-9,2,-3,-12,-15,-17,-17,-7
0,-11,3,2,20,4,6,2
1,12,-8,-7,-20,-27,9,-4
-12,-39,-7,-4,-18,27,-1,0
3,15,-5,-3,8,12,5,-2
-3,4,-5,-14,-14,16,-14,-9
-6,-9,-4,-8,14,-18,-12,-6
4,16,-1,7,36,25,-5,-4
6,-1,4,1,-12,1,6,4
-5,-8,-4,-5,2,-20,-9,-5
12,18,5,9,-7,-16,-1,4
-8,-27,-4,-7,-4,-15,-7,-7
-3,1,-1,3,24,51,5,2
-4,-15,-2,5,18,9,13,3
-2,10,-4,-18,-14,0,3,-3
2,10,6,13,6,-27,8,1
1,-1,1,6,4,15,5,2
9,38,0,-14,-50,-16,-3,2
-12,-52,-4,1,28,-3,0,0
4,6,-2,-14,-55,2,-13,-3
-5,5,-4,0,25,-9,20,3
-2,2,1,11,-10,-9,-14,-7
0,1,4,18,13,12,3,0
-2,-3,-4,-11,7,-11,6,-2
6,1,-7,-22,-53,-10,-14,-4
-10,-15,-3,-4,2,-11,-3,-1
0,5,4,8,6,7,-2,0
-4,6,-3,-3,27,-5,-9,-6
2,1,1,1,-40,-8,-6,-1
-4,-9,0,5,12,-20,-6,-5
0,7,-4,-5,26,34,-11,-3
1,-3,0,11,-1,-3,12,3
-7,-16,-2,-8,-1,-16,-4,-3
3,-7,0,-6,-22,-20,2,1
3,14,-1,5,-4,8,6,-1
-3,-6,-6,-13,-23,-9,-14,-6
3,6,5,20,54,14,5,0
0,-7,0,-5,12,2,-1,-1
-3,-3,0,-6,-25,-2,-3,-2
2,15,3,-5,-36,-20,7,5
-9,-21,-7,-7,-17,-40,-16,-11
2,8,2,7,41,11,7,6
8,21,3,4,23,61,22,2
-9,-28,-4,-7,-2,29,-4,-2
9,10,11,16,5,-7,21,10
-8,-15,-7,-15,-24,-19,-12,-5
-2,11,-5,-6,10,-24,-4,0
19,36,3,2,-4,-9,6,-5
-16,-29,-5,4,8,3,-4,-1
-1,2,-3,-11,-13,-3,-10,-2
-7,-15,-1,6,18,-2,1,1
3,5,2,-3,-18,-8,1,0
10,37,1,-3,0,4,-6,-3
-7,-40,-5,-3,-16,7,8,2
-4,-12,-5,-5,36,-15,-1,-2
3,7,-1,2,20,-15,-8,-1
2,-9,-1,4,43,34,6,2
1,6,1,-3,-73,-30,-14,-3
-1,-5,4,1,11,14,-3,-1
0,9,-3,-4,-13,9,-4,-2
-8,-27,-3,8,33,22,2,0
7,8,0,4,-30,7,11,7
-5,-8,-7,-10,-43,-87,-10,-5
1,6,5,9,32,30,-2,0
-5,0,-1,-11,-8,20,-7,-5
8,11,2,10,33,17,14,3
-7,-24,-3,3,1,11,-6,-5
-3,-16,4,4,-28,-8,19,10
7,32,0,-15,-48,-30,-8,-4
-1,-2,-4,-6,26,15,4,-4
0,0,-4,0,13,-18,-13,-1
-2,-2,-1,-5,21,34,11,1
1,-8,0,8,5,-14,10,1
0,11,-5,-15,-53,22,-3,-4
7,36,3,5,63,6,5,4
-16,-68,-12,-7,-31,-30,-9,-6
5,3,-1,-3,-5,-15,-2,7
-5,-3,2,6,4,12,9,0
8,21,2,6,-6,-1,1,2
1,-3,-3,-8,-18,1,-3,-2
-3,-7,-2,-11,-32,-11,-4,-5
10,9,2,-1,35,-6,-2,-1
-24,-39,-7,-3,-17,7,-5,-5
0,15,0,-2,0,-11,-4,0
-1,-9,-8,-17,-66,3,-2,-3
3,13,2,5,41,-10,-9,-1
2,-3,-1,-3,-15,12,-2,1
-5,9,0,0,-20,-18,-14,-7
4,8,4,6,6,-31,-12,-2
-5,0,0,2,-11,0,-6,-5
0,-20,1,-3,-9,6,4,-1
-4,5,-10,-12,1,-5,7,-7
-3,-5,1,10,54,7,8,7
-8,0,-3,-3,-39,-16,-12,-1
-4,-6,1,3,52,8,1,-1
6,19,6,6,-30,-5,1,3
-3,-15,-8,-18,18,9,0,-5
-1,-6,1,1,-4,-36,-4,-8
0,4,1,8,-14,31,-13,-3
1,-2,3,-2,-15,40,4,2
7,29,-1,-8,1,-11,7,1
-9,-44,0,17,46,18,-5,0
3,8,-2,-12,-37,-3,1,-1
-10,-9,-5,-4,0,-27,-12,-3
-2,-7,-2,11,17,-10,3,-4
8,11,-2,-9,-24,22,5,-1
-1,5,2,-1,-15,-22,-4,-1
-5,-20,-1,1,32,7,-1,-1
-12,-9,-1,1,-12,-5,-9,-4
-5,2,-1,1,-13,10,2,0
2,2,-1,-6,3,6,0,-1
5,17,3,18,26,-6,-5,0
9,0,2,-9,-35,-17,-1,6
-6,0,-1,-5,-18,14,-16,-6
0,10,-6,-12,-10,-13,22,2
-4,-11,2,16,38,15,7,5
-1,3,2,14,14,-45,-24,-10
-3,-1,-7,-21,-29,0,-6,-3
8,-8,-5,-9,-49,-32,8,2
-3,18,-8,-24,-18,-6,-6,-7
0,-17,2,12,-1,21,12,4
9,22,2,0,5,-9,7,2
-24,-33,0,2,-21,-2,-3,-5
7,29,4,12,59,-5,-4,1
2,5,0,-6,-39,32,4,2
-3,-2,-9,-11,-3,-9,-4,0
9,18,1,5,28,52,5,2
-5,-10,-3,5,-24,-4,3,-2
-1,2,-4,-15,44,-2,-1,4
-5,-5,4,22,80,6,-6,-2
8,26,-2,-36,-70,-40,-6,-11
-8,-30,2,8,7,-18,12,7
5,17,-5,-12,40,47,-4,-6
-10,-27,-1,15,53,-3,6,1
1,0,-6,-15,-43,5,-11,1
3,-9,-2,-5,-10,-12,-3,-4
-5,14,-4,-7,-36,-15,-3,-3
10,11,2,-15,-29,-27,-5,-1
-15,-10,0,34,72,29,-4,0
4,10,-7,-31,-41,-12,-5,2
-14,-22,-2,7,3,-10,-7,-3
-7,1,-7,-10,-22,24,-4,-4
2,0,3,3,45,-22,-5,-1
4,0,0,2,-27,-25,-12,-1
4,13,4,9,0,35,17,7
1,4,0,-11,-37,-27,-2,0
-4,-5,1,6,-6,10,5,0
-4,0,-2,1,10,18,0,-3
7,18,0,-13,-29,-54,-25,-5
-4,-20,-2,4,0,39,19,2
4,7,2,18,60,4,-3,1
-2,-4,1,-5,-13,25,2,-4
-4,-8,-1,7,-38,-46,-12,-7
1,3,-11,-34,35,46,18,8
9,9,6,14,23,21,-9,2
-7,-5,-4,-4,-10,29,25,9
1,-8,7,25,71,-6,3,1
0,12,6,16,-30,-37,-8,0
2,4,-9,-15,-4,-1,-9,-8
1,-1,0,1,8,-5,-24,-6
-12,-31,-6,-11,-63,16,10,-1
-6,4,3,13,25,-1,0,0
-4,-9,1,0,-32,-4,5,3
-6,-8,-5,-4,1,-9,-14,-8
4,15,-4,-11,-14,13,4,0
0,-5,-1,-8,-23,-16,-13,-3
-1,-8,4,12,-17,-18,16,9
3,12,2,6,60,5,1,-2
-9,-15,-1,-12,-36,8,10,3
1,6,0,7,25,25,4,-1
-3,6,-1,5,9,-16,-7,-3
-1,-1,-2,-9,-24,-15,-6,-1
1,-7,0,4,4,3,2,-2
-2,-11,2,16,40,-12,-10,-4
-5,-10,-5,-19,-30,18,-6,-7
4,9,2,-1,-7,-23,14,5
1,3,-5,-6,-13,70,5,-2
-2,-4,1,9,55,7,13,0
-1,-1,-3,3,4,-15,-5,-6
-1,2,3,-2,17,14,-6,-3
-5,-1,6,5,2,-20,-6,-1
2,11,-2,-1,16,6,18,10
8,25,-3,-14,-15,-16,-1,1
-11,-28,-3,5,-6,-3,4,0
5,7,1,6,40,-4,-4,-2
3,-1,0,-10,-65,-29,-1,1
-6,-11,-5,-15,4,25,8,1
10,28,4,1,-23,2,1,2
-9,-30,-1,4,40,20,-1,-1
-1,4,3,15,25,22,-2,-4
4,-10,-1,-14,-52,-24,-11,1
0,-3,-5,12,57,18,-8,-5
4,6,-3,-11,-15,-21,8,2
-1,-5,-3,-3,-7,-8,-18,-9
-2,0,6,9,-35,-18,7,3
6,33,1,5,41,11,-4,1
-6,-46,-15,-22,-30,23,-5,-2
1,-2,-4,-22,-46,-24,-14,-6
-10,-12,-1,8,21,-17,-9,-6
-2,0,-5,-8,-36,-2,-12,-3
8,32,7,13,47,-7,2,5
-7,-27,-5,-8,-36,-6,5,-2
6,-2,0,-1,76,31,0,4
0,7,1,5,-24,8,-7,-6
-7,-31,-10,-30,-61,-41,-14,-10
-4,3,-5,-1,18,17,0,-2
2,9,2,-5,-35,-13,-4,0
-4,-12,0,6,17,-16,-4,-3
0,8,-3,0,-20,-10,-9,-4
1,-3,4,17,34,1,-4,-1
-6,-12,-5,-3,-11,4,-1,-7
-1,-8,0,-5,5,-14,2,2
12,27,4,2,5,-12,6,3
-9,-22,-8,-3,-21,-2,-17,-5
2,12,2,-1,7,28,0,0
0,-2,1,9,11,0,15,5
-4,-10,-4,-8,-55,-19,-1,-1
4,14,-1,1,50,-31,-2,0
-4,-6,4,18,47,48,-12,-5
-2,0,1,0,-1,-11,0,1
-4,6,-4,1,26,31,3,-1
1,6,11,5,-61,3,9,0
-3,-7,-20,-1,36,-22,-4,-7
-2,-11,-5,-26,-65,-6,5,0
7,11,4,13,32,-3,1,4
-3,19,3,-5,-13,-13,3,5
0,-25,6,2,-12,57,22,6
-6,-25,1,11,26,-1,-2,-2
-1,18,-6,-9,11,-7,-10,-6
7,7,0,4,-4,-6,2,1
0,10,-2,-10,-98,-56,4,5
-4,-9,-4,-2,49,36,3,-1
0,1,0,1,26,21,3,-2
1,1,-3,-14,-36,-37,-8,1
-1,8,-1,12,25,-1,-2,-1
-3,-8,-5,-23,-16,6,1,-4
-1,5,1,-11,-8,8,1,1
-5,-5,-7,-1,-1,22,-11,-6
-2,-10,-4,-7,-17,-18,5,1
0,11,10,30,28,30,15,0
3,-2,-6,-5,-12,2,0,-2
-8,-20,7,-3,-7,-23,-3,0
11,20,1,6,-12,-25,-13,-4
-11,-10,-7,3,20,36,-6,-6
-4,-12,5,3,-40,-5,-6,-7
-1,-3,-5,-3,18,26,17,10
-3,0,2,-11,-6,-36,-8,-6
6,16,0,-6,-22,-17,-10,0
0,-1,-1,12,12,-14,-7,-1
-4,1,5,6,4,3,3,3
-6,-15,-7,-22,10,33,3,0
-1,4,-2,-5,-6,-56,-7,-1
6,9,-1,-12,-31,5,4,3
-16,-19,-10,-4,27,-3,-14,-13
2,11,0,2,-6,21,9,4
1,-4,1,0,-30,-22,-8,-2
0,2,1,5,-9,2,6,-1
-4,-4,1,4,-2,-19,9,1
-4,-8,-2,-10,6,22,2,-1
-4,-7,-5,-7,-23,2,-4,-4
-2,-1,0,7,33,-24,-6,3
15,42,-1,-14,-54,7,6,-1
-14,-70,-7,4,66,32,18,4
5,10,6,18,-2,-4,10,6
-2,-1,2,-5,-9,-17,-9,-2
10,33,10,9,15,-11,-2,-1
-6,-11,-14,4,41,48,-1,-6
-6,8,-2,-11,-33,-15,-8,-3
-6,-16,4,13,20,-13,1,-6
5,-3,-3,-11,-4,24,3,4
10,29,10,17,-33,-52,-1,2
-11,-27,-8,-24,-14,-6,-15,-5
0,16,6,19,-4,24,9,5
0,-4,-3,9,18,-29,-5,-3
0,9,-1,-18,2,21,-3,-1
-1,-5,-1,3,7,-13,-1,0
4,25,-1,-11,-20,-11,0,0
-5,-52,2,15,12,14,-4,-3
2,9,12,-8,-38,-55,-17,-3
-2,2,-18,8,27,25,20,3
-3,2,-2,-1,37,10,-9,-10
10,34,-1,-7,-14,10,6,3
-12,-33,-4,-1,-12,4,-2,-3
7,9,12,12,2,-18,4,-1
-3,-4,-2,8,50,13,-6,-5
-8,-28,-18,-37,-99,-2,-7,-7
-1,11,-4,-6,-6,-42,-21,-6
-2,-4,-3,-6,31,-16,0,0
-1,-6,-2,4,12,7,4,2
-11,-1,9,20,25,15,2,-1
0,15,-5,-10,-15,-2,-7,-4
-4,-10,-5,-12,-8,22,3,-4
-2,-5,0,-1,-41,15,3,0
6,6,1,0,-3,-29,1,3
0,11,6,14,32,11,11,-1
-2,-8,-5,-6,-22,-8,2,-3
-4,-19,2,3,43,-1,4,0
1,4,-3,10,18,51,0,1
-2,2,-7,-23,-35,-36,-3,-4
5,10,10,9,-2,36,12,5
10,16,-2,-6,-11,-19,-3,-2
-20,-22,-6,3,37,-22,-35,-13
-7,-18,7,-6,0,9,38,7
1,2,-22,-21,-64,4,-4,-1
-2,-10,-5,-20,-57,-26,-2,0
6,16,-1,4,47,4,-9,-3
3,-7,5,21,32,21,-8,1
-6,-3,3,-6,-1,-15,-13,-5
-4,-11,0,-3,8,24,5,4
5,28,-6,-20,-97,-30,0,-2
-7,-5,-5,7,20,-7,-4,-2
7,-1,10,15,6,-6,-2,3
-4,2,-1,4,1,-3,-17,-4
3,7,-2,-8,6,11,4,0
-6,-16,-5,5,36,5,7,1
0,-2,-2,-4,-20,-5,-5,-4
2,5,-6,-12,-13,-30,-7,-4
4,10,4,4,1,2,8,4
4,-11,3,13,-14,5,-6,0
-6,5,-2,-7,4,5,3,-2
1,0,-7,-4,2,11,12,4
5,-10,-2,-1,6,-26,-6,-3
2,10,1,-1,-17,23,-5,-1
-3,0,7,-1,-8,-10,-12,-4
-2,-9,-1,10,8,-10,-16,-8
-7,-12,1,7,33,24,18,3
1,10,0,5,-8,-34,-4,2
1,-9,0,2,24,5,-3,-1
-8,-14,1,-1,20,-25,2,0
3,16,-4,1,-16,28,-7,0
-1,-10,-2,-5,-15,-18,-7,-4
-1,2,2,0,7,-14,-8,-1
-3,-4,1,14,49,0,-4,-4
12,21,-4,-32,-50,33,18,4
-5,-20,0,6,5,-32,-7,-7
-2,-6,-9,-18,-4,11,-2,2
-8,-22,0,7,8,39,8,-3
-7,-20,9,5,25,-16,2,-2
3,33,-19,-7,-2,0,2,1
1,-4,5,3,4,-6,-3,-4
4,14,-1,-10,-8,-12,7,5
-7,-31,-3,-2,-28,0,-1,-2
0,-1,1,-2,13,0,-2,-1
3,-2,2,9,11,3,13,5
3,23,-1,6,0,4,-6,-2
-3,-25,-2,-14,-21,-4,11,-1
9,41,2,-8,-34,-2,-11,-3
-13,-42,-6,5,35,-17,3,-2
3,15,3,-3,-16,-2,-3,0
-3,-4,-6,1,-1,12,-5,-4
6,16,2,0,18,0,-3,0
-2,-2,-2,-2,1,25,5,3
1,6,-3,-7,-26,-27,-6,0
-10,-20,1,21,52,5,-10,-3
10,20,-1,-7,-22,15,7,-2
-3,-14,4,-13,-15,-27,-14,-4
-4,-4,-18,-1,13,41,10,4
-1,1,-4,-15,-78,-1,3,1
5,-1,5,12,75,-1,-7,-2
-7,-22,3,20,1,8,9,1
3,11,1,-10,-21,-32,-9,0
3,-1,0,6,27,18,8,7
-8,-14,-7,-9,-20,28,1,0
10,34,5,1,-12,-39,-15,-5
-9,-46,1,3,-15,11,13,6
-4,17,-7,8,39,-24,-19,-7
-5,-15,7,-5,-14,19,21,1
5,12,-9,-8,-26,-12,-7,-2
-10,-3,4,-1,13,-4,-8,-6
5,-3,5,18,11,-26,-8,-1
-5,-9,-11,-19,-19,-7,-3,-2
-3,-6,-3,-2,15,-11,-2,-6
1,-2,0,-9,-62,-5,-14,-6
-3,-10,-1,0,26,-28,-7,1
0,5,6,22,27,53,3,4
11,26,5,2,-34,10,8,4
-6,-34,-2,1,36,-4,-14,-8
-1,8,1,1,-3,-8,10,-1
-5,-15,-6,-11,-50,-22,-6,-2
2,21,4,9,35,8,3,4
-3,1,-4,-1,9,17,8,1
-2,-3,-8,-23,-58,-7,-4,-2
0,3,-3,-15,-8,-43,-8,-4
-2,-8,1,12,23,36,-5,-3
5,17,3,3,19,-20,-7,-1
11,19,5,4,26,27,14,4
-15,-42,-6,11,-10,-41,-16,-7
-3,5,-6,-20,-12,10,-11,-6
1,-6,1,-1,14,0,0,-2
0,14,-5,-20,-5,-8,-7,-1
-6,-26,-4,-2,-1,-17,-22,-2
-6,-15,2,7,1,5,12,-2
-2,9,0,4,31,25,1,-3
-2,-8,-4,-9,-37,-4,2,0
1,15,2,7,34,9,3,2
-1,-2,-2,-9,-8,5,5,7
2,8,3,0,-22,-17,-2,2
-5,-6,-1,8,7,-4,-7,-6
-5,-8,-1,2,-15,25,11,1
4,0,-4,-8,13,-30,-3,-5
-7,6,1,-1,-32,-8,1,0
3,8,0,-4,11,11,-4,-1
-2,-4,2,-3,-18,-10,-6,-2
1,-7,3,26,8,32,18,8
2,20,2,-11,9,-26,-5,0
-9,-34,-6,-3,-5,-19,1,-2
2,10,-1,0,15,-4,-10,-2
1,4,-4,-6,-39,-7,-4,-2
4,-6,-8,-18,-15,10,7,-6
1,26,14,17,20,41,0,2
0,-12,-13,-2,1,2,-2,-2
-14,-7,-4,-6,-27,-8,-5,-4
-4,-13,-3,7,12,1,-4,-6
3,-4,2,-2,12,-6,6,3
13,40,3,-3,-5,-9,6,4
-4,-17,-2,-1,1,6,-6,-4
1,4,0,3,-15,4,1,4
-3,-15,-4,2,-4,3,-8,-3
2,19,3,-9,-20,16,16,1
-4,-10,-5,-3,13,4,1,1
-1,0,3,10,-11,-26,-3,-2
-1,6,-2,1,-9,27,8,-2
-5,-14,7,-2,8,-14,-4,-1
6,16,-14,-6,26,-9,1,-1
5,0,1,0,-23,0,1,9
-3,-13,-1,0,-14,-3,2,-4
0,1,-3,-1,1,9,-2,-6
3,8,8,10,7,-3,0,1
-1,4,-3,-11,-19,-8,-1,1
-4,2,-5,3,31,-18,-6,-6
4,4,9,11,-22,6,11,4
-5,5,-2,-13,-21,2,3,1
0,-25,-3,2,57,-17,-4,-2
-1,8,-4,-19,-64,-16,-5,-1
-7,-8,0,16,20,-6,2,-5
5,14,0,-12,-24,-22,-7,-2
-1,-1,0,-5,18,19,0,-2
2,0,2,12,17,-8,6,0
3,3,-3,-4,-10,-25,-8,-3
0,7,5,12,-1,16,-6,-2
-7,-16,3,0,-39,8,-2,-4
7,22,-14,-20,12,12,-1,1
-6,-29,-4,-4,11,3,-1,-2
-4,0,-3,-8,-8,-42,-9,2
-3,-1,-5,3,11,37,0,-2
-1,-10,6,9,20,-12,1,3
1,10,-3,-3,5,13,4,5
-4,0,-4,-4,1,-7,-11,-6
-1,-10,2,-11,-63,-3,12,5
4,22,-4,-4,31,0,0,-3
-2,-21,5,7,5,21,1,-3
5,-11,3,-2,2,-1,-3,-2
-5,-2,-9,-11,-9,14,-2,-5
-1,-5,4,16,25,-35,-10,-3
-3,-1,1,8,-37,0,4,2
4,11,4,-7,-7,-3,-1,-1
0,11,-16,-5,5,7,-3,0
-9,-32,-2,-1,-11,-6,-9,-5
1,19,1,0,21,2,-14,-6
1,-4,1,6,3,10,10,5
-6,8,4,13,27,-1,1,-3
-3,0,-1,-2,-14,-7,-9,1
-3,4,-5,-1,23,7,2,1
2,12,-4,-29,-64,6,1,-3
-9,-34,0,4,48,22,-1,-2
-1,9,-3,-6,-35,-6,0,2
3,1,-1,-1,13,-12,-10,-3
-1,-9,-2,7,12,-19,2,1
5,9,-6,-15,-28,21,2,0
-3,0,2,3,-1,10,0,-5
-11,-14,2,11,37,-21,-2,-3
3,13,1,13,42,1,-2,1
5,-1,-1,-6,-12,-19,5,2
-5,-16,-13,-29,-60,10,-4,-6
5,13,2,4,-10,-14,-2,-2
-1,-5,3,4,6,7,7,2
-4,-7,11,10,32,5,-7,-6
5,15,-13,7,12,-10,0,0
-6,-22,-3,-18,-15,20,4,1
-3,-2,-2,1,-23,-1,-2,-3
0,10,3,16,-10,-17,-1,5
-3,2,5,6,30,-9,-1,-2
0,10,-8,-8,3,3,-3,3
1,5,-2,-2,-27,3,-4,-4
0,-12,-4,-4,10,-15,-3,-6
5,13,10,15,18,30,1,0
-11,-28,-13,-31,-22,-10,1,-2
5,6,3,1,21,20,-2,-1
0,7,0,7,-12,-18,-3,1
-7,-11,6,9,29,1,-4,-2
3,9,-3,0,-7,4,-3,0
-1,-7,-2,-11,0,2,3,-1
-2,-5,-9,3,-12,2,1,-3
1,-4,3,4,-13,-19,2,0
11,26,8,10,36,25,7,1
-21,-38,-2,-9,-11,-13,-6,-5
-4,-19,-7,-10,2,0,0,4
8,22,3,3,-1,0,11,6
-10,-23,0,7,-13,-26,-7,-2
2,-4,-11,-18,-25,3,-3,-4
0,10,3,-1,9,-7,-13,-9
-7,-12,-4,-6,26,21,-6,0
3,13,-2,-9,-75,-6,1,0
3,13,3,25,37,1,0,0
1,-9,-12,-33,-23,-19,-11,-5
-14,-21,-2,-4,14,8,3,-2
5,8,7,2,-8,-3,-4,-4
-4,-3,-9,20,26,-18,0,1
1,12,1,-2,3,10,1,-2
2,-12,-3,-4,-16,-12,-1,0
0,0,-5,-13,17,-7,0,-3
2,0,4,7,9,-18,-8,-3
-2,-11,6,14,4,19,2,2
-7,-13,-6,-17,-4,21,-2,-2
-4,-1,-6,2,-16,-12,3,-4
1,9,2,5,38,41,-2,-7
3,5,6,10,20,-27,0,5
4,3,-8,-24,-58,-7,-6,-4
10,7,-5,-2,3,1,3,3
-13,-31,0,4,18,10,11,2
5,31,8,15,9,0,5,5
-5,-27,-8,-16,-2,0,-4,-1
0,-7,2,-4,4,-5,-2,-1
3,25,0,-8,-25,12,-1,2
-7,3,10,9,17,-19,1,-2
2,6,-14,-1,19,0,-1,-1
-1,3,1,-3,-11,2,-2,-2
12,40,4,2,-16,-4,4,0
-20,-65,-7,6,50,5,-8,-6
3,11,4,-13,-49,-17,2,2
-2,6,-1,10,34,3,-5,-2
-8,-35,-6,-10,7,3,6,1
6,27,4,2,0,-8,0,-1
2,10,-2,-10,-26,12,1,-3
-8,-25,0,12,13,9,3,-2
3,12,6,4,-4,11,0,2
0,11,-17,-17,-42,-8,-10,-6
-2,-6,5,5,20,-16,5,2
6,37,4,-6,-37,-9,-4,1
-5,-31,-11,-1,53,18,-13,-7
1,-7,-1,-12,-38,25,7,3
1,9,5,18,8,-13,-5,0
2,6,-5,-6,-6,9,1,0
-2,-2,3,6,34,-16,7,1
-7,-22,-7,-7,-34,-18,-14,3
2,14,4,13,-2,8,0,2
0,-4,-2,2,11,4,2,1
-4,-14,-6,-20,-77,-13,-6,-6
11,26,8,5,12,-10,-3,-4
-7,-17,-1,9,13,7,4,-4
-5,-10,-3,0,7,-11,-3,-1
6,20,-8,-8,3,12,7,3
2,5,-2,-12,-36,5,3,-2
-4,-25,3,3,-11,-10,-6,-6
-3,-1,4,3,2,10,-4,-3
2,8,-1,5,33,-3,-1,0
0,9,8,20,28,3,6,0
1,-3,-5,-4,-35,-4,4,3
-2,-18,0,-3,7,2,2,5
-1,17,-2,-2,-19,-25,-6,-3
-4,-27,-3,-4,-12,-3,-6,-2
-1,3,7,10,47,18,10,4
6,10,-4,1,-24,9,6,1
-7,-19,-1,-3,-27,-45,-6,-3
1,4,0,0,-14,51,15,2
0,15,2,8,66,-18,-13,0
0,-9,-4,-7,-9,-11,-1,-2
2,-6,0,2,-14,-12,-2,-1
3,17,0,-8,-1,-2,4,-1
-6,-19,-2,-4,-17,7,3,0
-3,8,3,6,37,-10,3,2
1,-10,-4,-8,-32,-20,-10,-5
-2,20,2,17,64,12,-7,-2
-2,-4,-3,-6,-52,22,11,0
2,7,5,-2,13,4,6,5
5,4,1,3,6,14,5,2
-3,-19,-2,5,31,0,1,-3
1,8,-3,-11,-37,-24,-9,-5
-7,-7,-2,1,8,-21,-11,-6
2,8,-1,-11,-45,10,8,0
2,9,0,-1,26,3,-2,-1
-3,-1,-3,-1,13,-28,-15,-6
0,5,-3,5,13,18,7,-6
-4,-7,0,2,19,-5,-9,-3
4,11,-1,-2,-10,-16,-10,-3
-5,-36,7,2,20,0,1,0
1,25,-17,-6,-18,-9,-1,-1
-10,-53,1,4,26,-3,-2,-1
-3,-3,-7,-7,-11,12,1,1
8,15,2,4,29,27,-4,-2
-15,-24,-5,-22,-51,-23,-8,-3
-1,15,2,4,35,7,5,2
0,-4,0,2,-18,-40,-5,0
-1,5,1,4,7,-1,-1,1
1,-6,-1,-2,-13,12,-1,-1
-5,4,-7,-11,-18,-11,-7,-7
-4,-11,-4,-1,12,18,9,1
2,22,-4,-11,-33,-23,-5,-2
0,-3,16,14,13,18,1,0
2,0,-12,-1,30,9,3,0
1,0,-7,-19,-39,-14,-4,-5
-3,-9,-5,1,2,-4,-6,-4
2,-2,6,5,10,7,11,1
4,11,8,8,-7,13,2,3
-1,-2,-3,-3,5,6,-3,-3
9,40,1,0,-17,-5,1,2
-11,-65,-8,-9,41,3,-10,-7
-2,15,1,9,-24,18,-2,-1
1,0,-2,-3,-4,-9,10,5
3,2,-1,-2,14,7,3,-1
5,13,-1,0,-23,3,-9,-1
-1,3,1,-1,-7,-22,-5,1
1,-6,-2,-11,-4,4,-8,-3
-5,-6,-3,1,-14,19,3,1
1,7,-2,7,3,8,-9,-1
-1,-12,3,3,-1,-27,2,1
-3,15,-2,-11,-40,-38,-3,-2
-4,-13,-4,2,-2,44,3,-2
-1,5,-1,6,25,-27,-4,-3
1,-3,1,-3,-15,21,7,3
0,-1,0,3,-24,-13,2,-1
-5,4,0,2,46,-22,-16,-5
4,4,-10,-8,-29,11,14,4
-6,-4,-4,-7,30,0,-8,-5
-5,-9,-5,-10,-11,5,-5,-7
-3,-4,-3,3,3,-38,0,-2
2,1,3,-1,-29,-15,-5,0
6,17,2,3,5,20,15,5
0,-2,-1,7,22,0,5,1
-7,-36,-4,-16,-27,17,1,-1
1,11,4,22,12,0,3,0
-1,-6,-2,-11,30,-19,-5,-5
2,-4,-1,3,-11,29,0,2
4,22,-4,-4,-2,-20,-1,4
2,6,9,1,13,10,-4,-3
-12,-7,-17,-8,-27,-2,2,-2
-6,-4,6,13,29,9,4,1
9,31,1,-2,-10,1,11,3
-9,-34,-8,-8,-11,18,0,-6
-1,5,6,-1,-15,-1,-10,-4
1,0,0,1,18,-1,3,2
2,2,4,14,-14,36,7,4
0,10,1,-12,57,-45,-7,-3
5,8,0,-8,-47,11,1,-1
-7,-17,-6,-5,0,-4,-8,-5
-1,-6,-2,-4,-19,-22,-2,-3
-3,0,-7,-5,-18,0,0,-1
-3,-10,0,-5,9,-17,-6,-2
1,4,8,16,1,-7,-10,-2
-7,-1,1,-11,-14,-1,0,-1
-5,-5,-15,-12,-26,-14,-6,-1
15,34,-3,-2,-2,-2,-6,-1
-11,-49,0,10,1,21,9,-1
3,5,-1,1,14,-7,-7,-2
-6,-20,1,4,-28,-8,-1,-5
6,24,2,6,15,10,-3,1
-8,-35,-3,-6,23,-33,-1,1
-2,-3,-3,7,43,21,-3,-4
4,9,-1,-20,-46,-5,2,2
-7,-13,0,5,3,0,-4,-2
4,17,-1,-4,-4,3,-2,-7
-3,-7,1,12,11,-7,1,-2
0,8,-2,0,40,-7,-8,-1
-2,-14,-4,-10,-25,4,1,0
-1,14,4,-11,-14,-14,-1,1
-3,-16,-16,-1,-2,-11,-1,-1
2,12,7,17,18,26,-3,-2
-3,-5,3,4,-4,1,7,1
6,31,-5,-8,-23,-11,0,0
-12,-34,-5,-14,-8,-19,-10,-4
-3,-3,1,11,17,16,0,2
-1,-3,1,12,22,16,-5,-2
1,14,0,-6,-30,-36,-2,-1
1,2,2,-6,-11,28,3,1
15,64,5,13,9,-7,0,2
-25,-93,-15,-20,-4,0,-4,-9
1,16,6,0,29,-2,1,1
-1,-3,-6,-1,-60,-13,-6,-6
5,2,-3,-11,-13,-5,4,1
6,17,3,5,4,-1,9,3
-3,2,-2,6,16,24,-8,-3
-6,-12,-3,-6,18,9,1,0
-4,-14,-1,-2,-19,7,1,-4
2,14,4,-5,-29,-27,-11,-3
-2,-22,-2,12,59,19,-1,-2
1,17,0,-16,-5,0,1,-3
-4,-9,-6,-5,-15,-2,-4,-1
1,11,-1,-1,-1,-10,-3,-2
-2,-5,4,4,0,19,-3,1
4,6,3,8,25,-40,-2,1
-6,-18,-6,-27,-30,17,2,-1
-1,1,-2,0,-8,-9,-4,-3
4,13,3,20,13,42,1,4
-1,-5,-6,-30,-53,-14,1,0
-6,-14,3,-4,29,-15,-5,-4
3,9,-1,13,20,27,10,3
-2,-1,-8,-9,-10,-23,-8,-4
4,24,0,-4,-30,37,6,3
2,-27,1,8,15,-16,0,1
-4,-14,1,8,37,16,0,0
-2,-5,-4,-15,-43,-21,5,0
-6,-5,0,8,33,16,2,0
-1,13,-6,-1,14,-4,-5,-4
2,11,-1,-18,-62,-12,-4,-1
1,-14,-7,-7,4,10,2,-1
4,13,4,14,20,-4,-2,-1
-9,-25,-4,2,-2,-5,-6,-2
-4,7,-1,3,8,-15,-12,-5
2,8,-3,-6,-7,15,5,1
1,-6,1,-3,-15,-11,-3,-1
-1,11,7,22,65,-5,-11,-2
4,-6,1,-20,-36,-2,10,2
-1,-3,-11,1,6,1,2,0
-4,-14,0,7,6,-17,-11,-6
5,16,-5,-22,-41,2,0,1
-4,-19,0,5,5,-10,-3,0
-4,-3,-2,-5,17,-17,-8,-6
-1,-5,1,8,-1,24,-2,0
4,17,4,8,-23,-1,7,2
-3,2,-7,-8,38,-4,1,1
4,14,1,-11,-29,4,-2,-1
-8,-28,-6,-3,9,-11,-3,0
-3,3,1,-3,-30,-7,-4,-2
-1,8,-5,5,14,5,3,-3
0,-5,2,7,-11,-8,0,1
3,3,3,-6,8,-21,3,-2
-2,-3,3,9,32,0,-1,-2
-4,-2,-8,-17,-12,12,-9,-5
0,1,-3,-18,-32,-17,8,7
3,19,2,7,-1,-8,0,-1
-5,-31,3,11,30,40,15,5
-2,-3,-2,-5,-5,14,2,-2
-5,-7,5,13,9,-14,-7,-4
1,20,-2,-12,-7,19,-4,-1
-1,-29,-7,-8,-29,-19,-2,0
3,4,3,7,11,15,-5,0
-5,-3,0,-5,1,21,-2,-1
-1,4,-5,3,-20,-23,-11,-11
-1,-6,-5,-14,-12,-11,-2,1
1,-5,2,5,-6,3,4,0
4,20,4,3,32,-4,-2,-1
-4,-34,3,13,32,2,-3,-1
-4,10,-9,-21,-43,5,0,-4
-1,-6,3,7,19,-16,-1,1
6,10,3,-3,-37,-17,10,1
-1,-3,-1,-4,46,40,7,0
-2,3,-6,-2,-11,-2,-3,-4
1,4,6,21,37,1,-2,0
-2,-2,-5,-10,-25,-25,-10,-5
2,-11,1,4,-6,-10,9,5
-3,-4,4,1,41,14,1,1
-2,4,-10,5,25,12,-7,-3
