0,-1,-1,-1,2,2,-1,-1
0,0,-1,-1,-5,-6,-3,0
0,-3,-2,-3,3,2,0,0
0,-2,-2,-3,-7,-3,-4,-2
0,0,0,0,-1,0,2,-1
0,0,-2,-2,1,3,-2,-1
0,1,-3,-3,3,8,1,0
-3,-1,-2,3,-4,-10,-1,0
-2,-1,-1,-4,-3,-5,-6,-2
-2,-1,-1,-2,0,-2,1,0
0,-1,0,0,0,10,0,-1
-1,0,0,0,0,-11,1,2
-1,-1,0,3,6,6,-1,0
-1,0,-1,2,-9,-8,-1,-2
0,0,-1,-4,2,12,-3,-3
-1,-1,-1,-2,-5,2,-4,-3
-2,-2,-1,0,-3,1,2,1
-1,0,0,0,0,-3,3,-2
-3,-3,0,1,2,23,0,0
0,-1,-5,-6,-5,0,0,-2
2,-3,-1,-4,0,-8,-7,-1
0,-1,0,1,-2,3,-1,-1
0,-2,-2,0,-3,-14,3,2
-1,0,-2,-1,2,0,-1,-1
-1,-1,-2,1,3,-1,1,-1
-3,0,0,0,-4,0,-1,-3
-3,-1,-3,-1,-2,-5,-5,-2
-1,1,2,1,0,-12,-3,-2
-1,0,-2,-1,-3,2,8,2
-2,1,2,0,3,-1,-5,0
-2,-3,-3,-1,-2,-8,6,1
1,-3,-2,-2,0,4,1,0
-1,-1,1,1,-1,10,1,0
0,-1,-1,-3,3,15,1,-2
0,3,3,-1,-3,-8,-1,-2
-2,-2,-2,-1,-2,-15,-7,-5
-1,-1,-3,-4,-7,-1,1,-1
0,-3,-1,0,-2,-2,-3,-2
-1,-2,-1,-2,-2,-12,-3,-1
-3,-2,1,2,-1,-2,-7,0
-3,1,-3,-2,-2,-3,-4,-1
-2,-1,-2,-1,-1,4,1,-2
-1,0,1,-5,-5,-4,-3,0
0,-4,-4,-6,-3,-2,3,0
2,0,0,2,0,-17,-3,0
-1,-1,-1,3,2,21,0,1
1,-1,-1,2,-1,-9,-3,-3
-2,-3,1,-4,0,-6,-3,-1
1,-1,1,1,-5,-9,1,-1
0,-1,-1,-2,2,-4,-2,-1
-4,0,1,-1,-1,9,-7,-2
1,1,-2,-1,-1,8,1,0
-2,-3,0,-1,-5,-8,-4,-6
0,3,2,0,-4,-4,-10,-5
-3,-6,-10,-6,-3,2,17,4
-4,-1,-5,0,7,3,-4,-2
-1,0,1,1,1,13,0,0
-1,-3,-5,-3,0,-3,0,0
-2,0,4,2,-1,-2,-19,-11
1,4,2,4,6,10,10,6
0,-3,-2,-1,2,3,6,2
0,-2,0,1,-3,-3,7,1
0,-3,-1,-6,-10,-14,-11,-5
-4,-6,-3,-2,-4,-4,0,-2
-1,2,1,-1,-5,-13,-21,-7
-1,-1,-2,-7,-5,-16,0,0
3,3,2,2,5,8,5,4
5,2,1,-3,-2,-3,-6,1
0,-2,5,1,-4,-17,-1,0
0,-1,-9,-3,4,22,-6,-1
0,-1,-5,-1,-2,-16,9,3
-1,1,2,-5,-7,6,-4,-3
-3,-1,-3,-2,4,9,7,3
-2,-1,1,-2,0,-10,-3,-2
-2,-4,0,1,-2,-14,-8,-3
-3,-4,2,4,4,0,-7,-4
-3,1,-5,-2,3,28,-3,-4
3,0,2,1,-7,-5,10,1
-2,-1,-5,-8,-12,-2,-2,-1
3,-6,-7,-5,-6,-15,-6,-7
-7,0,0,-5,-6,-5,0,0
-26,-2,-1,-2,5,7,11,-5
17,2,-2,-1,-3,0,12,7
-2,-5,-8,-12,-12,-12,-20,-10
-5,-3,-7,-3,-4,-8,13,-1
25,-5,-5,-1,6,24,4,15
-1,4,5,3,-9,-9,-11,-3
0,6,8,20,31,28,20,11
-1,-5,-2,1,7,0,-9,-6
-4,-3,3,-6,-17,-38,-10,-9
-4,0,1,-1,-17,-18,-17,-7
4,0,0,-2,-8,15,21,11
-3,1,-1,0,18,33,27,5
-2,-1,-3,-3,3,-5,-4,-2
-5,-6,-6,-5,7,17,1,1
-13,-5,-7,-5,-13,-40,-2,-9
1,-3,-2,-2,10,15,-5,-1
0,4,0,-3,-26,-18,3,4
-1,2,1,1,17,35,9,2
-4,-4,-4,-8,-26,-32,-23,-6
4,-1,-3,0,2,3,3,0
6,-1,-1,6,16,-15,-3,0
-10,-4,0,0,4,-8,1,-4
1,1,2,5,4,-8,-4,0
1,2,2,4,4,2,13,8
0,7,12,12,4,0,-10,-9
-4,-3,-3,4,4,-13,-10,0
-6,-4,-2,-1,9,61,15,-1
6,-2,2,2,-14,-44,-29,-8
13,-3,-4,0,18,53,12,4
-12,7,9,2,-13,-23,-5,1
-6,-7,-11,-9,-1,3,2,-5
-8,-5,-3,-6,-20,-26,-18,-7
1,2,4,-7,-15,-15,-13,-5
3,-4,-4,-5,-6,-28,-7,-6
-6,2,2,-3,0,-14,-14,-8
6,1,0,-2,-24,-43,3,4
-3,-6,-6,8,23,-1,-2,2
4,7,8,-3,-40,-27,-22,-4
1,0,0,-3,4,-3,5,5
0,-3,-4,-4,-3,-58,0,-2
-5,3,8,17,30,101,13,0
2,2,6,1,-8,-22,-4,-1
7,6,6,3,-4,2,-14,-3
1,3,2,1,-2,36,-3,0
-8,-4,-8,-8,-16,-42,-3,-5
2,1,2,12,22,53,-14,-5
7,2,2,5,13,16,34,14
-2,0,2,-3,-1,11,-24,-10
-10,-7,-9,-10,-10,2,17,1
6,-1,-3,-5,3,11,2,-1
-5,-10,-12,-1,0,55,26,3
0,3,2,2,-7,10,-17,-4
2,3,5,-3,-8,13,8,1
0,-2,-1,3,25,39,25,5
-4,3,3,-1,-21,-58,-17,-6
-5,-4,-4,-4,41,107,-3,-5
-1,0,-2,-1,-28,-64,-17,-3
1,0,-2,4,3,-9,24,8
4,-2,-1,-5,-1,-14,-13,-4
-12,1,1,2,-4,-22,-1,-3
7,4,7,5,14,-45,-16,-7
8,6,6,8,8,39,-1,12
-4,-2,-2,-2,-10,-15,-3,-2
10,-4,-3,-1,4,2,27,8
-6,-2,-4,-8,-7,14,-1,-4
-9,-5,-8,-3,11,-14,-1,-8
2,-1,-1,-8,-10,-18,-28,-8
-8,-8,-11,-2,13,11,24,-1
-9,-10,-15,-8,-2,-11,-6,2
-4,-11,-10,-5,10,8,8,-4
2,8,12,9,0,-3,-7,2
3,-2,-1,-2,-7,10,11,3
1,1,2,-2,-11,-22,-4,3
-4,-11,-13,-4,8,-15,-17,-7
0,4,4,11,15,11,-4,-4
-2,-5,-6,1,4,13,27,8
4,5,4,1,6,-1,-10,0
-3,-4,-1,-8,-11,-1,6,-2
1,1,1,2,5,-7,-7,2
-6,-4,-4,-7,-18,-65,-24,-9
8,2,3,11,8,71,36,12
0,0,3,0,5,5,15,2
-1,-3,-1,0,6,12,7,3
-1,-3,-3,-2,-10,-18,-19,-6
-6,-3,-2,3,27,25,21,-2
-2,1,1,2,-6,-18,-5,13
-1,-7,-11,-5,13,52,9,-2
4,9,13,7,1,-32,-4,1
-5,-5,-9,-9,-6,-9,-2,-7
-4,-1,3,3,-2,-2,-13,-8
-8,0,2,1,4,-15,8,-9
11,-6,-5,-3,-1,-1,-1,13
2,-2,-3,-2,3,-7,10,3
-7,-2,-8,-18,-33,-41,-14,-5
-7,-6,-7,0,7,19,10,0
-3,0,0,0,2,-13,-15,-8
-8,2,4,6,8,24,4,4
5,-3,-5,-7,2,-8,1,0
4,7,10,8,-8,-26,-9,3
3,6,4,0,-4,8,-16,-5
0,-9,-11,-3,10,0,6,1
0,-1,3,3,2,7,-2,-4
0,1,-1,-7,-14,-12,-19,-6
1,1,3,4,12,26,10,1
-5,2,2,1,-8,-20,-9,-3
0,-1,-3,-6,-4,8,-13,-12
7,4,5,0,-7,-25,-3,0
0,2,3,0,-11,7,-28,-8
3,7,6,-1,-15,-11,-11,-1
-1,-4,-4,6,10,14,39,8
0,-1,1,-9,-13,-7,-17,-7
-2,-7,-9,-7,6,13,31,5
-1,-3,-2,-3,3,8,-2,-1
-2,0,0,-1,2,1,-13,-5
2,1,-1,-3,-7,-17,10,7
-2,3,3,-2,0,35,-1,-2
-5,-8,-10,-10,-23,-52,0,-5
8,4,4,11,8,5,46,21
-5,-2,0,1,2,26,-2,-3
-5,-12,-12,-10,4,7,4,0
3,-2,-3,-1,-3,-8,-16,-3
0,2,3,4,-2,-5,-28,-8
0,-2,-1,-1,-5,-12,14,4
2,4,6,10,11,-19,9,5
13,-2,-1,-8,-3,23,-20,-11
-16,-5,-6,-10,-15,-10,-5,2
-5,-2,-4,-4,10,19,1,3
-7,0,-2,-4,-16,-36,-39,-19
-2,-1,-3,0,1,14,33,9
7,6,3,0,7,-2,-30,-8
-1,-5,-8,-8,-18,-12,-1,2
-4,-3,-3,0,-1,19,9,8
-2,0,-1,-9,-8,-1,-11,-4
0,3,2,-2,-5,-9,-2,-3
-6,-13,-16,-7,11,-15,20,-4
2,1,-1,2,8,53,13,1
-6,-4,-5,-10,-24,-45,-49,-17
-4,-6,-6,-7,-5,11,27,3
-3,0,-4,-3,0,-8,-10,-5
1,2,1,-1,-8,-22,24,3
-5,-4,0,0,5,-9,-2,-2
-4,-9,-9,-8,-14,-5,-22,-8
5,0,4,9,12,22,2,3
-6,1,3,1,-6,-27,-8,-4
5,-1,0,0,-13,-19,7,1
4,1,3,0,-10,-2,-15,-7
3,0,1,-1,2,2,10,4
-1,-6,-4,-3,-1,-4,-5,-4
-4,2,2,0,-3,-4,-16,-5
-7,3,5,4,0,-3,-9,-7
5,-2,-2,-1,-2,5,5,4
-2,3,6,1,0,-7,-1,16
0,5,3,0,-7,-24,-24,-3
-2,-4,-6,-4,11,24,5,2
-7,0,-1,-5,-9,5,4,-4
2,3,0,-1,-8,-14,0,-3
0,2,2,5,17,23,17,8
-6,-10,-14,-9,2,25,10,-4
2,4,3,0,-6,-9,-4,0
-5,-11,-14,-9,-14,-24,-13,-11
-1,-2,-3,-2,1,4,-7,-1
3,3,4,5,-3,-16,3,2
0,1,-3,-2,-2,1,1,-1
0,2,-1,2,0,14,-8,-1
-4,-3,-2,3,8,-7,13,2
-1,-3,-1,-3,-2,-11,-12,-4
-6,-8,-6,-4,5,8,-2,-5
2,1,2,-5,-15,-36,-4,-2
-9,0,3,2,7,35,7,0
17,1,1,2,-1,-2,4,9
16,4,3,1,-2,-9,-24,-10
-28,3,0,-1,-8,-13,-3,-20
10,1,-2,-5,-8,4,15,32
-5,2,-1,-5,-5,-18,-7,-7
-1,-3,-1,1,0,-17,-7,1
3,-1,1,0,6,-5,7,-2
-7,-4,-5,-2,17,40,-6,-12
-6,3,3,3,-2,-18,-4,9
3,-2,-1,1,-7,-2,7,4
6,-3,1,2,1,14,-8,1
-7,-4,-4,-1,-2,-28,-13,-16
3,0,2,3,6,22,-13,4
-9,-4,-6,-6,-6,19,-6,-7
9,3,1,2,9,2,10,9
0,-2,-1,-4,-2,6,-13,-6
6,-2,-6,-5,-1,-4,9,-7
-12,18,2,0,-6,-17,-10,4
-1,-26,-5,1,6,14,-5,-4
2,3,2,-1,-6,6,18,5
-1,-5,-2,-3,-2,0,-5,-7
-4,-5,1,5,10,9,20,5
3,3,-1,-3,8,12,-10,1
4,5,3,-1,-12,-22,-10,-9
-6,-3,2,7,13,4,17,0
0,3,0,-8,-22,24,-21,-12
2,-2,-8,-6,-5,8,13,22
-1,-7,-2,0,0,14,3,0
1,1,-1,-3,-2,7,-3,-4
-6,-6,-2,-4,-3,-27,-16,-5
-2,4,3,1,1,-1,3,-3
1,-1,-2,4,1,11,19,6
-3,1,-2,0,7,6,1,5
-1,-4,-4,1,8,10,5,-1
-1,-2,-4,-1,-6,-17,-32,-11
1,2,-1,2,14,13,26,7
-11,-1,3,3,-3,-21,-6,-13
10,-5,2,1,-8,-16,4,17
2,5,0,1,3,27,4,0
-10,0,-1,-1,4,-4,1,-2
-1,-1,-1,-2,-7,-19,-17,-2
7,1,2,7,13,13,-5,0
3,0,-2,-4,-6,-28,6,3
-6,-3,-2,-8,-13,-24,-29,-15
3,-3,-4,-3,1,51,23,8
5,-1,0,-1,-2,-22,-9,-5
-14,0,3,4,13,25,10,-2
1,-1,1,2,-4,-21,-5,-1
-2,2,-2,-2,-5,-9,-10,-3
12,1,0,0,11,19,18,2
1,2,-4,-2,-7,-21,-4,-4
-6,-6,-8,-5,1,-6,14,-2
-1,0,-1,-2,2,-7,1,3
-8,-7,-5,-3,7,24,-4,-2
4,7,-1,-4,-12,-14,-9,-5
5,0,0,0,-2,-13,-20,-4
-1,-4,-1,4,5,-5,11,2
-3,5,2,3,-5,-24,-12,-4
2,-4,0,0,5,21,14,3
-1,-2,-1,-2,-3,-12,-27,-4
3,-1,1,5,2,24,22,7
-6,2,2,-3,-5,-10,-28,-7
-3,0,0,0,-2,20,16,3
2,-3,0,0,-3,-2,8,2
0,-2,-3,-5,-4,-14,-9,-7
-5,-1,-2,1,-4,-7,9,0
5,-7,-3,-4,-10,-16,-9,-2
-6,1,-1,1,10,19,9,3
-2,-1,-2,-1,-9,-12,-11,-4
-5,-2,-4,-1,3,2,33,7
-3,-5,-3,-7,-13,-19,-1,-2
-3,-2,-3,-2,-2,-16,-10,-4
0,0,2,-1,-4,6,0,1
-1,-4,0,1,4,-11,-9,-3
-1,0,-2,3,9,8,6,2
1,-1,2,0,-1,1,-4,-1
-3,-3,-5,-4,-3,7,-4,-5
-5,-4,-3,-4,9,9,-11,-8
-2,1,2,-1,-15,17,13,1
-8,2,2,-1,-7,-8,1,-8
8,2,2,1,4,-1,-11,14
0,-1,-4,-1,-7,-11,20,4
2,0,1,3,10,28,-13,-4
3,1,1,1,-4,-16,2,2
-1,0,-3,-6,-6,-5,-5,-3
-7,-6,-4,-3,-8,-14,0,-1
-2,-1,-2,-4,2,-16,-17,-6
4,0,1,0,-8,9,-4,1
-6,-3,-2,0,-10,-25,-2,-11
-3,-3,-1,-4,-7,-5,-21,7
6,-1,-2,0,5,4,14,3
5,-1,0,0,10,19,2,3
-8,1,0,0,3,0,1,-2
-2,17,-1,-3,-9,-4,-9,-4
-11,-33,-3,-4,-4,-14,-15,-11
1,-3,-4,-1,4,8,12,3
2,-3,-3,-1,-1,-14,1,2
0,0,1,0,3,27,21,0
-2,10,2,1,-1,-16,1,3
4,2,3,-3,-8,13,6,1
-8,-4,-5,-6,-8,-26,-13,-13
21,-3,-1,-1,1,15,3,-4
-13,6,3,7,8,21,11,7
-2,-6,-1,2,-3,-11,-13,-1
1,7,0,-2,-2,-4,-6,-1
-5,-6,0,-1,6,-6,-4,-8
6,5,2,-2,-15,-18,-22,-8
-2,-1,-6,-7,-7,7,19,2
-3,-2,-2,-1,0,5,7,0
-1,-3,1,2,16,49,5,2
-2,0,-2,-7,-16,-19,-12,-4
-3,-2,0,0,5,8,0,1
4,-4,-1,-2,4,-1,0,1
-5,-5,-2,-1,-10,-4,16,3
1,5,1,-2,0,-12,-11,-3
-3,1,-2,-3,-6,-6,-2,-8
4,-1,2,0,1,17,1,3
-1,-1,-1,0,-3,-24,6,3
-7,-1,-1,2,9,3,3,-5
7,1,0,1,1,-7,-2,1
2,0,0,-1,0,3,-3,-7
-7,-4,-2,-3,-6,-25,-10,-4
7,-1,-3,-3,-7,18,11,6
-3,-4,-3,-6,-9,-14,-13,-3
-10,-1,-4,0,2,-3,5,-5
3,1,4,4,12,6,16,7
-2,-4,-2,-1,6,13,8,0
2,1,-1,0,1,1,-9,-2
-3,1,-1,1,-4,-8,-6,1
-8,-2,-5,-7,-6,-13,-25,-14
0,1,1,-1,-4,-4,7,0
-5,-1,-2,-9,-24,-28,-7,-2
5,-5,-5,-2,9,8,-11,0
-2,1,-3,-3,1,8,8,4
0,0,-3,3,12,7,-14,-6
-1,-1,-1,-1,0,-5,-10,-3
-1,-1,0,0,-1,0,8,-2
-2,-2,-3,-2,-6,-4,-9,-4
1,-2,-2,-4,-9,-10,-13,-2
-4,0,-1,3,9,7,13,0
-5,-1,1,0,-1,-6,6,4
0,3,3,2,-10,3,3,3
-2,1,-2,-3,-5,-18,-5,-3
-3,-2,-3,0,0,5,1,-2
-5,-3,-3,-3,5,13,-4,-4
-1,-2,-2,0,-3,-10,11,3
8,2,1,-1,-11,-2,-12,-12
-5,-1,-1,3,14,14,-2,5
3,1,0,0,3,14,1,0
0,-2,0,-1,-5,-8,0,1
-2,-6,-2,-4,-4,-11,-1,-2
-3,-2,-3,-5,-7,5,13,-1
1,0,1,1,0,-6,-6,0
-3,-1,-1,-3,-4,-3,-12,-8
-3,-1,-4,-3,2,-10,3,0
2,1,3,7,2,-11,-16,0
1,-2,-1,-4,-3,-4,4,7
4,0,0,0,6,12,2,-22
-3,-4,-3,-3,1,-6,-1,-2
-4,-4,-4,-7,-6,6,-6,-5
0,1,-2,0,1,14,-7,-10
13,0,-1,0,-2,2,-5,6
-15,1,2,1,-3,-7,-4,-8
-5,-4,-2,0,-3,-6,-16,-7
2,-1,0,2,-1,-17,14,9
5,-3,-1,0,3,3,1,7
-2,1,0,1,8,3,12,-4
-1,-3,-1,-2,-6,-16,0,2
1,3,2,1,1,13,6,4
-4,-2,-3,-4,-11,-22,-12,2
5,18,-1,-1,0,10,0,0
-4,-32,2,-1,0,-11,-7,-4
-2,-1,-1,0,-5,-8,-1,3
-5,-3,1,-2,-10,-13,-11,-4
4,-2,2,2,22,66,22,11
4,10,0,-3,-4,-10,-15,-8
0,0,4,6,3,2,3,-3
-6,-2,-4,0,9,4,1,5
-3,-7,-5,-4,-9,-22,-4,5
3,5,1,4,16,33,21,4
-10,-3,-1,-4,-13,-29,-17,-14
6,9,4,-2,-3,22,-3,11
-1,-7,-1,-1,-4,1,3,6
4,4,-2,0,5,-2,7,2
-3,-3,-3,1,-1,-24,6,-3
-7,-3,-1,0,9,29,-5,1
3,-4,-2,-2,-5,-18,-10,-2
1,0,-3,-1,0,1,6,2
-5,-1,-2,-4,1,12,8,-4
3,-1,2,1,4,-5,0,-2
0,-4,0,-3,-1,-9,-2,2
-4,3,-2,-4,-14,-34,-12,-7
2,-1,-1,-1,11,54,4,8
-6,-5,-3,-3,-13,-27,4,-5
-3,2,1,0,1,2,8,-3
12,0,0,-3,-8,1,-4,6
-11,0,0,-2,-9,-15,-8,-3
3,-1,-3,0,1,-30,-13,-3
-3,-4,-3,3,10,31,6,-3
-3,0,-3,-3,-2,5,8,-1
5,-3,-1,-2,1,1,2,6
-3,2,0,2,9,-2,9,-7
-2,0,0,2,-3,3,6,3
-8,2,0,0,2,5,8,-7
7,-5,0,-2,-3,-10,-23,8
1,-1,0,3,4,18,5,-1
-1,-2,0,-3,-7,-21,-9,-8
9,1,-2,-2,-1,12,7,12
-9,-2,-3,-3,-3,-12,-5,-10
-7,-3,-3,-4,-1,-10,-11,-4
1,-1,2,2,3,5,3,2
-1,0,-1,-4,-10,-17,-11,-7
-1,-1,-5,-6,-6,-15,-13,0
3,-1,-2,4,18,33,6,0
-8,-6,-5,-11,-37,-32,-10,-7
-1,1,0,5,15,15,11,3
2,0,1,0,-6,2,2,4
-7,-3,-3,-7,-8,-13,-10,-3
-3,1,-3,-1,6,-7,-5,-11
-2,-2,0,-2,-2,-19,-7,9
2,-2,-4,-4,-2,14,-1,-6
4,3,3,8,17,24,14,4
0,-2,1,0,-3,-17,-3,0
-4,0,-1,-2,-4,-9,-9,-6
7,1,1,1,7,26,10,1
-3,-1,-5,-5,-13,-11,-5,-6
-2,-2,-4,0,6,-1,-4,8
-9,1,2,7,8,13,-7,-16
-1,-2,-2,0,-3,-13,12,16
7,-1,-2,-5,-13,8,13,1
5,-1,0,4,7,11,23,8
-4,2,0,-5,-3,-1,-5,8
1,0,1,-3,-15,-45,3,-10
-5,-1,0,-1,1,8,-2,2
0,-1,-1,-1,-1,-9,-5,-1
0,-4,-3,1,3,19,10,-1
0,-1,-2,0,0,-11,0,-3
-4,1,0,1,-4,5,-2,1
1,3,0,1,-2,-9,-13,-9
0,-3,-4,-5,-3,-5,-10,12
0,2,4,2,13,33,30,10
-1,-4,-3,-7,-20,-27,-9,-7
0,-3,-1,-1,1,3,-5,-1
-1,-3,-1,-3,-8,-2,0,-7
-2,-1,-3,-1,1,-2,-17,-5
-5,0,1,2,-3,0,5,2
-4,-1,-3,-4,0,-5,-19,-7
15,2,-1,0,-5,4,6,3
-15,0,1,2,8,13,4,-11
-7,-2,-2,-4,-6,-22,-9,-11
-5,-2,0,-7,-6,3,3,13
4,-3,-5,-1,4,1,3,4
2,-1,0,2,-3,-8,-12,-5
-5,-5,-3,0,2,-17,-8,-4
0,-1,-2,-1,1,5,5,-6
-1,2,3,0,0,3,1,-1
7,0,-2,2,12,21,8,0
-1,-1,0,-1,-7,-29,-8,1
2,-2,-1,0,-5,2,5,2
-7,0,-1,0,2,15,2,-15
4,-2,-3,-6,-16,-25,-18,12
1,-5,-3,1,8,2,4,-2
-2,1,1,0,2,-6,-1,0
-7,-1,-2,0,8,13,1,-8
0,-1,-3,-5,-7,-4,-9,-5
-3,1,-2,-2,-6,1,-10,9
4,-1,-1,1,4,-3,3,-19
-4,-4,-3,0,-3,2,-6,-3
-1,-2,-3,-4,-3,-9,2,-6
2,1,0,-1,-1,24,8,-2
3,1,-2,-5,-8,-8,-17,-2
-2,-3,-2,-1,8,20,21,8
-2,1,-1,1,-3,-12,3,-7
-3,0,-1,-2,11,22,0,1
5,3,2,5,0,-2,6,9
-1,-2,-1,-7,-13,-25,-10,-5
1,-1,-2,-3,-7,-3,1,4
2,-2,-2,-3,-1,-14,-7,-9
-6,-3,1,1,0,13,13,3
2,1,1,4,3,-21,-7,2
-7,-7,-5,-3,3,31,4,-9
6,-2,0,-1,-9,7,7,5
-3,-4,-2,0,0,-15,-10,0
-3,-2,-1,-2,-4,-6,-4,0
-2,1,4,3,1,3,-6,-2
0,1,-1,0,-1,-19,-6,-4
2,2,-2,0,12,60,4,6
-6,-3,-4,-9,-11,-32,-14,-17
3,-1,0,0,-1,19,13,8
-4,-1,-1,1,2,10,-5,-2
1,-2,0,1,-5,-19,-1,2
-13,0,-5,-1,2,-8,-18,-9
5,6,3,-2,-6,6,-12,-14
-5,-3,0,1,-4,-14,8,13
5,2,-1,-1,10,22,-7,0
13,0,2,3,-8,-10,0,1
-14,-1,-1,0,-1,-3,-17,-2
-6,1,3,3,2,11,10,0
-6,-5,-5,-6,-7,-26,-12,-6
3,1,1,0,-1,14,17,12
2,-3,-4,0,13,16,20,7
3,-1,-3,-2,-7,-11,-15,-6
-11,0,-1,-5,-16,-17,-4,-2
7,1,-3,2,7,10,13,5
0,-4,-4,-2,-10,-41,-15,-5
-4,-1,-2,-2,13,29,9,-4
-2,-3,-4,-7,-16,-30,-26,-5
-4,0,1,-1,3,22,8,2
-2,-2,-1,-4,-12,-17,13,1
6,-3,-1,2,4,-23,4,2
-1,-3,1,2,-7,3,-3,-7
-1,-1,0,0,-3,-1,6,0
-11,-4,-7,-8,-7,-16,-22,-14
5,5,1,-2,1,17,17,19
1,1,0,2,1,7,6,1
-5,-1,-1,-3,-3,-25,-12,-1
5,-2,-1,2,5,-3,11,6
-12,-4,0,-2,-1,14,-11,-18
7,0,-3,0,4,-9,9,15
-5,-2,-1,-4,-8,4,-15,-4
1,0,-2,-6,-5,-11,-11,-4
-1,-1,-2,-1,0,-15,1,-1
4,1,2,3,5,8,14,6
-1,1,0,0,1,-2,5,-9
-3,-3,-2,-3,0,9,-13,-2
-9,-4,-1,1,-2,-17,-17,-10
6,-2,0,-2,-5,-8,8,1
4,0,3,4,6,9,2,7
-1,-1,-1,-2,1,2,15,9
4,2,2,1,1,-1,-8,-21
-7,-3,0,0,-2,-11,-1,-1
-6,-1,-2,-4,-9,5,-7,-6
1,0,0,1,2,16,4,0
-5,0,-4,-4,-4,-7,-13,1
1,1,1,3,11,9,21,6
1,0,-1,0,-4,-17,-7,-3
-2,-2,-2,2,1,11,10,4
9,-5,-5,-2,4,9,11,9
-13,-3,0,-4,-4,-15,-8,-20
4,-1,1,-4,-1,15,-1,6
0,-1,-2,2,15,26,11,-5
10,1,1,1,-6,-15,6,8
0,2,1,3,3,1,-5,-4
-5,-2,-3,3,5,-5,12,2
1,-1,0,-2,-17,-36,-6,-5
-3,-1,0,-3,3,31,-19,-10
-2,-2,-3,-1,7,7,-6,3
-5,-2,-1,-3,-10,1,7,2
-1,-1,-2,0,-3,-11,-7,-3
-6,-4,-3,0,-2,-6,-21,-3
-2,-4,-5,-1,6,16,8,4
1,-1,-1,-3,-9,-20,-20,-3
-7,0,3,7,15,6,3,3
-2,0,-2,-4,-15,-5,-3,0
6,-4,-5,-5,-2,15,7,4
0,-1,-3,0,-3,-12,-1,-2
-2,-2,-2,-4,-6,-11,-11,-4
-3,1,-2,-1,4,-4,15,8
4,1,2,0,-2,-10,-14,-3
-6,0,1,1,-7,-18,-9,-3
2,-2,0,1,8,24,10,9
-13,0,2,-1,-4,-18,1,-17
23,-2,-2,-8,-13,-4,1,25
-17,-3,-2,0,-2,-13,-5,-8
4,1,0,-1,0,9,-1,-6
1,-2,-2,1,11,31,9,-2
-10,0,0,-4,-10,-11,-10,-12
6,-3,-2,1,7,6,8,0
-7,-3,-1,-1,1,-7,-4,-2
2,-2,-3,-4,-1,8,5,8
-8,-2,-4,2,-6,-19,6,-3
2,-2,-2,-1,9,3,3,-2
-1,2,2,-2,-14,13,-6,-5
0,1,-2,0,2,-11,5,5
-7,-2,1,-1,10,33,4,-2
-2,-2,-3,-4,-8,0,-4,-1
2,0,0,1,1,-5,0,3
5,-2,-2,-2,-6,-26,-4,-1
-14,-3,-1,0,2,20,6,0
4,-2,-2,0,4,6,-1,-4
-4,-2,-2,-3,-14,-24,-7,8
5,0,-2,-4,-8,-10,-9,-2
-5,-2,-1,3,1,-8,-2,-5
-1,-4,-3,-4,0,10,-3,-4
1,1,0,2,0,-7,5,5
-2,0,-2,-1,-7,-9,1,-1
8,-1,-1,0,14,25,-7,9
0,-1,1,2,-5,2,3,8
-2,-4,-5,-6,3,-3,-15,-15
-2,-1,1,-1,-8,-33,2,-4
1,1,-3,-4,-7,1,0,-6
-2,0,0,0,-2,3,-1,-3
3,1,1,0,-2,5,16,5
-5,-1,-3,0,3,11,-4,-6
-2,-2,-3,-3,-9,-25,-9,-3
-3,-2,-3,-2,-2,0,-4,-1
1,2,3,2,8,7,-7,-3
0,-4,-2,-4,-4,-4,-8,3
6,3,1,3,-6,-15,0,1
-9,-1,-6,-5,3,-2,-14,-6
0,-2,-1,-3,-5,-6,-10,-7
1,-6,-5,0,-3,-2,-14,1
-3,-1,1,1,8,9,13,-3
6,-1,0,0,4,1,-3,-4
-3,-2,-4,-4,-8,-13,-7,-3
-1,0,4,2,9,22,7,7
-6,-2,0,-8,-35,-44,-15,-10
-6,-1,3,2,19,38,11,-5
9,-3,0,0,4,12,-9,16
-4,-1,0,0,7,10,-7,5
-4,1,-2,1,8,-6,6,-16
1,-2,-4,-2,-2,-8,10,6
-8,0,-3,-3,-10,-18,-7,-6
11,1,2,2,0,10,15,0
-9,-4,-2,-2,1,-8,-9,4
3,1,1,-1,-2,21,1,-5
-3,-1,-2,4,11,26,25,2
-2,-2,-1,0,2,-8,1,5
-1,-3,-2,-2,-2,11,-1,1
-2,-3,-1,-7,-16,-30,-12,-1
5,1,-1,-3,-11,-11,-10,-3
-1,1,1,4,2,11,16,-2
5,-2,-2,-2,7,2,-3,0
-7,-1,0,-3,-18,-12,-10,-2
11,-1,-2,-1,0,-7,-3,-2
-16,-4,-4,-4,-6,-5,5,-5
-3,-2,-5,-4,-1,20,1,-2
2,0,-4,-1,-3,-30,-3,3
0,-1,-3,-1,6,26,6,1
-1,-2,-2,-2,3,-1,0,-4
-6,1,1,2,-10,-21,2,-12
7,4,6,4,9,21,5,26
-4,-2,-1,2,2,-6,4,-19
4,0,-3,-2,-2,-1,-7,2
-10,-6,-4,0,12,6,-4,-8
-3,0,-1,-1,-1,-15,-13,-11
0,-2,-2,-4,-4,-10,-4,3
-4,0,-1,-1,-6,-10,4,0
3,-1,2,2,4,6,-4,0
-2,-3,-2,-5,-5,-3,-5,-4
-5,-1,2,0,0,2,-6,6
-4,-1,-3,-4,-1,-12,-3,-7
-1,3,-2,-2,-6,6,0,6
8,-2,-2,0,3,3,0,-4
-6,-4,-2,-1,-6,-10,1,-2
-3,-2,0,1,-1,1,-2,-1
6,0,-1,2,5,-10,-3,3
-4,-3,-1,0,0,6,6,0
1,0,0,-2,2,10,-6,-4
1,-1,3,1,6,25,6,4
3,2,1,0,-1,-3,9,7
2,-1,-1,1,1,-16,7,-1
-2,1,1,4,-1,-15,2,3
-2,-3,-1,-2,-2,-9,-9,-1
-4,-5,1,-2,-2,-1,-24,-8
-2,-2,-1,-1,3,6,4,-2
0,-2,-1,-4,-5,-9,1,0
4,0,1,1,-5,6,10,3
-1,-1,-1,-2,-3,-9,-11,-4
-1,-5,-4,-3,10,8,2,2
-5,-3,-2,-7,-21,-18,-11,-4
0,-1,-3,-4,0,5,-6,-5
-7,-2,-2,-3,-1,6,0,-2
-5,2,3,3,-1,-8,7,-10
12,0,-4,-3,0,9,-17,10
-12,-1,-1,1,8,8,2,1
2,4,1,2,-7,-26,8,5
-2,-3,-1,-2,1,20,-7,-4
-4,0,1,-1,0,-19,-5,-6
4,2,-1,-4,-13,-6,1,0
7,-2,-1,0,1,-5,5,1
-6,-2,0,-2,-11,5,-6,-2
-6,-2,-3,-1,6,9,4,-2
3,-2,0,1,-4,-12,6,2
-2,0,-1,-3,-3,10,-3,-2
3,0,-1,0,-20,-54,-2,-5
5,1,0,-3,8,34,7,11
-4,-2,-1,-3,-4,-21,-11,-6
-3,-3,-5,-4,-12,-12,-11,-4
1,1,1,-2,3,1,9,6
-9,-3,1,2,8,27,-2,-10
-2,-1,0,-3,-10,-34,4,12
1,-1,-1,1,11,36,1,-6
3,-1,-1,-3,-4,-8,-8,4
11,1,-2,-1,-6,-25,2,-1
-11,-1,-1,2,8,18,-2,-7
-3,-3,-3,-3,-2,1,4,5
-4,0,-1,-2,4,1,-6,-3
4,-1,2,-1,-6,-7,-1,-5
-2,-5,-2,-5,-11,-7,-12,0
2,1,-1,-2,1,9,21,4
2,3,2,2,13,27,-7,-2
-4,-2,-1,-1,-5,-5,17,2
1,-1,-2,1,4,-1,-10,-7
-11,-2,-1,-1,1,-1,-12,-12
2,-4,-2,-2,-6,5,-2,13
-2,-3,-3,1,10,-1,4,-4
2,3,3,8,-3,-1,6,-2
-2,-5,-4,-1,3,-4,1,-1
-1,-2,-3,-1,-2,-10,-19,-6
-7,0,-1,1,3,7,12,3
4,0,0,-2,-1,1,1,0
2,-1,-4,-2,-4,-11,0,2
-2,0,-2,2,-2,-12,-2,1
-9,0,2,-2,-3,1,-2,-2
6,-1,-4,-1,3,4,1,-3
2,0,2,-1,-2,8,5,-1
-3,-1,0,1,1,-1,11,0
-3,-2,-8,-2,2,15,-5,1
20,-1,-1,-2,-2,4,1,8
-25,-1,1,-1,-8,-11,-13,-12
2,0,-1,2,4,-4,7,2
-1,-1,1,-1,2,-7,-5,-5
0,0,0,2,-8,-10,-9,-4
8,0,1,3,-1,-7,-6,-1
1,-2,0,-3,-1,-5,-2,-6
-6,-4,1,1,0,-12,-18,-7
-7,-1,0,-2,1,13,-5,-8
4,-2,0,1,6,5,12,6
-6,-3,-8,-6,-18,-47,-18,-7
3,-2,-1,0,7,44,21,1
-5,-3,-2,-1,-3,7,-10,-1
0,-1,-1,-4,-8,-5,-4,2
1,1,0,-3,3,14,-4,-6
-2,1,1,0,-1,-20,4,1
-6,-2,-2,-5,-1,-3,-8,-5
0,-3,-2,0,4,14,-6,-2
0,-3,-4,-2,1,12,12,2
-5,-2,-4,-6,-18,-33,-25,-8
-3,1,-1,2,-4,-12,2,-7
10,0,1,3,9,0,3,9
-7,0,-3,-3,0,26,4,2
-7,-2,-1,1,8,-3,0,1
7,-1,0,-1,1,-12,0,-3
0,-1,-3,-2,-3,-15,-12,-9
-3,-3,-1,-3,-6,-15,-7,-8
4,1,2,2,6,22,4,12
7,-2,-1,-4,-4,-7,-1,3
-5,-3,2,3,1,-3,5,1
0,-2,-1,0,5,26,8,-1
-1,0,0,0,-4,-11,5,0
-6,-2,-3,-3,6,6,-10,-5
14,0,2,0,-3,-9,-1,6
-15,4,0,0,-2,6,7,-6
1,-1,-1,0,-5,-25,-4,-4
0,0,3,2,11,46,6,4
-7,-4,-5,-4,2,2,10,0
6,-1,3,0,-1,-4,3,2
-1,0,-3,-3,-4,-5,-13,-7
-5,-1,1,0,-5,-27,-5,0
0,2,2,1,2,25,6,-1
4,-1,1,1,4,-2,5,4
-6,-2,-4,-5,-9,8,-2,-1
-3,0,-4,-1,-1,-5,4,-4
-6,0,0,-1,3,20,-7,-3
5,0,-1,4,-6,-32,8,6
1,1,2,3,4,6,11,-8
-1,-2,0,-1,-3,-14,-4,7
-4,-1,0,0,2,3,-2,-1
3,-2,-1,0,5,6,-11,-1
-11,-3,0,-2,-12,-21,-13,-12
9,-1,-3,5,15,27,5,23
4,4,1,5,11,-9,13,-21
-12,-5,-3,-3,1,3,-12,-14
15,6,2,-1,0,1,17,24
-12,-5,-7,-8,-6,-4,-10,-14
-4,0,-1,-4,-17,-35,-10,3
-2,-2,-2,-1,2,33,4,0
-3,-1,-3,-3,0,25,-7,-6
-5,0,2,-1,-6,-9,13,0
0,-2,-2,-4,-8,-6,-19,0
7,-2,-2,1,9,-6,-5,-6
-13,-1,0,1,5,2,12,6
10,0,1,-2,-3,0,5,1
-7,-4,-2,-4,-5,-9,-16,-7
-1,0,0,1,-7,-22,-2,3
3,-4,-5,0,6,12,-3,-4
3,1,1,9,12,24,23,4
-4,-1,-2,0,2,-9,7,1
-8,-2,0,-6,-14,12,0,-8
13,-1,1,3,6,-25,-6,12
-6,-1,1,-6,-16,-6,-1,-6
1,-2,-3,-2,1,-1,-21,-2
1,1,0,3,5,22,26,9
-5,-1,-4,-5,-12,-26,-18,-20
-4,-1,-2,-4,2,-3,-8,-3
6,-3,-3,-2,-4,8,-2,3
1,-3,-4,-6,-1,-14,-16,-5
-4,-4,-1,-1,-3,12,10,0
4,1,0,-1,0,-12,-5,-1
-5,0,2,0,-4,1,15,-1
-1,0,1,-1,6,0,-1,6
11,0,-2,-2,-9,-5,-8,0
-17,-1,-2,0,0,-10,4,-4
-4,-1,-2,1,2,11,3,5
-4,-3,-1,-1,-5,-6,-14,2
-1,2,0,3,3,7,21,4
1,-2,-2,-3,-8,-32,5,0
0,-1,0,-1,0,17,-1,5
4,-1,-3,1,9,5,0,-2
6,-4,-3,-5,-8,-18,-17,-11
-13,0,1,1,-2,-3,2,3
-4,-2,-2,1,1,-6,7,-1
4,1,3,-1,-7,-1,-4,-5
-7,-1,-1,1,8,-5,-5,1
4,0,-3,1,10,33,-3,-9
9,1,0,-1,-2,-9,-2,-2
4,-2,-1,1,-2,-12,5,9
-7,0,-4,-4,-6,4,-6,-6
4,-3,-2,-4,-2,3,-4,1
-6,1,0,4,6,1,-2,-4
2,2,1,-2,-10,-26,-3,2
-4,-2,-1,1,16,35,8,6
0,-5,-5,-3,-4,13,-10,-6
0,-2,-4,-4,-9,-13,-7,-1
-1,0,-2,-1,-6,-1,1,-2
-5,-2,-2,-3,-3,-3,-3,4
1,1,1,2,-5,-13,-5,0
-1,-2,-1,-4,1,5,4,2
1,1,3,3,4,14,14,8
-5,-2,-1,-5,-8,-10,-10,-16
0,-4,-5,-4,-1,-18,-6,1
-1,-3,-1,0,-6,7,1,0
4,0,-2,0,-2,10,11,-1
-10,-3,1,-3,-3,-15,-2,-2
-6,1,2,-2,-5,-4,-5,-18
0,-2,-3,-4,2,0,-9,-6
-1,-1,-2,-1,6,4,-10,10
0,-2,0,1,1,7,6,3
-2,-1,1,-2,-4,-17,2,3
-5,-3,-5,-3,2,2,-1,-3
-1,0,0,3,-2,-5,-12,-8
6,1,1,-1,-3,-11,-2,-3
-1,0,-3,-3,-10,-28,-11,-2
1,1,-3,0,11,25,9,3
-4,-3,-4,-5,-6,-7,-8,-3
0,-3,-2,0,0,-12,2,2
4,-3,-1,-6,-9,23,2,-1
-2,0,-2,-4,-3,-16,-7,-4
-4,2,3,0,-4,-7,10,5
-1,2,0,0,2,14,-7,2
0,-1,0,-1,-10,-6,-7,-3
-5,-2,-1,0,3,-5,19,0
1,-2,-2,-2,-6,-13,-4,4
-2,1,0,0,6,7,-1,-3
1,-1,-2,1,8,14,-4,1
3,3,-1,0,-9,-8,3,8
-17,-5,-4,-7,-6,-20,-9,-21
17,-2,-2,-1,6,32,6,19
-17,-4,0,-1,2,-11,-12,-4
5,0,2,2,-6,-20,-7,2
-2,-2,1,2,6,31,3,-7
-2,-2,-1,-1,-3,2,1,9
6,-1,-4,-1,2,-3,8,-18
0,0,1,-1,-3,-6,-9,-1
1,-1,-5,-2,-1,-5,-2,0
-1,-2,-1,0,1,0,-6,-11
1,1,-1,-2,1,7,8,7
-6,-3,-2,-5,-12,-24,-13,-8
5,1,0,-2,-6,7,11,2
-2,-2,-5,-1,-2,4,-10,-4
-3,0,-2,-1,-3,-13,11,2
-2,0,-2,3,21,63,0,-5
-3,-3,0,-4,-14,-23,-15,8
21,2,4,1,-8,-19,-2,8
-9,0,1,1,5,5,0,1
-11,-4,-4,-4,-4,8,-4,-15
6,1,-3,4,11,24,18,12
-13,-3,-1,-3,-4,-23,-9,-12
9,-3,-4,-2,-6,-3,-8,3
3,-1,1,2,1,-15,6,5
-19,-5,-5,-7,-4,-11,-14,-15
5,3,-1,0,-5,6,5,6
4,-2,-1,2,10,18,14,8
-3,-4,-3,-3,-6,-17,-1,-1
1,-2,-3,-2,3,0,0,-5
-9,-1,-1,-2,1,8,-2,-2
2,-1,-1,1,-9,-12,10,3
2,1,1,0,-6,-9,3,5
4,1,0,4,11,-24,-1,1
-5,-1,-1,-2,-3,9,1,-5
-8,-3,-3,-1,3,5,-6,-12
9,-2,1,-3,-11,-23,-3,18
-1,-1,-1,-2,4,10,-7,-11
-2,-1,-2,-3,-13,-31,-17,-3
4,-1,0,-1,5,14,5,3
-12,3,0,3,3,-3,-2,-4
10,-3,-1,-2,-1,2,-6,-1
-1,4,0,0,0,6,2,-3
3,-1,0,-3,-8,-7,-16,-1
-1,-2,2,3,10,-11,14,-1
1,-2,-1,-1,1,32,-1,1
-7,-1,1,4,-1,-19,10,7
3,-2,-2,-1,6,30,-7,-11
-3,-2,-2,0,1,6,3,-4
5,3,3,3,3,-1,4,-3
-9,-5,-6,-2,-1,2,6,4
-2,2,1,-3,-6,-1,-1,3
-7,0,-1,-2,-3,0,-1,-1
-4,-2,-1,-2,-2,2,-6,-4
-5,-3,-3,-4,-8,-23,-17,-11
6,0,0,1,6,14,10,18
6,-3,-1,0,1,-5,-9,-4
-6,-1,-4,-2,-5,12,0,-8
-2,-2,-3,0,9,23,-3,-10
-1,-3,-3,-3,2,-15,-6,-2
-4,2,0,-4,-20,-16,-10,-6
10,-2,-1,-2,10,2,-4,11
-5,-3,-1,-5,-11,-1,7,-8
-1,1,2,4,1,-9,-9,-3
-1,-1,-1,-1,5,11,4,1
-1,-3,-3,-3,-6,-17,-14,3
11,0,-2,0,5,7,7,-5
-7,0,-1,-3,-5,-4,-8,-3
3,-3,0,-1,0,12,1,-2
-10,0,0,-2,-12,-28,-6,-5
-1,-2,-1,-2,0,4,8,11
-5,-1,-2,-2,2,-4,-8,-9
4,1,0,1,-5,-17,0,1
-2,-1,-2,-1,-5,17,6,-3
-3,1,0,3,9,1,7,-1
-1,-3,-2,-4,-19,-40,-16,-9
-3,-2,-3,2,8,43,1,0
-1,-1,1,2,2,8,7,3
4,-1,-2,-1,4,-5,-2,-1
2,-2,1,-2,-4,-14,1,-5
-4,-5,-3,-4,1,-18,-8,0
-5,2,0,-3,-7,-6,0,-6
15,0,4,3,3,6,2,13
-5,-3,-3,1,5,12,0,-8
-2,-2,-1,0,-3,5,2,-2
0,-3,-3,-2,2,1,-8,-5
-9,-1,-3,-5,-11,-13,-12,-8
-3,-1,-2,-3,-3,1,4,11
10,3,2,3,-5,-7,8,6
-6,0,-3,-4,2,-13,-12,-5
4,0,-1,-1,-3,2,5,-2
-2,-1,1,0,3,1,-1,4
-4,-2,-2,-3,-9,-7,0,-2
2,1,0,2,4,-2,10,0
-8,-3,-3,-5,-3,2,-1,-1
-3,-1,0,2,2,-15,-1,-1
-5,-3,-1,-2,2,1,1,1
2,0,1,2,1,-9,3,-4
-5,-1,0,-1,-4,-6,-1,0
-3,0,-4,-3,-3,5,4,-1
