(0, 0, 0, 0)
(0.5485329, 0.44451192, -0.464295238, 0.534743667)
(0.543915749, 0.431600332, -0.476714343, 0.539092064)
(0.5498239, 0.444395572, -0.464802444, 0.5330713)
(0.540959656, 0.4493154, -0.460032135, 0.5420782)
(0.5484852, 0.443443567, -0.4661136, 0.5340973)
(0.5427196, 0.452389121, -0.457626253, 0.5397942)
(0.5493581, 0.445252061, -0.464759678, 0.532873869)
(0.5586717, 0.456585348, -0.453354746, 0.5233403)
(0.5493619, 0.4472517, -0.462073773, 0.533530951)
(0.538584, 0.442183048, -0.4682484, 0.5432723)
(0.5504885, 0.44475016, -0.467307, 0.529890537)
(0.560121, 0.441873819, -0.469300151, 0.5203551)
(0.5483899, 0.440701932, -0.470555633, 0.532567)
(0.536704063, 0.432284862, -0.479486674, 0.5432965)
(0.5494565, 0.436986, -0.47536397, 0.530254543)
(0.5395296, 0.437925816, -0.474723935, 0.540153563)
(0.5320799, 0.446897775, -0.468004018, 0.5460272)
(0.5434665, 0.450515628, -0.465931147, 0.5334678)
(0.5402898, 0.438356757, -0.478263229, 0.535905242)
(0.5515651, 0.445466131, -0.47218138, 0.5238136)
(0.5613407, 0.4553317, -0.4619636, 0.513964236)
(0.550448358, 0.451607317, -0.465949535, 0.5253079)
(0.5616479, 0.452630669, -0.465461373, 0.5128576)
(0.5546551, 0.4603492, -0.458346725, 0.51995647)
(0.5491145, 0.447630882, -0.470139265, 0.5263732)
(0.5381377, 0.4473581, -0.470457435, 0.537539244)
(0.541936636, 0.4601669, -0.457931817, 0.5337129)
(0.54731, 0.450616837, -0.466859519, 0.528619349)
(0.552994967, 0.462830752, -0.4540352, 0.5232937)
(0.55128026, 0.449724138, -0.465438277, 0.526503)
(0.539863944, 0.447561562, -0.467090726, 0.538573742)
(0.551356137, 0.45111534, -0.463774174, 0.5267019)
(0.539872348, 0.448836327, -0.465975672, 0.5384705)
(0.551329136, 0.450123727, -0.464870781, 0.526611745)
(0.55442965, 0.439522147, -0.47484982, 0.52339834)
(0.54472, 0.442275226, -0.4722844, 0.533498049)
(0.5453061, 0.4550161, -0.460635364, 0.532369)
(0.5554196, 0.452305615, -0.4632205, 0.521876752)
(0.5464289, 0.441527843, -0.473347962, 0.5314229)
(0.5558979, 0.452125728, -0.46334663, 0.521411359)
(0.5583325, 0.4405553, -0.473956853, 0.519172966)
(0.547409356, 0.440455943, -0.474339068, 0.530418634)
(0.548976243, 0.453442574, -0.462260783, 0.5285166)
(0.55993, 0.452607751, -0.462787956, 0.5171575)
(0.548756063, 0.451306343, -0.464203924, 0.5288705)
(0.540410936, 0.4571658, -0.458814621, 0.5370704)
(0.5518531, 0.4567376, -0.459090352, 0.5254379)
(0.5479256, 0.443869919, -0.471322536, 0.5297285)
(0.5498934, 0.456599116, -0.459165931, 0.527542531)
(0.5546734, 0.4469346, -0.468252838, 0.5228061)
(0.5434287, 0.446372718, -0.468791068, 0.5344825)
(0.554319441, 0.4468377, -0.4688461, 0.5227326)
(0.5437206, 0.448276669, -0.4681676, 0.5331371)
(0.5546335, 0.45548588, -0.461920381, 0.521098733)
(0.5633126, 0.451199561, -0.465768039, 0.512013733)
(0.55152446, 0.448448, -0.468823016, 0.5243283)
(0.5402395, 0.451031536, -0.4675237, 0.534914434)
(0.551917136, 0.453098655, -0.4655854, 0.5227996)
(0.5427392, 0.4418066, -0.47641623, 0.5322299)
(0.549269259, 0.454101533, -0.4648278, 0.5253858)
(0.5399437, 0.4430009, -0.475641668, 0.53476727)
(0.550155, 0.452240646, -0.467165977, 0.5239884)
(0.5386376, 0.451271027, -0.4683174, 0.5356331)
(0.549993336, 0.4530458, -0.4669866, 0.5236222)
(0.538266, 0.4461256, -0.473968744, 0.53534615)
(0.5485259, 0.4556321, -0.465230674, 0.5244799)
(0.538524151, 0.445676684, -0.4751507, 0.5344116)
(0.54966867, 0.4532863, -0.4682711, 0.52260685)
(0.53777194, 0.45071283, -0.471279353, 0.5343736)
(0.5490287, 0.4516601, -0.4708969, 0.522328138)
(0.5584644, 0.4475581, -0.474699438, 0.5123181)
(0.547585547, 0.447053879, -0.475155443, 0.5239467)
(0.536313951, 0.44740954, -0.474947482, 0.5353663)
(0.547738433, 0.453212649, -0.469836771, 0.523291647)
(0.55224067, 0.4438626, -0.478669822, 0.5185474)
(0.546011865, 0.451886564, -0.471015036, 0.5251804)
(0.534239054, 0.446341246, -0.476272464, 0.537152469)
(0.54488796, 0.4552322, -0.468115062, 0.526050448)
(0.5469828, 0.444329619, -0.478820354, 0.523557067)
(0.5424181, 0.453625083, -0.469928324, 0.5283693)
(0.551587641, 0.449453622, -0.473939151, 0.5187718)
(0.5431843, 0.4546494, -0.468850553, 0.527658761)
(0.553402066, 0.452135533, -0.47104913, 0.51713866)
(0.543391168, 0.454319865, -0.4688326, 0.527745664)
(0.5454815, 0.443207741, -0.479555845, 0.525397956)
(0.5422754, 0.453837723, -0.469750822, 0.5284911)
(0.5535854, 0.45996815, -0.464093536, 0.516323149)
(0.5427542, 0.45197928, -0.4720814, 0.5275148)
(0.5530279, 0.461532831, -0.462854773, 0.516636133)
(0.54195106, 0.453918755, -0.4706711, 0.5279351)
(0.545251966, 0.466865778, -0.458365768, 0.5240586)
(0.5488976, 0.456577182, -0.4684333, 0.52040267)
(0.538842, 0.446664274, -0.478094518, 0.5306278)
(0.550564766, 0.451770633, -0.4736284, 0.5181292)
(0.5395793, 0.4520044, -0.4736521, 0.5293392)
(0.5511411, 0.4553362, -0.470598578, 0.5171552)
(0.5395756, 0.454145, -0.471955717, 0.5290258)
(0.5491081, 0.4512038, -0.475150436, 0.518775046)
(0.542088032, 0.458759934, -0.468270123, 0.5257404)
(0.5511744, 0.454603672, -0.4724017, 0.5161189)
(0.5397222, 0.453872353, -0.473353237, 0.527860463)
(0.5407323, 0.442654818, -0.4845974, 0.526147)
(0.542658269, 0.455460519, -0.4728997, 0.5238736)
(0.5539318, 0.4607767, -0.467927247, 0.5117504)
(0.5431262, 0.452154338, -0.4763139, 0.523159)
(0.548073351, 0.464428425, -0.464280874, 0.518039763)
(0.5439564, 0.451645225, -0.476746529, 0.5223415)
(0.540233, 0.462097138, -0.466932416, 0.525917053)
(0.5477278, 0.4554894, -0.4734326, 0.518059134)
(0.55824095, 0.453326583, -0.4751932, 0.5070045)
(0.5476194, 0.453015953, -0.475427568, 0.5185153)
(0.5364607, 0.4520184, -0.4763256, 0.5300974)
(0.5472637, 0.460483074, -0.468252033, 0.5188427)
(0.5523426, 0.451347619, -0.476780355, 0.513695955)
(0.5449401, 0.457533062, -0.4706784, 0.5216948)
(0.542230666, 0.4446951, -0.4827273, 0.52460134)
(0.542396247, 0.456631184, -0.471100777, 0.524745941)
(0.531807542, 0.458567053, -0.469150662, 0.5355321)
(0.5431806, 0.45859924, -0.469061643, 0.5240446)
(0.5541072, 0.457231373, -0.469795883, 0.5130268)
(0.542811453, 0.455056638, -0.471560955, 0.5252709)
(0.55424577, 0.4618858, -0.464597374, 0.5134417)
(0.5429517, 0.454346865, -0.4719331, 0.525405943)
(0.5515093, 0.448865145, -0.476959348, 0.516592)
(0.5416848, 0.4513934, -0.474454135, 0.526986539)
(0.5532666, 0.457878977, -0.468119085, 0.5148858)
(0.541620731, 0.453114361, -0.4726736, 0.5271754)
(0.5484445, 0.465260059, -0.460877031, 0.5199366)
(0.541863441, 0.453121573, -0.4730215, 0.5266076)
(0.55340147, 0.458069861, -0.468384564, 0.5143294)
(0.5427398, 0.449568868, -0.476737082, 0.525398)
(0.554361761, 0.4550798, -0.471578479, 0.513029456)
(0.5434206, 0.456055939, -0.470864445, 0.5243983)
(0.5438712, 0.468691379, -0.458622873, 0.5236388)
(0.5490933, 0.4596942, -0.467249036, 0.518513441)
(0.5514943, 0.448471963, -0.477694362, 0.5162702)
(0.547451854, 0.458188176, -0.468338937, 0.520594537)
(0.5518482, 0.4483246, -0.477572143, 0.516133249)
(0.545918643, 0.456585854, -0.469623, 0.5224524)
(0.5539923, 0.4507571, -0.475062639, 0.514029264)
(0.546484768, 0.456850052, -0.469250619, 0.5219639)
(0.5552871, 0.467929244, -0.4581797, 0.5126106)
(0.54648, 0.457267672, -0.4685509, 0.522231758)
(0.5418374, 0.466967434, -0.4591554, 0.526811063)
(0.5487851, 0.459866852, -0.4658563, 0.5199378)
(0.549039364, 0.44773367, -0.4771628, 0.520005763)
(0.543768764, 0.456609249, -0.468763649, 0.5254371)
(0.554919, 0.457450122, -0.467992038, 0.513602853)
(0.5447294, 0.4604352, -0.465349674, 0.5241364)
(0.5494896, 0.451508731, -0.473903745, 0.5192458)
(0.5514537, 0.464371175, -0.4615933, 0.516904)
(0.55002135, 0.451962858, -0.473439455, 0.5187111)
(0.5420451, 0.458052784, -0.467606485, 0.526990354)
(0.5504378, 0.452683747, -0.472741127, 0.5182773)
(0.5434988, 0.460113168, -0.465648383, 0.5254297)
(0.5459028, 0.449248344, -0.476218849, 0.5228592)
(0.545292139, 0.46105805, -0.46500957, 0.523304939)
(0.5529215, 0.45436278, -0.4713498, 0.5154237)
(0.5444585, 0.459823072, -0.466211677, 0.524189234)
(0.551168, 0.452404767, -0.473285, 0.5172476)
(0.5429149, 0.458194077, -0.467924178, 0.525688767)
(0.5534012, 0.456968516, -0.469080776, 0.514674842)
(0.5424174, 0.457507849, -0.468833029, 0.525990069)
(0.553498745, 0.457862377, -0.468534827, 0.514272451)
(0.542402744, 0.45835644, -0.4684708, 0.5255888)
(0.550339937, 0.452544, -0.474226922, 0.51714474)
(0.5401155, 0.45509997, -0.472168535, 0.527462065)
(0.5500293, 0.452391028, -0.4750741, 0.516831458)
(0.5412311, 0.457550764, -0.4705667, 0.5256265)
(0.551875651, 0.45623228, -0.4720119, 0.5142859)
(0.540424347, 0.455026984, -0.473422348, 0.5260828)
(0.548553, 0.4495008, -0.47893855, 0.5173554)
(0.546669066, 0.460896, -0.468210727, 0.519140065)
(0.5384039, 0.449257255, -0.479528427, 0.5275809)
(0.547037065, 0.460522473, -0.4690147, 0.518357635)
(0.5479598, 0.449006349, -0.4802123, 0.517232537)
(0.5420612, 0.45750913, -0.472284734, 0.5232612)
(0.5449736, 0.447382778, -0.482350916, 0.5197981)
(0.5456732, 0.460110158, -0.470477581, 0.5188355)
(0.54013586, 0.4477649, -0.482404619, 0.524447858)
(0.5409883, 0.460533828, -0.470365882, 0.523446441)
(0.542755, 0.4497736, -0.481036037, 0.5212726)
(0.5378114, 0.459619522, -0.471992, 0.526053548)
(0.54480207, 0.453444958, -0.4785356, 0.5182491)
(0.5370748, 0.4604121, -0.472333074, 0.5258068)
(0.544112, 0.4537382, -0.479124546, 0.5181731)
(0.549425542, 0.466427624, -0.467003375, 0.5123327)
(0.5438142, 0.4539108, -0.4789045, 0.5185378)
(0.5391285, 0.463622153, -0.469475448, 0.5234384)
(0.544547141, 0.454959929, -0.477719069, 0.5179424)
(0.540262163, 0.464740783, -0.4682113, 0.522408843)
(0.54484427, 0.4552026, -0.477229267, 0.51786834)
(0.5348881, 0.457929343, -0.474415451, 0.528323233)
(0.544127166, 0.45391202, -0.478396028, 0.5186779)
(0.5349013, 0.458018631, -0.47432068, 0.528317451)
(0.53881073, 0.448204964, -0.4839266, 0.5240328)
(0.540024, 0.4607166, -0.472093284, 0.522725761)
(0.55059123, 0.4592367, -0.473347783, 0.5117547)
(0.539718151, 0.4598504, -0.4727941, 0.5231708)
(0.550320864, 0.458607435, -0.473792255, 0.5121983)
(0.5394228, 0.458869, -0.4735969, 0.5236108)
(0.530085, 0.447877169, -0.4842354, 0.53285265)
(0.5409417, 0.456558347, -0.4761321, 0.5217611)
(0.528970063, 0.450842768, -0.481401, 0.5340267)
(0.540574431, 0.456065148, -0.476699561, 0.522055149)
(0.5340384, 0.464117736, -0.469091982, 0.5285362)
(0.541347146, 0.4576657, -0.475729942, 0.5207364)
(0.5348359, 0.4654783, -0.468307763, 0.527227163)
(0.538990259, 0.455749631, -0.4779019, 0.522868633)
(0.5372974, 0.4671899, -0.466883034, 0.5244666)
(0.5440945, 0.459757864, -0.4741508, 0.51746)
(0.532167256, 0.45496273, -0.4788154, 0.5296627)
(0.543817759, 0.4570751, -0.477059215, 0.517454565)
(0.534920931, 0.461716741, -0.472661048, 0.526563168)
(0.541775, 0.454509169, -0.4798026, 0.519317746)
(0.53549546, 0.462507635, -0.472292364, 0.525615156)
(0.5459556, 0.4608513, -0.473852128, 0.5147938)
(0.5343782, 0.4577906, -0.47656858, 0.5270202)
(0.545765162, 0.458854, -0.475444555, 0.5153115)
(0.5343294, 0.457959622, -0.476309866, 0.527156532)
(0.5461411, 0.4630247, -0.4713044, 0.5149855)
(0.5345222, 0.457475, -0.4766566, 0.527068436)
(0.545970738, 0.46467483, -0.469529063, 0.5153016)
(0.5348862, 0.4570745, -0.476935267, 0.526794553)
(0.544415534, 0.4674709, -0.466842115, 0.516856849)
(0.5385194, 0.4550442, -0.4788828, 0.5230707)
(0.5371858, 0.46642527, -0.467736274, 0.524501264)
(0.5415067, 0.456868559, -0.4770529, 0.5200598)
(0.541739464, 0.468880653, -0.465377033, 0.519705236)
(0.5394548, 0.456297159, -0.477622867, 0.52216655)
(0.540428638, 0.468725443, -0.465651542, 0.520962656)
(0.5417245, 0.4573681, -0.476740748, 0.519679964)
(0.5358501, 0.465896547, -0.468641877, 0.5255282)
(0.5416677, 0.457585156, -0.476949424, 0.5193566)
(0.5460807, 0.47028935, -0.46468395, 0.5144829)
(0.5416879, 0.4576799, -0.476974547, 0.5192288)
(0.5444425, 0.470376, -0.464589357, 0.516222358)
(0.53878206, 0.457915932, -0.4767578, 0.5222347)
(0.544938445, 0.470360249, -0.4647504, 0.515568)
(0.5396904, 0.457936049, -0.477035373, 0.521024168)
(0.54399097, 0.470669121, -0.4647058, 0.516326368)
(0.540376365, 0.4581061, -0.477059156, 0.520140946)
(0.5441501, 0.470801562, -0.464728028, 0.5160178)
(0.5379497, 0.458301, -0.476865172, 0.52265656)
(0.526188433, 0.451258659, -0.483459681, 0.534563541)
(0.537984669, 0.4565375, -0.4787736, 0.522419333)
(0.543928444, 0.469052643, -0.466923773, 0.5158621)
(0.537670135, 0.4567902, -0.4792463, 0.5220887)
(0.5437155, 0.469383031, -0.467533678, 0.5152332)
