(0, 0, 0, 0)
(-0.281392, 0.6321607, -0.668239653, -0.2732161)
(-0.2697058, 0.6244769, -0.6751918, -0.285312623)
(-0.28192988, 0.631187141, -0.669337, -0.2722248)
(-0.270280659, 0.6231913, -0.676693, -0.284020364)
(-0.270308942, 0.634048939, -0.6666121, -0.283801764)
(-0.271840781, 0.624328, -0.6763324, -0.2808765)
(-0.270434916, 0.613568, -0.6866125, -0.281002581)
(-0.2664961, 0.62270993, -0.67839843, -0.28458333)
(-0.271952361, 0.6147182, -0.6868609, -0.276379228)
(-0.272824258, 0.625601947, -0.677811861, -0.2734232)
(-0.272523165, 0.6358842, -0.6688116, -0.272164315)
(-0.265685767, 0.6256494, -0.6788407, -0.277757674)
(-0.265421033, 0.615488768, -0.688882649, -0.275981754)
(-0.269554764, 0.6269946, -0.6789558, -0.2706236)
(-0.273428977, 0.6380301, -0.6687713, -0.266268939)
(-0.266523927, 0.6264273, -0.679719, -0.2730126)
(-0.27360785, 0.635749936, -0.6712153, -0.265387923)
(-0.2707507, 0.622917235, -0.683283865, -0.26793915)
(-0.282771945, 0.629471242, -0.677014649, -0.2558457)
(-0.2702484, 0.6270611, -0.678597867, -0.270675361)
(-0.265523583, 0.6157344, -0.6886054, -0.276027143)
(-0.2689838, 0.627371669, -0.6777468, -0.2733346)
(-0.2674322, 0.616631866, -0.6873636, -0.275275171)
(-0.273989439, 0.6272772, -0.677607834, -0.268888116)
(-0.273434937, 0.615985036, -0.6878595, -0.2695276)
(-0.270377517, 0.625401735, -0.6787633, -0.273951024)
(-0.268628448, 0.614141047, -0.6889683, -0.2756665)
(-0.278475761, 0.6235082, -0.6807311, -0.265130222)
(-0.2662107, 0.6168554, -0.6863126, -0.278561234)
(-0.27843985, 0.6231595, -0.680711865, -0.2660354)
(-0.267098129, 0.614747, -0.687866032, -0.2785407)
(-0.2549162, 0.616146, -0.6857335, -0.291807145)
(-0.266792327, 0.615898669, -0.686985254, -0.2784635)
(-0.273277134, 0.626625359, -0.6776174, -0.271099478)
(-0.2712358, 0.636697352, -0.6678929, -0.273800433)
(-0.273673683, 0.6266893, -0.677122235, -0.271788031)
(-0.26845938, 0.6154645, -0.6871785, -0.277342141)
(-0.281327575, 0.6190515, -0.6843915, -0.263131768)
(-0.271017551, 0.623111665, -0.6804113, -0.274447948)
(-0.272105843, 0.612361133, -0.690217555, -0.273078948)
(-0.27278626, 0.62321347, -0.680080056, -0.273283243)
(-0.261411518, 0.615861654, -0.686031163, -0.285901666)
(-0.274849266, 0.621217668, -0.6815697, -0.272046477)
(-0.2698856, 0.6291827, -0.6737433, -0.2781382)
(-0.268958658, 0.617639661, -0.684362948, -0.278979957)
(-0.270244449, 0.6066027, -0.694413364, -0.277112126)
(-0.266795516, 0.6160604, -0.685593843, -0.2815154)
(-0.280083, 0.6192685, -0.6832102, -0.266990542)
(-0.271046281, 0.6248751, -0.6777748, -0.276923269)
(-0.271226764, 0.613822341, -0.687915266, -0.276460916)
(-0.273682, 0.6248204, -0.6776865, -0.274660915)
(-0.262802154, 0.6157553, -0.685444057, -0.286263645)
(-0.273397952, 0.6120536, -0.68945086, -0.274411023)
(-0.267395437, 0.62019074, -0.681651, -0.2814516)
(-0.2662276, 0.6092006, -0.691635, -0.282202959)
(-0.2721467, 0.620389342, -0.681733966, -0.276210129)
(-0.270926356, 0.6310536, -0.671632349, -0.277993023)
(-0.273122251, 0.6210061, -0.681141436, -0.275321841)
(-0.2829995, 0.6158764, -0.6861107, -0.264309853)
(-0.273240328, 0.6203879, -0.681619167, -0.275416046)
(-0.269741863, 0.6090144, -0.691767931, -0.278922766)
(-0.2713749, 0.6205499, -0.681347, -0.277560085)
(-0.281849653, 0.6171316, -0.684714556, -0.2662241)
(-0.269802, 0.618310034, -0.6832042, -0.279520363)
(-0.278904885, 0.6127722, -0.6886253, -0.2692908)
(-0.265987635, 0.6112587, -0.6894006, -0.28344366)
(-0.278100163, 0.6178695, -0.6841136, -0.269974172)
(-0.2647459, 0.6159978, -0.685460448, -0.2839017)
(-0.277479261, 0.6181865, -0.68416965, -0.269745469)
(-0.270474, 0.625623763, -0.6770513, -0.277561039)
(-0.269002229, 0.614398241, -0.6873213, -0.278822541)
(-0.275153935, 0.6252189, -0.6775571, -0.2725947)
(-0.2718104, 0.6137628, -0.6880567, -0.275667042)
(-0.272131026, 0.624657, -0.6780038, -0.275788367)
(-0.2656256, 0.613858938, -0.687621355, -0.282483935)
(-0.269506663, 0.625107646, -0.6772638, -0.279142082)
(-0.264781356, 0.6137082, -0.6873862, -0.2841713)
(-0.270792753, 0.624404132, -0.6775979, -0.278660864)
(-0.27126, 0.613458455, -0.6876228, -0.277959824)
(-0.27924186, 0.623945653, -0.678106368, -0.269976944)
(-0.270226032, 0.6140428, -0.686719537, -0.279903054)
(-0.273781866, 0.62497735, -0.6764672, -0.277198255)
(-0.269932926, 0.613293946, -0.6869982, -0.2811412)
(-0.277365237, 0.6237777, -0.6774304, -0.273967057)
(-0.271262765, 0.612704456, -0.687229633, -0.280580133)
(-0.271054417, 0.623539269, -0.6770189, -0.2817336)
(-0.273640215, 0.613632441, -0.686108768, -0.278981835)
(-0.276724368, 0.6245938, -0.675796568, -0.276776731)
(-0.272527039, 0.6127085, -0.686324656, -0.281559557)
(-0.284359574, 0.620111644, -0.6796064, -0.269696534)
(-0.272382915, 0.6135684, -0.6849738, -0.283111781)
(-0.282191753, 0.6090879, -0.689334, -0.272393823)
(-0.27564, 0.617073655, -0.681785, -0.280021429)
(-0.288697064, 0.6211609, -0.6781774, -0.266248733)
(-0.2785893, 0.611973, -0.686103642, -0.27773875)
(-0.269312948, 0.6169269, -0.680846632, -0.2886515)
(-0.28016, 0.6131714, -0.684544861, -0.277361631)
(-0.2676318, 0.6125409, -0.6842264, -0.291549474)
(-0.280608952, 0.6174386, -0.680185437, -0.27816534)
(-0.2721668, 0.60716033, -0.688983262, -0.28737393)
(-0.278762728, 0.6182422, -0.678994358, -0.281130642)
(-0.282687634, 0.608617246, -0.687835634, -0.276685625)
(-0.281695127, 0.619110465, -0.67805016, -0.278564274)
(-0.2758398, 0.608048141, -0.687745631, -0.2849488)
(-0.280228972, 0.6193741, -0.6773981, -0.281032652)
(-0.275597841, 0.6081285, -0.6873513, -0.28596127)
(-0.2861566, 0.6170787, -0.679551065, -0.2748428)
(-0.275146782, 0.608566, -0.686881244, -0.2865937)
(-0.285559535, 0.617763638, -0.678800046, -0.275779724)
(-0.273051441, 0.6115603, -0.683900535, -0.2893391)
(-0.281992823, 0.621715963, -0.6749082, -0.280085862)
(-0.273975044, 0.611234665, -0.684276, -0.288264066)
(-0.285291076, 0.6192799, -0.6773977, -0.276104748)
(-0.275430948, 0.609818, -0.6857321, -0.2864109)
(-0.283229768, 0.6204696, -0.6761996, -0.278482258)
(-0.273414016, 0.6107506, -0.6847793, -0.288627356)
(-0.2851136, 0.618438244, -0.678162634, -0.276296556)
(-0.273471832, 0.6106857, -0.6847356, -0.28881368)
(-0.279876769, 0.621551, -0.674906, -0.2825689)
(-0.270504028, 0.6113726, -0.6838591, -0.292212158)
(-0.2831586, 0.6134379, -0.682718158, -0.278228372)
(-0.273700535, 0.6188472, -0.677420735, -0.288474321)
(-0.285194546, 0.6167557, -0.6797654, -0.276035547)
(-0.273450047, 0.608998239, -0.6863302, -0.288612336)
(-0.281597942, 0.619443953, -0.6770261, -0.280405641)
(-0.273964, 0.6085682, -0.686655462, -0.288258225)
(-0.28223893, 0.6189716, -0.677507937, -0.2796398)
(-0.27333352, 0.609048665, -0.686211169, -0.2888991)
(-0.281879067, 0.619453251, -0.677036166, -0.280078232)
(-0.276605517, 0.608163059, -0.6871662, -0.285358936)
(-0.2780131, 0.6191495, -0.6770607, -0.284519464)
(-0.2733583, 0.6077267, -0.687257349, -0.289172679)
(-0.277936041, 0.619089246, -0.676974833, -0.2849302)
(-0.2719432, 0.6080806, -0.6867497, -0.290963382)
(-0.280415863, 0.6183242, -0.677744, -0.2823213)
(-0.2768139, 0.606866, -0.6880322, -0.2858311)
(-0.2801729, 0.618090451, -0.6777777, -0.282992184)
(-0.2776572, 0.606697559, -0.6879652, -0.285531849)
(-0.2800275, 0.617710769, -0.677817643, -0.2838683)
(-0.273895562, 0.6063275, -0.6878238, -0.290253073)
(-0.278974116, 0.6174864, -0.6777841, -0.285469234)
(-0.2863221, 0.610478342, -0.684437752, -0.277274)
(-0.2780597, 0.6169534, -0.6781741, -0.2865853)
(-0.28237626, 0.6076402, -0.686855137, -0.28154397)
(-0.280549735, 0.6175233, -0.6776233, -0.28422448)
(-0.282482535, 0.6065223, -0.6875798, -0.282078266)
(-0.2820356, 0.5946731, -0.697846949, -0.282541037)
(-0.281778634, 0.6050641, -0.6883764, -0.283965)
(-0.277484655, 0.613978267, -0.679884136, -0.2894658)
(-0.278492868, 0.603294551, -0.6896404, -0.28787756)
(-0.2764709, 0.613146, -0.6804378, -0.290895581)
(-0.27454868, 0.622831464, -0.6711007, -0.293816328)
(-0.2748532, 0.611718833, -0.681299746, -0.293404758)
(-0.277638018, 0.622519433, -0.670992136, -0.29181543)
(-0.273809671, 0.610897541, -0.6813123, -0.296050668)
(-0.285037667, 0.607757866, -0.6845827, -0.284130961)
(-0.274464071, 0.610857546, -0.6810503, -0.2961299)
(-0.28299582, 0.604917347, -0.686944842, -0.286522478)
(-0.270559341, 0.6045227, -0.686359465, -0.300434083)
(-0.283656359, 0.6078495, -0.6840693, -0.286543667)
(-0.2805775, 0.596246958, -0.6942348, -0.2894889)
(-0.2840037, 0.6074555, -0.684267461, -0.286561668)
(-0.2711817, 0.603194058, -0.687108636, -0.300830632)
(-0.2838304, 0.60940367, -0.682062447, -0.287851155)
(-0.271438569, 0.607646465, -0.6825632, -0.301984)
(-0.284928054, 0.60896343, -0.681803465, -0.288311839)
(-0.273049116, 0.608128548, -0.6813679, -0.302261)
(-0.286426723, 0.608911633, -0.6810111, -0.288808435)
(-0.2741753, 0.6036737, -0.6845046, -0.303082973)
(-0.287574351, 0.6060359, -0.6827719, -0.2895584)
(-0.274919957, 0.6033517, -0.68407923, -0.304009)
(-0.287684381, 0.604087949, -0.68402034, -0.290571183)
(-0.275694877, 0.59706825, -0.689249754, -0.304034144)
(-0.288517982, 0.603352, -0.684058368, -0.2911837)
(-0.276185781, 0.5988007, -0.686741769, -0.305851132)
(-0.2887658, 0.6058485, -0.6805173, -0.2940377)
(-0.2859243, 0.593809, -0.6905819, -0.297884047)
(-0.2849836, 0.6039092, -0.6808329, -0.300906032)
(-0.28551805, 0.592834, -0.6904845, -0.3004302)
(-0.2860927, 0.603740156, -0.6804089, -0.301151931)
(-0.288294, 0.5936147, -0.689585745, -0.298294634)
(-0.291060477, 0.6050626, -0.679356456, -0.2960705)
(-0.2874993, 0.593562543, -0.6894292, -0.299524665)
(-0.293055862, 0.60509, -0.67927897, -0.2942183)
(-0.282273561, 0.5964761, -0.6863014, -0.3058241)
(-0.293088973, 0.6058668, -0.678338945, -0.294754833)
(-0.282674342, 0.5967825, -0.6858499, -0.305868834)
(-0.294580162, 0.604572833, -0.679450154, -0.293362945)
(-0.282888532, 0.5969366, -0.685602, -0.305925965)
(-0.293997169, 0.60593, -0.678066552, -0.294347316)
(-0.2849007, 0.59605366, -0.686408162, -0.303966254)
(-0.295233756, 0.6059942, -0.677976131, -0.2931832)
(-0.304579377, 0.600638032, -0.682964861, -0.282885879)
(-0.292836577, 0.600411236, -0.682532132, -0.296484619)
(-0.283869922, 0.5903271, -0.6907522, -0.3062567)
(-0.290278852, 0.601996243, -0.680571258, -0.300268948)
(-0.29512158, 0.6137683, -0.6699579, -0.295547158)
(-0.29134658, 0.602655768, -0.680136, -0.298895)
(-0.2960885, 0.5937899, -0.688417852, -0.292961061)
(-0.291306257, 0.602673, -0.680314362, -0.298493326)
(-0.296916038, 0.61431396, -0.6700196, -0.292460054)
(-0.288760155, 0.604310632, -0.6789886, -0.300667375)
(-0.2992596, 0.6139601, -0.6707041, -0.289228022)
(-0.287257433, 0.607027, -0.676816642, -0.301530451)
(-0.298237264, 0.6160458, -0.6690801, -0.289610416)
(-0.290939033, 0.605646253, -0.67856884, -0.2968022)
(-0.302476227, 0.6041768, -0.680314958, -0.283989429)
(-0.2908621, 0.605622768, -0.67844975, -0.297197282)
(-0.303670943, 0.6110969, -0.673583746, -0.2839533)
(-0.2911491, 0.6060843, -0.677467942, -0.298213154)
(-0.2794913, 0.598279357, -0.683596432, -0.310873777)
(-0.290519744, 0.6075122, -0.675812542, -0.299674064)
(-0.3005938, 0.61728406, -0.6671597, -0.288966477)
(-0.29323265, 0.606632233, -0.6768394, -0.2964801)
(-0.303770036, 0.615715265, -0.668841958, -0.285076857)
(-0.293880135, 0.606327951, -0.677171, -0.295703232)
(-0.300017774, 0.6175506, -0.66686064, -0.28968513)
(-0.291849256, 0.607226133, -0.675977, -0.29858917)
(-0.300038129, 0.6009852, -0.6818056, -0.2897151)
(-0.293846846, 0.60901314, -0.6741612, -0.297091961)
(-0.288399458, 0.5978475, -0.6839978, -0.302573949)
(-0.294808149, 0.6092837, -0.6738586, -0.296270579)
(-0.294544071, 0.598370969, -0.6836226, -0.296405554)
(-0.2966724, 0.609524369, -0.6732763, -0.295236349)
(-0.288732231, 0.598699152, -0.6824444, -0.3040765)
(-0.29790318, 0.6087482, -0.6734949, -0.295099765)
(-0.285561, 0.6021578, -0.678667843, -0.308659762)
(-0.297789454, 0.6092181, -0.672722161, -0.296005845)
(-0.289831132, 0.5984128, -0.6821164, -0.3043306)
(-0.295996279, 0.609497368, -0.67226994, -0.298248619)
(-0.303073466, 0.602102458, -0.6791976, -0.2903615)
(-0.297366142, 0.6102002, -0.6715628, -0.2970396)
(-0.297168523, 0.598934352, -0.681690454, -0.2970969)
(-0.29319334, 0.607743, -0.673267, -0.302320272)
(-0.291737616, 0.596336842, -0.6834882, -0.3035052)
(-0.295777857, 0.607662261, -0.6732914, -0.2999013)
(-0.2987731, 0.5975294, -0.682589352, -0.296251327)
(-0.2932284, 0.60531646, -0.6750943, -0.303078949)
(-0.3005895, 0.59788233, -0.6821698, -0.294664264)
(-0.295549333, 0.6063247, -0.674292266, -0.300584316)
(-0.289347321, 0.5949967, -0.6842954, -0.306588829)
(-0.294838846, 0.606416464, -0.674270332, -0.301145643)
(-0.297421664, 0.5963732, -0.6835499, -0.2977228)
(-0.2941642, 0.605821133, -0.67480576, -0.301803738)
(-0.3048687, 0.6026728, -0.678083837, -0.289901644)
(-0.293839127, 0.6054615, -0.6751269, -0.302123666)
(-0.302574784, 0.5997668, -0.6806415, -0.292327583)
(-0.296210766, 0.60746634, -0.673312962, -0.29982242)
(-0.307264984, 0.6158967, -0.6657065, -0.288261026)
