(-0.666626, -0.58795166, 0.34753418, 0.29864502)
(-0.6663208, -0.588134766, 0.34765625, 0.2987671)
(-0.6627197, -0.5883789, 0.353393555, 0.299560547)
(-0.665527344, -0.5827637, 0.362365723, 0.293518066)
(-0.660339355, -0.5820923, 0.368103027, 0.299438477)
(-0.663269043, -0.5838623, 0.36151123, 0.297485352)
(-0.6635132, -0.5852661, 0.359069824, 0.297119141)
(-0.6635132, -0.5852661, 0.359069824, 0.297119141)
(-0.661010742, -0.5831909, 0.3635254, 0.3013916)
(-0.663452148, -0.5844116, 0.35925293, 0.298706055)
(-0.6635132, -0.58380127, 0.3597412, 0.299194336)
(-0.6643677, -0.581665039, 0.36151123, 0.2993164)
(-0.664672852, -0.5810547, 0.361755371, 0.2994995)
(-0.664672852, -0.5812988, 0.36151123, 0.299377441)
(-0.6643677, -0.5814209, 0.363586426, 0.2972412)
(-0.6643677, -0.5814209, 0.363586426, 0.2972412)
(-0.6642456, -0.581481934, 0.364440918, 0.296386719)
(-0.6644287, -0.5826416, 0.364563, 0.293518066)
(-0.6644287, -0.5826416, 0.364563, 0.293518066)
(-0.6654663, -0.582519531, 0.364196777, 0.291809082)
(-0.6654663, -0.582519531, 0.364196777, 0.291809082)
(-0.6654663, -0.582519531, 0.364196777, 0.291809082)
(-0.6660156, -0.5819702, 0.363952637, 0.2919922)
(-0.6660156, -0.5819702, 0.363952637, 0.2919922)
(-0.666626, -0.581359863, 0.3638916, 0.291931152)
(-0.6663208, -0.581481934, 0.364440918, 0.291625977)
(-0.6663208, -0.581481934, 0.364440918, 0.291625977)
(-0.6663208, -0.581481934, 0.364501953, 0.291625977)
(-0.6663208, -0.58203125, 0.364807129, 0.2901001)
(-0.6663208, -0.58203125, 0.364807129, 0.2901001)
(-0.666259766, -0.58203125, 0.364990234, 0.290039063)
(-0.6664429, -0.5820923, 0.364624023, 0.289917)
(-0.6664429, -0.5820923, 0.364624023, 0.289917)
(-0.667297363, -0.580993652, 0.363830566, 0.29119873)
(-0.667297363, -0.5810547, 0.363647461, 0.291259766)
(-0.667297363, -0.5810547, 0.363647461, 0.291259766)
(-0.667297363, -0.5810547, 0.363647461, 0.291259766)
(-0.667297363, -0.5810547, 0.363647461, 0.291259766)
(-0.667297363, -0.5812378, 0.363586426, 0.291015625)
(-0.667297363, -0.5808716, 0.3652954, 0.289550781)
(-0.667297363, -0.5808716, 0.3652954, 0.289550781)
(-0.667297363, -0.5805664, 0.365478516, 0.289917)
(-0.667297363, -0.5805664, 0.365478516, 0.289917)
(-0.6673584, -0.5806885, 0.3652954, 0.289855957)
(-0.6687012, -0.5767212, 0.3678589, 0.291381836)
(-0.6687012, -0.5767212, 0.3678589, 0.291381836)
(-0.668640137, -0.5767212, 0.367919922, 0.291442871)
(-0.668640137, -0.5767212, 0.367919922, 0.291442871)
(-0.6682739, -0.5772705, 0.367919922, 0.29119873)
