(-0.493103027, -0.105712891, 0.113769531, 0.855957031)
(-0.493103027, -0.105712891, 0.113769531, 0.855957031)
(-0.4932251, -0.105529785, 0.114074707, 0.855896)
(-0.493103027, -0.10534668, 0.114685059, 0.855896)
(-0.493103027, -0.10534668, 0.114685059, 0.855896)
(-0.493103027, -0.104980469, 0.114562988, 0.855957031)
(-0.493103027, -0.104980469, 0.114562988, 0.855957031)
(-0.4918213, -0.10345459, 0.114807129, 0.856872559)
(-0.4882202, -0.1015625, 0.11517334, 0.8590698)
(-0.4882202, -0.1015625, 0.11517334, 0.8590698)
(-0.480896, -0.09844971, 0.116516113, 0.8634033)
(-0.480896, -0.09844971, 0.116516113, 0.8634033)
(-0.4706421, -0.09503174, 0.1184082, 0.8691406)
(-0.4584961, -0.0914917, 0.120605469, 0.8756714)
(-0.4584961, -0.0914917, 0.120605469, 0.8756714)
(-0.444519043, -0.087890625, 0.122619629, 0.8829346)
(-0.444519043, -0.087890625, 0.122619629, 0.8829346)
(-0.4298706, -0.08441162, 0.124694824, 0.890197754)
(-0.414306641, -0.08105469, 0.125671387, 0.8977661)
(-0.414306641, -0.08105469, 0.125671387, 0.8977661)
(-0.400390625, -0.07873535, 0.125549316, 0.90423584)
(-0.400390625, -0.07873535, 0.125549316, 0.90423584)
(-0.3885498, -0.07659912, 0.123657227, 0.9098511)
(-0.3885498, -0.07659912, 0.123657227, 0.9098511)
(-0.3779297, -0.07458496, 0.120300293, 0.914917)
(-0.370788574, -0.07244873, 0.11706543, 0.918457031)
(-0.364501953, -0.06958008, 0.114257813, 0.9215088)
(-0.356323242, -0.06585693, 0.111572266, 0.925292969)
(-0.356323242, -0.06585693, 0.111572266, 0.925292969)
(-0.346740723, -0.06188965, 0.109130859, 0.9295044)
(-0.346740723, -0.06188965, 0.109130859, 0.9295044)
(-0.346740723, -0.06188965, 0.109130859, 0.9295044)
(-0.3383789, -0.05834961, 0.106872559, 0.933044434)
(-0.333740234, -0.0548706055, 0.10559082, 0.9351196)
(-0.33190918, -0.0515136719, 0.10546875, 0.9359741)
(-0.33190918, -0.0515136719, 0.10546875, 0.9359741)
(-0.330627441, -0.0483398438, 0.105773926, 0.936523438)
(-0.330627441, -0.0483398438, 0.105773926, 0.936523438)
(-0.329589844, -0.04534912, 0.106567383, 0.9369507)
(-0.329589844, -0.04534912, 0.106567383, 0.9369507)
(-0.3277588, -0.0433959961, 0.107421875, 0.9376221)
(-0.3277588, -0.0433959961, 0.107421875, 0.9376221)
(-0.326599121, -0.0427856445, 0.108215332, 0.937927246)
(-0.327148438, -0.04309082, 0.109008789, 0.9376221)
(-0.327148438, -0.04309082, 0.109008789, 0.9376221)
(-0.328430176, -0.0432739258, 0.109863281, 0.937072754)
(-0.328430176, -0.0432739258, 0.109863281, 0.937072754)
(-0.3289795, -0.04260254, 0.110656738, 0.9368286)
(-0.3289795, -0.04260254, 0.110656738, 0.9368286)
(-0.328735352, -0.0413818359, 0.111206055, 0.936889648)
(-0.328369141, -0.0401000977, 0.112060547, 0.9370117)
(-0.328369141, -0.0401000977, 0.112060547, 0.9370117)
(-0.328063965, -0.03955078, 0.112854004, 0.9370117)
(-0.328063965, -0.03955078, 0.112854004, 0.9370117)
(-0.328552246, -0.03955078, 0.113830566, 0.9367676)
(-0.328918457, -0.0402832031, 0.114685059, 0.9364624)
(-0.328918457, -0.0402832031, 0.114685059, 0.9364624)
(-0.329467773, -0.04095459, 0.115356445, 0.9361572)
(-0.329467773, -0.04095459, 0.115356445, 0.9361572)
(-0.3302002, -0.0415039063, 0.116088867, 0.935791)
(-0.330810547, -0.0420532227, 0.116882324, 0.93548584)
(-0.3300171, -0.0446167, 0.11706543, 0.9356079)
(-0.3300171, -0.0446167, 0.11706543, 0.9356079)
(-0.329772949, -0.046875, 0.117370605, 0.9355469)
(-0.329772949, -0.046875, 0.117370605, 0.9355469)
(-0.3312378, -0.0490722656, 0.117492676, 0.9348755)
(-0.3312378, -0.0490722656, 0.117492676, 0.9348755)
(-0.331359863, -0.05090332, 0.117736816, 0.9347534)
(-0.3300171, -0.0531005859, 0.117858887, 0.9350586)
(-0.3300171, -0.0531005859, 0.117858887, 0.9350586)
(-0.328369141, -0.0561523438, 0.117919922, 0.93548584)
(-0.328552246, -0.0592041, 0.117614746, 0.9352417)
(-0.328552246, -0.0592041, 0.117614746, 0.9352417)
(-0.330444336, -0.06121826, 0.116821289, 0.9345703)
(-0.3302002, -0.0621948242, 0.116271973, 0.934631348)
(-0.3302002, -0.0621948242, 0.116271973, 0.934631348)
(-0.328430176, -0.06378174, 0.115722656, 0.935180664)
(-0.328430176, -0.06378174, 0.115722656, 0.935180664)
(-0.32598877, -0.0659790039, 0.11541748, 0.9359741)
(-0.32598877, -0.0659790039, 0.11541748, 0.9359741)
(-0.325805664, -0.06982422, 0.1149292, 0.935791)
(-0.3283081, -0.07281494, 0.114807129, 0.9346924)
(-0.3283081, -0.07281494, 0.114807129, 0.9346924)
(-0.3300171, -0.07458496, 0.114807129, 0.933959961)
(-0.3300171, -0.07458496, 0.114807129, 0.933959961)
(-0.3300171, -0.07458496, 0.114807129, 0.933959961)
(-0.327819824, -0.0741577148, 0.114257813, 0.9348755)
(-0.327636719, -0.0736084, 0.113830566, 0.934997559)
(-0.327636719, -0.0736084, 0.113830566, 0.934997559)
(-0.3287964, -0.07409668, 0.1138916, 0.9345703)
(-0.3287964, -0.07409668, 0.1138916, 0.9345703)
(-0.3295288, -0.0744018555, 0.114196777, 0.9342041)
(-0.3295288, -0.0744018555, 0.114196777, 0.9342041)
(-0.329589844, -0.07421875, 0.114440918, 0.9342041)
(-0.329589844, -0.07421875, 0.114440918, 0.9342041)
(-0.329284668, -0.0736084, 0.114685059, 0.9343262)
(-0.3297119, -0.07269287, 0.114807129, 0.934265137)
(-0.329772949, -0.07208252, 0.115112305, 0.9342041)
(-0.329772949, -0.07208252, 0.115112305, 0.9342041)
(-0.3297119, -0.0717773438, 0.11541748, 0.9342041)
(-0.329406738, -0.07183838, 0.115600586, 0.9343262)
(-0.329406738, -0.07183838, 0.115600586, 0.9343262)
(-0.329589844, -0.0720214844, 0.115356445, 0.934265137)
(-0.329589844, -0.0720214844, 0.115356445, 0.934265137)
(-0.3302002, -0.07220459, 0.115112305, 0.934082031)
(-0.3302002, -0.07220459, 0.115112305, 0.934021)
(-0.3302002, -0.07220459, 0.115112305, 0.934021)
(-0.329772949, -0.0723876953, 0.115234375, 0.9342041)
(-0.329772949, -0.0727539063, 0.115234375, 0.934143066)
(-0.329772949, -0.0727539063, 0.11517334, 0.934143066)
(-0.329772949, -0.0727539063, 0.11517334, 0.934143066)
(-0.329589844, -0.07287598, 0.115112305, 0.9342041)
(-0.329589844, -0.07287598, 0.115112305, 0.9342041)
(-0.3297119, -0.07318115, 0.114990234, 0.9342041)
(-0.329772949, -0.07348633, 0.114746094, 0.934143066)
(-0.329772949, -0.07348633, 0.114746094, 0.934143066)
(-0.329650879, -0.07366943, 0.114257813, 0.934265137)
(-0.3291626, -0.07385254, 0.113952637, 0.934448242)
(-0.3291626, -0.07385254, 0.113952637, 0.934448242)
(-0.329223633, -0.0741577148, 0.113708496, 0.9343872)
(-0.329223633, -0.0741577148, 0.113708496, 0.9343872)
(-0.329223633, -0.0745239258, 0.113525391, 0.9343872)
(-0.329223633, -0.0745239258, 0.113525391, 0.9343872)
(-0.329284668, -0.07470703, 0.113647461, 0.9343872)
(-0.32989502, -0.07470703, 0.113586426, 0.934143066)
(-0.329956055, -0.0742797852, 0.113586426, 0.9342041)
(-0.3295288, -0.0740356445, 0.113464355, 0.9343262)
(-0.3295288, -0.0740356445, 0.113464355, 0.9343262)
(-0.329040527, -0.07409668, 0.11328125, 0.9345703)
(-0.329223633, -0.07434082, 0.113037109, 0.934448242)
(-0.329223633, -0.07434082, 0.113037109, 0.934448242)
(-0.3297119, -0.07470703, 0.112915039, 0.9343262)
(-0.329772949, -0.07470703, 0.112915039, 0.934265137)
(-0.329589844, -0.0746459961, 0.112854004, 0.9343262)
(-0.329589844, -0.0746459961, 0.112854004, 0.9343262)
(-0.329650879, -0.07458496, 0.112854004, 0.9343262)
(-0.329650879, -0.07458496, 0.112854004, 0.9343262)
(-0.329650879, -0.07458496, 0.112854004, 0.9343262)
(-0.329650879, -0.0746459961, 0.112854004, 0.9343262)
(-0.329650879, -0.0746459961, 0.112854004, 0.9343262)
(-0.329650879, -0.0746459961, 0.112854004, 0.9343262)
(-0.329650879, -0.0746459961, 0.112854004, 0.9343262)
(-0.3295288, -0.0745239258, 0.112792969, 0.9343872)
(-0.3295288, -0.0745239258, 0.112792969, 0.9343872)
(-0.329589844, -0.0745239258, 0.112792969, 0.9343872)
(-0.329589844, -0.0745239258, 0.112792969, 0.9343872)
(-0.3302002, -0.0748291, 0.112792969, 0.934143066)
(-0.3300171, -0.07489014, 0.112854004, 0.9342041)
(-0.3300171, -0.07489014, 0.112854004, 0.9342041)
(-0.3300171, -0.07489014, 0.112854004, 0.9342041)
(-0.3300171, -0.07489014, 0.112854004, 0.9342041)
(-0.33013916, -0.07501221, 0.112609863, 0.934143066)
(-0.329956055, -0.07519531, 0.1126709, 0.9342041)
(-0.329956055, -0.07519531, 0.1126709, 0.9342041)
(-0.32989502, -0.07556152, 0.112548828, 0.9342041)
(-0.32989502, -0.07556152, 0.112548828, 0.9342041)
(-0.32989502, -0.07556152, 0.112548828, 0.9342041)
(-0.3302002, -0.0759277344, 0.112365723, 0.934082031)
(-0.330322266, -0.07623291, 0.112487793, 0.934021)
(-0.330322266, -0.07623291, 0.112487793, 0.934021)
(-0.330322266, -0.07623291, 0.112487793, 0.934021)
(-0.329956055, -0.0765380859, 0.112792969, 0.934082031)
(-0.329956055, -0.0765380859, 0.112792969, 0.934082031)
(-0.330688477, -0.07647705, 0.113037109, 0.933776855)
(-0.330688477, -0.07647705, 0.113037109, 0.933776855)
(-0.330505371, -0.07623291, 0.113098145, 0.9338989)
(-0.3305664, -0.0765380859, 0.112976074, 0.9338379)
(-0.3305664, -0.0765380859, 0.112976074, 0.9338379)
(-0.3305664, -0.0765380859, 0.112976074, 0.9338379)
(-0.3307495, -0.07684326, 0.112976074, 0.9337158)
(-0.3307495, -0.07684326, 0.112976074, 0.9337158)
(-0.331481934, -0.07647705, 0.113098145, 0.9335327)
(-0.330871582, -0.0759277344, 0.11315918, 0.933776855)
(-0.330871582, -0.0759277344, 0.11315918, 0.933776855)
(-0.330810547, -0.0756835938, 0.113098145, 0.933776855)
(-0.3310547, -0.07574463, 0.11328125, 0.9337158)
(-0.331665039, -0.0759277344, 0.11340332, 0.9334717)
(-0.331665039, -0.0759277344, 0.11340332, 0.9334717)
(-0.33203125, -0.0758056641, 0.11328125, 0.9333496)
(-0.33203125, -0.0758056641, 0.11328125, 0.9333496)
(-0.331604, -0.07562256, 0.113220215, 0.9335327)
(-0.331604, -0.07562256, 0.113220215, 0.9335327)
(-0.331604, -0.07562256, 0.113220215, 0.9335327)
(-0.331604, -0.07562256, 0.113220215, 0.9335327)
(-0.331604, -0.07562256, 0.113220215, 0.9335327)
(-0.331726074, -0.07574463, 0.11315918, 0.9334717)
(-0.33203125, -0.0758056641, 0.112976074, 0.9333496)
(-0.33203125, -0.0758056641, 0.112976074, 0.9333496)
(-0.3317871, -0.0758056641, 0.112915039, 0.9334717)
(-0.3317871, -0.0758056641, 0.112915039, 0.9334717)
(-0.3317871, -0.07574463, 0.112915039, 0.9334717)
(-0.3317871, -0.07574463, 0.112915039, 0.9334717)
(-0.3317871, -0.07574463, 0.112915039, 0.9334717)
(-0.3317871, -0.07574463, 0.112915039, 0.9334717)
(-0.3317871, -0.07574463, 0.112915039, 0.9334717)
(-0.3317871, -0.07574463, 0.112915039, 0.9334717)
(-0.3317871, -0.07574463, 0.112915039, 0.9334717)
(-0.3317871, -0.07574463, 0.112915039, 0.9334717)
(-0.3317871, -0.07574463, 0.112915039, 0.9334717)
(-0.3317871, -0.0758056641, 0.112915039, 0.9334717)
(-0.3317871, -0.0758056641, 0.112915039, 0.9334717)
(-0.33215332, -0.0758667, 0.112915039, 0.9333496)
(-0.33215332, -0.0758667, 0.112915039, 0.9333496)
(-0.332214355, -0.0758667, 0.112915039, 0.9333496)
(-0.3320923, -0.0758056641, 0.112609863, 0.933410645)
(-0.3320923, -0.0758056641, 0.112609863, 0.933410645)
(-0.331848145, -0.0756835938, 0.112487793, 0.9335327)
(-0.331848145, -0.0756835938, 0.112487793, 0.9335327)
(-0.331848145, -0.07550049, 0.112426758, 0.9335327)
(-0.3320923, -0.07531738, 0.112365723, 0.9334717)
(-0.3320923, -0.07531738, 0.112365723, 0.9334717)
(-0.3320923, -0.07531738, 0.112365723, 0.9334717)
(-0.3320923, -0.07531738, 0.112365723, 0.9334717)
(-0.332763672, -0.07537842, 0.112426758, 0.933227539)
(-0.332763672, -0.07537842, 0.112426758, 0.933227539)
(-0.332763672, -0.07537842, 0.112426758, 0.933227539)
(-0.332763672, -0.07537842, 0.112426758, 0.933227539)
(-0.332702637, -0.07543945, 0.112426758, 0.933227539)
(-0.332702637, -0.07543945, 0.112426758, 0.933227539)
(-0.3330078, -0.07525635, 0.112426758, 0.9331665)
(-0.3330078, -0.07525635, 0.112426758, 0.9331665)
(-0.3330078, -0.07525635, 0.112426758, 0.9331665)
(-0.3330078, -0.07519531, 0.112426758, 0.9331665)
(-0.3330078, -0.07519531, 0.112426758, 0.9331665)
(-0.333068848, -0.07519531, 0.112487793, 0.933105469)
(-0.333068848, -0.07519531, 0.112487793, 0.933105469)
(-0.333068848, -0.07519531, 0.112487793, 0.933105469)
(-0.332763672, -0.07531738, 0.112609863, 0.933227539)
(-0.332763672, -0.07531738, 0.112609863, 0.933227539)
(-0.332946777, -0.07550049, 0.112792969, 0.933105469)
(-0.332946777, -0.07550049, 0.112792969, 0.933105469)
(-0.332946777, -0.07550049, 0.112792969, 0.933105469)
(-0.332946777, -0.07550049, 0.112792969, 0.933105469)
(-0.332946777, -0.07550049, 0.112792969, 0.933105469)
(-0.3326416, -0.07550049, 0.112731934, 0.933227539)
(-0.3326416, -0.07550049, 0.112731934, 0.933227539)
(-0.3322754, -0.07550049, 0.1126709, 0.9333496)
(-0.3322754, -0.07550049, 0.1126709, 0.9333496)
(-0.332763672, -0.07574463, 0.112854004, 0.9331665)
(-0.332763672, -0.07574463, 0.112854004, 0.933105469)
(-0.332763672, -0.07574463, 0.112854004, 0.933105469)
(-0.332397461, -0.0756835938, 0.112792969, 0.9332886)
(-0.33203125, -0.07562256, 0.1126709, 0.933410645)
(-0.33203125, -0.07562256, 0.1126709, 0.933410645)
(-0.33203125, -0.07562256, 0.1126709, 0.933410645)
(-0.33203125, -0.07562256, 0.1126709, 0.933410645)
(-0.332397461, -0.07574463, 0.112548828, 0.9333496)
(-0.3324585, -0.07574463, 0.112548828, 0.9332886)
(-0.3324585, -0.07574463, 0.112548828, 0.9332886)
(-0.3324585, -0.07574463, 0.112548828, 0.9332886)
(-0.3324585, -0.07574463, 0.112548828, 0.9332886)
(-0.3322754, -0.0758056641, 0.112487793, 0.9333496)
(-0.3322754, -0.0758056641, 0.112487793, 0.9333496)
(-0.332397461, -0.0760498047, 0.112487793, 0.9332886)
(-0.332397461, -0.0760498047, 0.112487793, 0.9332886)
(-0.332397461, -0.0760498047, 0.112426758, 0.9332886)
(-0.332397461, -0.0760498047, 0.112426758, 0.9332886)
(-0.332397461, -0.0760498047, 0.112426758, 0.9332886)
(-0.332214355, -0.0759277344, 0.112304688, 0.933410645)
(-0.331848145, -0.0759277344, 0.112182617, 0.9335327)
(-0.3317871, -0.0759277344, 0.112182617, 0.9335327)
(-0.3317871, -0.0759277344, 0.112182617, 0.9335327)
(-0.3317871, -0.0759277344, 0.112182617, 0.9335327)
(-0.331726074, -0.07598877, 0.112121582, 0.93359375)
(-0.331726074, -0.07598877, 0.112121582, 0.93359375)
(-0.3317871, -0.07598877, 0.112121582, 0.9335327)
(-0.3317871, -0.07598877, 0.112121582, 0.9335327)
(-0.3317871, -0.07598877, 0.112121582, 0.9335327)
(-0.3317871, -0.07598877, 0.112121582, 0.9335327)
(-0.3317871, -0.07598877, 0.112121582, 0.9335327)
(-0.3317871, -0.07598877, 0.112121582, 0.9335327)
(-0.331848145, -0.0760498047, 0.112121582, 0.9335327)
(-0.331848145, -0.0760498047, 0.112121582, 0.9335327)
(-0.331848145, -0.0760498047, 0.112121582, 0.9335327)
(-0.331848145, -0.07598877, 0.112121582, 0.9335327)
(-0.331848145, -0.07598877, 0.112121582, 0.9335327)
(-0.331848145, -0.07598877, 0.112121582, 0.9335327)
(-0.3320923, -0.07611084, 0.112060547, 0.933410645)
(-0.3320923, -0.07611084, 0.112060547, 0.933410645)
(-0.33215332, -0.07611084, 0.112060547, 0.933410645)
(-0.33215332, -0.07611084, 0.112060547, 0.933410645)
(-0.33203125, -0.076171875, 0.112060547, 0.9334717)
(-0.33203125, -0.076171875, 0.112060547, 0.9334717)
(-0.33203125, -0.076171875, 0.112060547, 0.9334717)
(-0.33203125, -0.076171875, 0.112060547, 0.9334717)
(-0.33203125, -0.076171875, 0.112060547, 0.9334717)
(-0.33203125, -0.076171875, 0.112060547, 0.9334717)
(-0.33203125, -0.076171875, 0.112060547, 0.9334717)
(-0.3320923, -0.076171875, 0.112060547, 0.9334717)
(-0.3320923, -0.076171875, 0.112060547, 0.933410645)
(-0.3320923, -0.076171875, 0.112060547, 0.933410645)
(-0.3319702, -0.07623291, 0.112060547, 0.9334717)
(-0.3319702, -0.07623291, 0.112060547, 0.9334717)
(-0.3319702, -0.07623291, 0.112060547, 0.9334717)
(-0.3319702, -0.0762939453, 0.111999512, 0.9334717)
(-0.3319702, -0.0762939453, 0.111999512, 0.9334717)
(-0.3322754, -0.07647705, 0.112121582, 0.9333496)
(-0.3322754, -0.07647705, 0.112121582, 0.9333496)
(-0.3322754, -0.07647705, 0.112121582, 0.9333496)
(-0.33215332, -0.0765380859, 0.112060547, 0.933410645)
(-0.332214355, -0.0765380859, 0.112060547, 0.9333496)
(-0.332214355, -0.0765380859, 0.112060547, 0.9333496)
(-0.332214355, -0.0765380859, 0.112060547, 0.9333496)
(-0.332214355, -0.0765380859, 0.112060547, 0.9333496)
(-0.332214355, -0.0765380859, 0.112060547, 0.9333496)
(-0.332214355, -0.0765380859, 0.112060547, 0.9333496)
(-0.332214355, -0.07659912, 0.112060547, 0.9333496)
(-0.332214355, -0.07659912, 0.112060547, 0.9333496)
(-0.3322754, -0.07659912, 0.112060547, 0.9333496)
(-0.3322754, -0.07659912, 0.112060547, 0.9333496)
(-0.3322754, -0.07659912, 0.112060547, 0.9333496)
(-0.3320923, -0.0765380859, 0.111938477, 0.933410645)
(-0.3320923, -0.0765380859, 0.111938477, 0.933410645)
(-0.331848145, -0.07659912, 0.111938477, 0.9335327)
(-0.33190918, -0.07659912, 0.111938477, 0.9334717)
(-0.33190918, -0.07659912, 0.111938477, 0.9334717)
(-0.33190918, -0.07659912, 0.111938477, 0.9334717)
(-0.331848145, -0.0765380859, 0.111938477, 0.9335327)
(-0.331848145, -0.0765380859, 0.111938477, 0.9335327)
(-0.331665039, -0.0765380859, 0.111877441, 0.93359375)
(-0.331665039, -0.0765380859, 0.111877441, 0.93359375)
(-0.331665039, -0.0765380859, 0.111877441, 0.93359375)
(-0.331665039, -0.0765380859, 0.111877441, 0.93359375)
(-0.331665039, -0.0765380859, 0.111877441, 0.93359375)
(-0.331665039, -0.0765380859, 0.111877441, 0.93359375)
(-0.331665039, -0.0765380859, 0.111877441, 0.93359375)
(-0.331604, -0.07647705, 0.111816406, 0.9336548)
(-0.331604, -0.07647705, 0.111816406, 0.93359375)
(-0.331604, -0.07647705, 0.111816406, 0.93359375)
(-0.331604, -0.07647705, 0.111816406, 0.93359375)
(-0.331604, -0.07647705, 0.111816406, 0.93359375)
(-0.331665039, -0.07647705, 0.111816406, 0.93359375)
(-0.331481934, -0.0765380859, 0.111877441, 0.9336548)
(-0.331481934, -0.0765380859, 0.111877441, 0.9336548)
(-0.331481934, -0.0765380859, 0.111877441, 0.9336548)
(-0.331481934, -0.0765380859, 0.111877441, 0.9336548)
(-0.331481934, -0.0765380859, 0.111877441, 0.9336548)
(-0.331481934, -0.0765380859, 0.111877441, 0.9336548)
(-0.331542969, -0.0765380859, 0.111877441, 0.9336548)
(-0.331542969, -0.0765380859, 0.111877441, 0.93359375)
(-0.331542969, -0.0765380859, 0.111877441, 0.93359375)
(-0.331542969, -0.07659912, 0.111877441, 0.93359375)
(-0.331542969, -0.07659912, 0.111877441, 0.93359375)
(-0.331604, -0.07659912, 0.111877441, 0.93359375)
(-0.331604, -0.07659912, 0.111877441, 0.93359375)
(-0.331604, -0.07659912, 0.111877441, 0.93359375)
(-0.331604, -0.07659912, 0.111877441, 0.93359375)
(-0.331665039, -0.07659912, 0.111877441, 0.93359375)
(-0.331665039, -0.07659912, 0.111877441, 0.93359375)
(-0.331665039, -0.07659912, 0.111877441, 0.93359375)
(-0.331726074, -0.0766601563, 0.111877441, 0.9335327)
(-0.331726074, -0.0766601563, 0.111877441, 0.9335327)
(-0.3314209, -0.07684326, 0.111755371, 0.9336548)
(-0.3314209, -0.07684326, 0.111755371, 0.9336548)
(-0.3314209, -0.07684326, 0.111755371, 0.9336548)
(-0.3314209, -0.07684326, 0.111755371, 0.9336548)
(-0.3314209, -0.07684326, 0.111755371, 0.9336548)
(-0.331481934, -0.07684326, 0.111755371, 0.9336548)
(-0.331481934, -0.07684326, 0.111755371, 0.9336548)
(-0.331481934, -0.07684326, 0.111755371, 0.9336548)
(-0.331481934, -0.07684326, 0.111755371, 0.9336548)
(-0.331298828, -0.07678223, 0.111755371, 0.9337158)
(-0.331298828, -0.07678223, 0.111755371, 0.9337158)
(-0.331115723, -0.0769043, 0.111694336, 0.933776855)
(-0.331298828, -0.0770874, 0.1116333, 0.9337158)
(-0.331298828, -0.0770874, 0.1116333, 0.9337158)
(-0.331665039, -0.07727051, 0.111572266, 0.9335327)
(-0.331665039, -0.07727051, 0.111572266, 0.9335327)
(-0.3314209, -0.07727051, 0.111572266, 0.9336548)
(-0.3314209, -0.07727051, 0.111572266, 0.9336548)
(-0.3314209, -0.07727051, 0.111572266, 0.9336548)
(-0.3314209, -0.07727051, 0.111572266, 0.9336548)
(-0.331481934, -0.07733154, 0.111572266, 0.9336548)
(-0.331604, -0.07720947, 0.11151123, 0.93359375)
(-0.331604, -0.07720947, 0.11151123, 0.93359375)
(-0.331542969, -0.0770874, 0.11138916, 0.9336548)
(-0.331542969, -0.0770874, 0.11138916, 0.9336548)
(-0.331359863, -0.0770874, 0.111328125, 0.9337158)
(-0.331359863, -0.0770874, 0.111328125, 0.9337158)
(-0.331359863, -0.0770874, 0.111328125, 0.9337158)
(-0.331359863, -0.0770874, 0.111328125, 0.9337158)
(-0.331359863, -0.0770874, 0.111328125, 0.9337158)
(-0.331176758, -0.0770874, 0.11126709, 0.933776855)
(-0.331176758, -0.0770874, 0.11126709, 0.933776855)
(-0.331176758, -0.0770874, 0.11126709, 0.933776855)
(-0.331176758, -0.0770874, 0.11126709, 0.933776855)
(-0.331176758, -0.0770874, 0.11126709, 0.933776855)
