-4,-3,-6,-7,-5,-4,-6,-1
-1,1,0,-4,-1,0,-4,-1
-1,0,1,3,-2,-1,2,0
0,0,2,-1,-11,-2,-1,-1
-1,-2,-2,-2,8,3,2,-2
0,-1,-2,0,0,-1,1,1
-1,-1,1,1,-1,-1,-2,-4
-1,-2,-2,0,-1,-1,-2,1
-1,-3,-2,6,5,-3,4,0
0,0,0,-5,-13,1,-2,-2
-2,0,1,-1,6,3,-1,-3
0,0,-3,-3,-1,-8,1,-1
-2,1,0,-1,-1,5,-4,-2
-3,-4,-1,3,4,-4,4,0
2,7,6,7,2,4,-3,1
-3,-6,-10,-9,3,-10,-8,-3
-2,-1,2,-1,-10,-1,1,-2
2,-2,-3,-6,-2,-2,-3,-1
0,5,1,0,-4,2,7,2
2,4,1,5,5,1,-3,2
2,2,0,0,-4,-3,6,2
-4,-4,-6,-6,-2,0,-1,-3
-2,-5,-4,-3,-3,-6,-4,1
-3,0,3,2,1,6,2,-1
-1,-1,-1,-2,-3,-5,1,1
0,0,-1,2,-3,-2,-2,1
-3,-2,1,-1,6,-2,2,-3
-1,-5,-7,-1,-8,-1,1,-1
-1,0,0,-2,-4,-2,0,-1
-4,-2,-1,2,0,-1,-4,2
-2,-2,-2,0,5,0,-1,-3
-3,1,10,1,-6,-3,-3,-1
-2,-5,-2,-5,-3,1,-7,-2
-5,-11,-14,-9,-1,-10,-6,-4
1,-6,-5,-5,-3,1,1,0
1,2,-1,1,-1,1,-2,0
0,-1,5,5,5,-2,-4,-2
0,5,5,1,-5,0,2,1
0,-1,-5,-6,-6,-4,-5,2
-1,-3,-3,-1,1,-3,5,-2
-3,-5,-3,-1,5,1,-2,-2
0,2,2,3,2,3,2,1
-2,-2,-1,-3,-8,-9,-5,-3
0,2,5,0,2,5,2,-1
-2,-4,-16,-10,-9,-4,-2,-3
1,0,-1,2,4,5,0,-3
-1,-1,4,4,3,4,6,2
-2,-3,-1,3,3,2,-3,-2
1,0,3,-2,-6,-1,-2,0
-3,1,6,0,2,1,0,0
-3,-9,-10,-9,-10,-9,-5,-1
1,-5,-2,-2,2,10,1,0
2,2,5,2,-3,0,-4,0
0,2,-4,-5,7,1,6,-1
6,8,6,8,0,7,-1,1
-4,-2,-7,-5,-6,-15,-3,-3
-2,-3,0,0,1,3,3,-1
4,8,-1,2,-1,9,-3,1
-5,-5,-3,-3,3,-7,-2,-4
1,1,-2,-3,5,7,1,2
1,5,2,3,2,9,9,1
0,-1,2,1,6,20,3,-2
-4,-1,-1,-3,-6,-8,1,2
7,10,3,6,15,43,4,3
-6,-3,-2,-5,0,-15,-1,-2
-3,-5,0,-4,-10,-2,-12,-2
-5,-5,-12,-4,-3,-10,13,-4
-5,-4,3,-3,-2,-11,-1,-2
8,12,-5,-2,0,5,-3,3
-6,-10,7,4,3,-12,-3,-3
-2,8,2,-1,-12,5,-20,0
4,1,-18,-14,0,-2,36,-2
0,-2,13,14,22,1,23,-1
-1,-10,-31,-23,-29,-34,-12,-4
2,30,29,17,20,9,-19,-2
-3,-12,2,6,43,83,19,1
-12,-29,0,-2,0,-25,-11,-6
1,-2,-7,-5,-7,-5,-24,-2
-1,5,23,10,2,-9,23,-2
-8,7,-17,-6,-29,-43,-47,-4
-5,0,9,0,-10,16,-27,-7
-6,-15,11,1,25,-8,44,6
0,40,-12,-6,-16,-7,-61,-10
4,-27,25,2,-2,33,24,7
0,40,-9,-5,-30,-59,4,15
-1,-44,16,9,26,60,8,0
-18,-82,-53,-24,-10,-53,-69,-20
2,15,23,10,23,18,50,8
5,-16,-27,8,-10,-43,14,0
16,78,3,-4,-12,38,-8,1
6,47,-4,-11,-5,-22,84,15
-5,-103,-16,11,-24,-14,-23,-1
-10,10,9,-14,26,54,-15,-14
-15,33,79,21,-16,-55,25,-5
3,-48,-105,-27,-31,-1,-16,-3
10,71,-4,-6,3,-52,-34,0
-7,-58,-9,8,-3,-16,-18,-15
-5,-44,-38,-16,-10,-7,18,-6
1,9,68,15,-17,8,4,-1
4,36,-42,-14,-10,-58,59,5
5,109,16,0,29,26,-57,0
-31,-93,-49,20,-4,-72,-42,-6
3,92,-15,-44,-65,2,54,-1
16,10,-25,16,75,-34,44,26
-12,-40,19,5,-25,-65,2,-5
13,21,-31,-24,-24,-37,-29,-7
12,63,121,37,22,22,-25,8
-6,-67,-64,-7,-19,-28,-9,0
-6,-30,-13,-24,-12,10,22,5
12,36,35,13,-2,7,-23,5
-12,-16,21,14,24,26,-1,-5
2,49,16,-17,15,48,50,-11
9,-4,7,15,10,22,62,21
10,7,-37,-15,-16,-10,41,-8
-16,-52,-15,3,20,-53,-12,-6
-5,23,6,5,-19,56,-49,-15
6,10,21,14,16,3,25,0
-8,109,38,-23,-20,37,10,-9
11,-79,-23,18,24,-123,20,21
-10,26,36,4,-14,-83,-21,-10
4,17,-8,1,7,82,60,3
-1,-24,48,20,-26,-77,-25,-5
2,-16,-68,-24,41,59,48,6
-5,64,-17,-19,-35,-118,47,-8
23,7,27,17,33,52,65,14
-13,-62,-18,10,20,-3,23,0
-11,-74,5,4,-30,-28,16,-9
-4,5,59,10,18,41,-90,3
-1,34,-16,-22,-39,-22,-38,-11
-2,-24,-42,-9,45,48,-12,-3
2,22,-15,0,10,23,-17,-8
-6,-32,16,7,-29,27,14,11
-7,5,10,3,5,-82,-65,-14
2,78,-11,-10,-7,31,50,17
-20,-24,50,12,8,34,17,-11
-25,-77,-94,-20,7,-11,-52,-11
-1,-10,-27,-11,-12,3,34,12
0,15,22,4,-8,-70,-6,-4
14,76,53,-2,-10,23,-35,8
8,31,-15,2,17,-28,62,7
-8,-20,6,3,-2,9,34,-10
-16,-48,-51,-25,-34,-25,-38,-15
4,-13,26,14,37,34,-56,0
10,-13,15,4,-18,-16,-31,-7
-4,25,-43,-16,-34,-51,-33,-10
3,16,18,-2,9,52,31,4
8,18,-23,-1,31,28,32,4
-12,0,28,4,-14,-13,-34,-14
-1,-19,-24,-10,-4,32,-5,4
19,-18,-12,4,-16,-36,-12,16
-15,0,-2,1,-10,-63,-27,-13
-12,6,10,-1,-5,5,-29,-10
3,10,21,0,-18,-22,26,11
-2,12,59,9,24,33,7,0
-6,-52,-75,-34,-12,-5,16,4
12,18,8,3,21,38,53,-2
-15,-118,-20,-1,-34,-26,-28,-10
2,13,-13,-13,16,4,13,8
9,62,19,14,32,85,31,9
8,8,-3,-8,-50,-48,-24,-2
6,43,-11,0,16,6,47,6
-7,-49,4,5,13,7,-40,-8
-4,-14,4,0,-29,-16,-18,-11
4,43,17,2,6,13,12,3
4,54,12,-1,8,-27,-26,0
-2,-29,-30,6,-6,-39,4,3
1,30,23,4,-14,-3,-6,8
-9,-32,-15,-15,-22,30,-28,-12
5,44,38,8,30,6,-22,-7
-1,20,-8,19,14,11,32,-2
6,-39,-14,-7,-24,-29,-22,4
0,25,9,1,33,14,-10,-4
2,-3,3,2,-5,-9,-30,1
1,25,-7,-10,-7,2,-26,-4
0,-17,5,6,-11,-60,-6,-4
2,-18,-14,-10,-16,3,0,7
1,2,-23,-8,10,-14,-3,-3
-8,-37,-4,5,-1,-16,-69,-8
3,18,-1,4,8,18,24,1
-3,-13,31,0,-20,11,11,9
-6,9,9,1,13,4,-16,-5
-2,50,-4,-3,-9,-24,-61,-14
-9,-50,-23,-7,4,18,-35,-3
5,5,-14,-5,-21,-24,-12,5
-2,-4,17,4,10,29,-35,-1
-6,16,9,-8,3,12,1,-3
5,0,-18,1,3,3,-3,-3
-7,-27,-6,4,-7,-14,19,-3
2,9,-10,1,20,55,-26,-1
7,-12,14,-4,-18,-16,57,9
0,27,-7,-4,-17,25,8,-9
2,4,12,13,24,-27,5,4
-3,-26,0,0,-24,-33,7,-5
1,22,13,14,40,43,8,-2
3,23,-11,-15,-35,-29,-2,8
1,-51,-7,-15,-20,-31,-6,-4
-1,-10,6,5,16,39,38,1
3,13,26,-1,-11,-6,9,4
-15,-92,-34,-1,-12,-41,2,0
-8,43,-9,-15,-7,-49,-8,-9
-2,-59,-10,-1,-6,-34,-17,0
2,-5,0,10,49,52,9,5
0,28,15,-4,-15,-41,20,-5
3,11,21,8,-13,-32,6,-4
1,7,4,-4,6,49,-10,0
0,-8,-9,-2,-16,35,17,-3
-6,3,3,-7,3,33,-49,3
6,13,-11,-1,-8,-7,-7,3
1,9,-7,2,15,-37,-4,-5
-1,-19,-2,1,-20,-39,-14,0
0,17,1,-2,11,62,35,-4
-3,12,-8,5,31,22,-7,5
-7,-21,7,5,-23,-18,-22,-2
-1,-4,-45,-34,-30,-32,8,5
2,9,0,4,12,2,2,-7
-1,-1,-1,5,9,56,-18,-1
-7,19,-10,-8,12,-30,-31,-9
0,16,14,2,-6,49,54,2
7,-2,-4,5,3,3,40,9
-6,-24,-6,-9,-8,0,23,-2
-1,21,-3,-5,3,56,-36,-3
-7,-64,-15,-1,-13,-86,-6,-2
4,32,22,6,38,30,-1,-4
6,14,29,3,-12,0,3,0
0,3,-13,-4,4,32,39,16
-4,10,-11,-1,-8,-39,39,-4
-10,-34,8,5,8,-8,-43,-7
-1,4,-7,2,-6,-8,-1,-3
-2,-4,2,-8,-10,-29,-13,-2
0,10,-6,-5,-12,12,-31,-4
1,23,13,11,27,3,30,3
4,17,5,2,-7,11,1,0
-2,-34,-13,-4,-9,-23,1,-2
-1,11,4,0,-26,-21,-16,-3
-1,2,-23,-5,23,42,14,0
-5,-14,10,5,41,32,-16,-6
-1,-2,-3,-10,-28,-27,3,2
3,16,24,7,13,4,33,4
0,-18,-11,-5,-18,-8,17,3
-1,-4,4,5,-12,-9,-28,2
0,3,-23,-3,5,-11,13,-3
3,1,3,-2,16,7,20,5
4,24,6,2,-13,-25,-18,-2
-2,24,10,0,7,9,-3,-1
2,-80,-8,3,-14,-10,29,0
-1,18,2,-4,12,8,-65,0
3,4,-7,-9,-20,-47,-1,0
-5,-37,-17,-1,18,43,-4,-3
1,43,25,8,-4,-3,-17,-4
-4,-13,-14,0,5,12,-45,-6
-3,-3,7,-1,-43,-22,-15,2
0,-2,5,-3,44,3,0,4
-3,16,2,2,-16,2,11,-5
-6,-23,-6,1,5,-2,-3,-4
-8,6,-2,-7,3,-12,14,-3
0,-10,-12,-5,-16,-13,-12,-3
-3,8,-3,-2,-24,-2,41,0
-1,13,-2,-5,21,-1,-10,-1
-2,-20,-7,0,2,-22,8,-2
-1,1,-3,1,-10,10,25,1
-2,2,14,1,11,0,-16,0
3,-1,-9,-3,-35,11,25,1
-7,-1,12,0,34,-2,-25,-1
2,3,-9,1,-2,6,8,4
0,28,6,-4,-12,-40,-1,0
-9,-49,-10,2,-4,-20,-57,-7
-3,-13,10,-7,-8,19,-10,-7
4,37,7,8,-1,-1,4,4
-11,-45,-23,2,6,13,-12,-2
1,21,26,7,9,8,23,-4
-3,-15,-19,-9,-6,-14,-2,-2
-6,-5,-4,-6,-15,-19,-20,-10
2,6,7,-4,9,-5,-14,0
4,-4,-13,-1,-8,12,3,0
-1,25,7,-2,4,1,1,-3
-4,-20,-3,-4,-16,-8,24,-2
0,5,-4,-3,-7,-1,29,0
1,-8,4,4,16,4,22,4
1,8,2,-3,-32,-30,39,2
-3,-20,-23,-7,25,40,-6,-6
-2,5,1,-4,-21,-17,-8,-7
1,-8,-3,1,34,20,-1,5
-7,-29,-3,4,8,-2,-21,-6
4,26,6,6,-12,4,14,5
-5,-38,-5,-7,-12,-18,-7,0
1,66,20,-4,-12,-8,1,-1
1,-49,-19,3,12,14,-5,-1
-3,-8,-1,-2,4,-25,-42,-7
1,21,6,-1,-10,-23,-6,5
1,-6,-3,-2,18,16,-9,-2
5,49,13,9,6,-3,31,-10
-5,-6,-1,-13,-55,-44,-84,-8
0,-8,-9,-11,37,-19,-44,-7
-1,-1,7,18,10,35,7,2
-2,11,-2,-5,-21,-35,1,-1
1,-10,4,2,0,7,48,2
4,8,-7,-4,-15,28,2,1
-1,-19,-22,-13,1,-29,10,-2
1,12,16,3,3,11,-8,-1
-10,-31,-32,-10,-31,-53,14,-4
1,50,13,0,43,88,10,5
0,-28,-6,4,-6,0,9,1
-8,-30,-1,-1,-11,7,-6,5
4,-4,8,13,6,-16,28,6
7,38,9,-5,-6,28,0,-1
8,20,-38,-13,0,-11,-32,-4
-4,-22,-4,-3,8,-2,-10,1
2,12,37,25,3,6,2,5
-5,11,-12,-5,-19,-2,-8,-8
6,35,8,3,36,-27,18,5
3,47,8,-6,-11,29,27,0
-8,-63,-15,0,8,23,2,1
-3,-45,-7,5,-6,-47,3,-4
-2,15,21,0,-29,-11,-12,0
-1,5,-8,1,19,31,-5,0
0,13,-1,-10,5,-21,40,-2
-2,-1,8,3,11,-3,1,0
-5,-31,-2,-1,-21,10,-10,-3
2,0,-3,-4,-15,1,-7,-2
4,21,12,8,9,10,-7,2
-1,-18,-20,-10,-4,-19,-6,1
-8,-6,-11,-8,-12,-5,-5,-5
3,36,32,14,22,26,37,0
-12,-13,-2,-5,-8,-8,-50,-9
1,-13,-22,-3,34,16,47,-1
-5,-34,-24,-1,-17,-16,49,5
-4,12,-2,-5,-8,-19,-20,-9
0,11,6,-4,2,36,-14,-3
3,30,18,12,8,-26,-10,3
-3,0,14,2,3,11,10,-5
-2,-24,-11,2,-15,-20,-17,-2
-2,-24,-18,-14,2,-25,3,-3
2,35,0,-4,-3,41,12,4
7,49,8,-2,-7,-42,-78,-5
-10,-8,-5,-1,-5,-30,-13,4
-2,-63,-14,-3,-2,-6,-20,-4
-4,-8,8,4,-4,-20,-14,-10
4,14,11,5,13,32,12,2
3,-10,-15,-2,4,-25,-20,5
4,35,-1,-9,-9,-9,25,4
-5,-25,-11,-6,-19,-4,10,1
0,-13,12,10,19,26,-17,-3
-1,3,4,-4,-7,3,-16,-5
2,19,-12,-10,-39,-48,-33,-3
-5,-15,15,14,47,10,-6,-4
6,27,9,-2,-15,-9,-17,-1
-10,-77,-55,-20,-17,-13,3,1
0,31,11,5,8,-16,-63,0
2,-3,4,-3,-25,-16,19,-1
-1,1,4,-2,-4,19,24,3
5,55,32,12,3,-20,11,2
-13,-52,-32,-13,14,-6,5,-4
-10,-49,-14,-5,-25,-8,-16,0
-3,-11,4,1,18,28,24,0
3,25,24,4,-8,-23,-4,-3
1,3,-3,11,8,47,18,1
2,3,1,-6,-4,6,0,3
-2,-11,-22,-10,-15,-19,-24,-5
2,26,32,7,7,8,29,3
-4,-43,-19,2,14,29,21,2
-2,5,-9,6,3,-16,-10,-1
-4,-17,-8,-7,-20,-17,10,-2
0,4,6,-4,-13,2,-52,-10
2,36,19,4,33,44,13,-4
0,-4,-1,8,9,-22,35,7
-5,-14,-5,1,-18,-27,7,3
3,-1,-9,0,16,41,14,5
5,24,26,-4,-23,-6,2,-2
-7,-13,-20,-12,0,15,-26,-9
-5,18,11,2,12,45,46,-2
-1,-54,-43,-12,-12,-16,-3,-2
3,13,13,2,12,16,17,0
1,21,11,5,-12,-10,-17,-2
-3,0,11,-10,-1,-6,5,-4
0,-3,-16,4,15,13,29,2
-1,0,-5,-6,-16,-6,-6,-4
5,21,11,0,1,-8,6,1
-1,-35,-28,-3,-2,15,-12,5
0,8,12,9,13,0,-35,-4
3,20,4,0,-8,4,24,0
3,-11,-5,-7,-22,-20,-31,0
1,17,8,5,27,-1,-1,-2
-3,-40,-7,-7,-8,14,25,2
-1,5,2,14,11,-9,-21,1
1,7,15,-1,-20,-3,-4,-3
-3,3,-13,-3,3,36,-14,-2
0,-22,-2,-2,0,-29,-12,-1
-3,11,7,-4,-4,-15,6,-2
-1,8,-6,-4,5,3,-8,-2
2,-33,-6,-5,-19,-36,-14,1
-1,4,2,0,10,36,12,1
-2,-16,-7,2,-6,-9,4,2
-5,8,6,1,-2,-22,-55,-8
-3,-2,2,5,9,-12,5,-8
4,16,-6,-2,-13,13,2,-1
-1,6,0,-6,4,-2,-13,-3
-4,10,-8,2,1,-7,28,0
-2,-27,-5,-5,-2,37,17,3
-1,25,5,-3,-8,-20,-31,0
4,-35,-9,1,4,-2,-11,2
1,-2,6,6,-4,16,19,1
-3,12,3,1,-7,-10,-4,-1
-3,15,-8,-8,-2,-1,14,1
0,2,2,0,18,43,8,0
-3,-17,-9,2,-5,-45,-22,-6
-3,1,11,5,8,-36,-15,0
2,16,-6,4,3,15,4,-6
0,-3,8,-1,-3,-2,-2,-2
-5,-7,-1,-3,10,11,27,1
2,9,5,0,-27,6,22,3
-7,-17,-11,-7,11,-25,-2,0
-6,4,10,2,7,15,2,-2
1,-27,-7,0,2,11,24,-2
-5,-3,4,-6,-10,2,-14,-2
0,26,-7,1,12,-10,0,-4
0,-5,3,-2,-7,-16,-1,1
1,-11,-5,0,4,34,16,3
4,26,1,1,-7,-16,-20,-4
-5,-22,26,2,-18,10,-14,-3
1,11,-36,-10,12,-17,28,2
-3,-11,-20,-7,3,10,4,0
1,4,7,11,-6,-7,3,0
-2,-13,2,-7,3,2,-25,-3
-1,5,4,4,-12,-10,26,1
2,9,8,2,-6,2,-24,-1
-1,30,13,0,6,-4,36,1
-1,-52,-34,-4,1,3,8,1
-1,6,16,1,-11,-1,-8,2
1,11,-9,-2,-4,-3,-1,-4
-1,-11,-11,-8,1,-1,-19,-4
1,25,10,4,0,-9,-5,-1
-4,-6,-8,-7,-7,-29,2,0
-2,-6,13,8,14,19,-6,-3
1,-9,-17,-6,-18,-48,-17,0
0,14,4,0,-2,7,9,1
-1,-12,-12,-3,14,-5,-4,-3
0,21,19,1,-11,0,1,1
3,3,-6,-2,0,7,10,1
-6,-30,-19,-8,-9,-14,16,-1
-7,2,6,0,0,-10,-60,-5
2,14,1,-3,-4,-8,6,-1
0,-26,7,3,-8,1,-3,-4
2,5,1,-2,7,4,5,3
3,14,5,3,-8,21,29,-6
5,2,10,6,2,-2,-27,6
-6,-10,-25,-11,5,-29,-13,-6
3,-10,13,4,-2,0,-9,0
-1,-15,-3,4,-6,-20,-11,0
2,12,4,-1,1,21,-3,-1
-2,14,0,2,8,3,17,4
-3,9,-4,-6,2,27,-9,2
1,17,1,-3,-18,-32,3,-1
-6,-44,-16,1,-5,-10,19,0
-1,5,2,-5,9,13,-5,-6
-3,-10,-3,-6,-10,-4,6,-4
8,9,13,2,4,7,10,8
-3,8,-10,-7,-3,-3,-4,-5
-3,-23,-5,-1,-4,-6,-21,-3
3,36,9,5,0,-2,35,2
2,-11,7,7,11,24,8,1
-3,-20,-13,-9,-21,-5,3,-1
2,0,0,-1,4,-23,0,0
-6,2,8,8,20,-6,-81,-13
-3,9,-7,-2,-3,-5,-14,-3
-3,-10,-2,-5,5,-7,5,0
1,0,12,0,-15,6,14,1
-1,-2,2,0,5,-12,7,-2
-5,-22,-6,0,-15,-3,1,-3
-1,7,-5,-7,20,28,4,-3
-3,-3,-6,-10,-13,-21,-44,1
4,27,0,-3,-9,14,7,-1
-2,-24,-16,-3,-2,15,13,-4
-4,-46,0,4,-4,-14,6,1
-4,9,12,6,18,17,1,-7
0,0,2,-1,-2,-14,7,-1
1,18,-8,-11,5,4,3,0
5,35,9,3,-5,17,5,4
-1,-30,0,4,5,6,17,6
-3,-9,-4,-4,-15,-11,5,0
-4,7,10,1,4,4,20,-3
-3,1,-4,2,16,-11,-5,-4
1,7,4,4,-6,13,11,0
-3,1,-10,-6,-3,6,4,-3
2,-20,-9,-5,-15,17,-1,1
-3,13,7,1,12,-16,1,-4
-1,-4,-5,-3,-7,5,4,1
-3,-10,-10,1,-5,5,-7,-5
-4,-10,0,-4,1,-14,-39,-8
-3,3,-2,-1,-9,-21,-34,-5
-2,7,-13,-6,10,8,0,-2
-3,-28,-7,-4,-20,-18,-9,0
2,22,13,1,9,1,-27,-2
1,2,6,4,-15,-12,4,0
-2,5,1,4,15,3,2,-2
3,7,-1,3,4,7,16,3
-7,-3,-4,-8,-9,-14,-39,-7
-1,-3,3,0,-12,10,-11,-4
3,3,-6,-2,0,-13,4,3
-3,15,8,4,5,22,5,-2
-1,-15,-4,3,0,-24,15,2
0,8,14,6,-1,-6,5,0
-3,2,-7,-6,-3,-13,-24,-8
1,-28,-7,-3,6,5,13,-1
-1,21,6,5,-2,-1,3,4
-2,-25,-14,-5,-7,8,10,10
5,22,2,-1,-2,0,8,-2
0,-22,-13,-4,-4,-26,-6,-1
0,-4,7,8,17,16,13,-1
1,11,6,-2,-2,-13,21,-1
2,-2,-4,-3,-3,17,-14,0
-2,-1,0,0,-6,-20,-10,-5
3,19,8,3,7,5,0,1
4,-22,-12,0,7,-3,7,2
-6,-3,10,11,-3,2,28,-1
2,12,13,2,10,3,-1,1
-2,-11,-9,2,-11,1,26,0
3,25,-4,-10,2,20,-6,0
-3,7,-10,-11,-21,-4,-8,-4
6,16,-11,2,9,2,0,2
-3,18,-3,-6,-8,15,1,-4
3,-2,15,10,18,-25,5,0
-4,-40,-44,-6,-6,-1,-20,7
3,36,13,-3,-7,-2,37,-1
-3,-19,-18,-13,8,9,-48,-6
2,11,15,4,2,10,-3,4
-5,-29,-4,2,4,10,8,-6
1,-8,6,6,-7,-16,-1,6
-4,-6,7,0,-7,3,10,-2
-1,-5,-20,2,-4,13,12,-3
1,28,19,-6,13,-13,-5,-2
-7,-32,-28,-15,-16,7,-12,-2
-3,-7,-7,-11,-10,-15,11,1
-1,43,65,38,5,16,-4,-1
-2,-48,-61,2,3,-4,2,-5
-7,-22,-14,-44,-10,-10,-15,-2
-3,4,-8,-43,-13,-9,-6,-3
-1,9,-1,12,-6,-17,11,-5
2,44,33,5,2,17,-7,3
-1,-26,-5,18,6,2,3,-3
-2,-38,-18,13,2,4,3,4
0,3,-6,-9,-1,-4,-7,4
-2,6,25,11,14,19,6,-1
0,4,-3,-2,-13,-12,15,2
4,24,1,2,-4,-13,-31,-5
-5,-12,-26,-7,5,44,5,-6
-3,-10,15,0,-8,-23,-17,-4
-2,9,16,6,-2,1,9,0
3,7,7,17,10,28,35,4
-2,-7,-15,-20,-17,-10,-21,0
-1,14,-19,-12,-1,-8,-8,-2
0,-19,21,4,3,-3,-21,-3
0,-6,-9,6,8,-3,4,-2
-3,-1,4,-2,-5,-6,-3,0
3,16,14,-9,-12,-10,-10,0
5,13,-7,15,16,16,-9,0
2,7,1,-15,3,1,23,5
-4,-19,-20,-18,-13,-34,-15,-6
-2,-5,2,3,-1,-2,1,2
1,21,10,-1,3,-10,-48,-1
-3,-4,6,9,-8,-14,-4,-2
-3,13,-9,-9,14,0,-1,1
-2,-29,13,1,-10,-1,2,-4
7,9,1,1,-3,-1,7,4
-6,-20,-16,0,0,-2,-7,-5
0,0,-4,-5,-5,-27,-34,-5
3,-1,5,3,11,12,17,3
-3,25,16,0,0,-3,13,-2
3,-5,16,8,-8,-19,2,2
1,-35,-23,-4,4,26,7,-3
-4,-5,-15,-10,-7,-16,-20,-5
-4,-2,1,-2,-5,-10,-2,0
0,16,0,7,2,17,6,-1
0,4,7,1,1,-19,-2,1
-1,-2,2,-2,-4,23,8,-3
1,-2,-18,1,6,12,6,3
-3,-5,-2,-6,-8,-2,4,-1
-2,4,5,11,6,-11,-29,-6
-2,-5,-10,-8,12,21,83,4
-2,3,1,8,-12,-20,6,0
2,12,10,-5,-10,1,-1,5
-6,-36,-21,-10,3,-11,-17,2
-4,-1,13,3,-2,1,13,-1
1,14,-5,-4,-1,10,2,-3
-4,-10,-10,3,24,1,-16,-8
-1,20,11,6,-10,-8,9,1
4,-18,-9,-9,-6,-5,-6,5
-2,8,5,-7,0,-14,-17,-5
3,-13,0,3,2,-1,1,0
-2,-10,-16,-4,6,11,-9,-4
4,7,11,5,4,8,6,3
-2,15,-1,-1,3,12,0,1
-2,-14,-1,-3,-5,-12,2,-5
-3,-5,2,-6,-6,-4,-15,-3
0,8,-3,7,-4,-16,-10,0
3,29,-8,1,6,10,-1,0
-6,-37,-20,-12,-8,-5,-12,-3
-4,-8,2,-8,-2,6,19,-1
-3,28,2,-4,-17,-12,-11,-2
-2,-19,8,22,16,17,21,5
2,18,9,-6,4,-20,-3,1
0,3,-2,12,-6,8,26,-5
-4,-7,-6,-14,3,-4,-26,-6
-3,-16,1,-4,-8,-19,8,1
-2,15,3,-4,-12,-8,23,1
-1,-9,10,3,3,0,4,1
1,5,-14,12,2,10,-13,1
-1,0,-7,1,-3,9,3,-4
-6,-14,-25,-20,1,1,-11,-3
-2,1,-2,-11,-9,-17,-13,-3
-5,-33,-16,1,3,-14,-6,-6
-3,2,8,7,9,17,0,-4
8,27,7,12,-4,-12,-6,0
3,19,-2,-7,-8,18,0,-2
0,15,6,-3,-6,-2,-70,-8
-7,-16,-16,-17,5,-11,10,-1
-1,-1,12,8,4,2,-8,-1
4,-4,6,2,-2,-14,29,8
1,12,1,-1,-1,6,8,-3
-2,-12,2,-4,-17,1,-12,-4
0,-2,14,-5,9,0,0,3
3,21,-4,-2,-2,8,-1,1
-2,-4,-5,1,3,-8,4,0
1,-25,-2,-1,-4,-16,-2,1
-4,-1,8,1,-1,14,23,4
1,13,5,6,8,-6,-5,1
-5,-15,24,14,8,5,7,2
-9,-13,-15,-16,-21,-12,-1,-8
-1,-2,-6,-5,28,4,-7,-6
2,17,13,2,1,14,17,1
0,-18,-9,9,4,-13,-24,0
4,4,9,-6,-16,22,14,-1
-2,4,-3,6,3,-16,-4,-1
-4,-22,5,-16,1,-8,28,-4
4,4,0,-2,4,-1,-1,3
-4,-22,-5,-6,-19,-14,-16,-5
-1,-2,-13,2,6,8,2,-2
1,7,-6,5,7,-1,5,0
2,-3,-12,-6,-12,-17,18,0
-3,3,0,-2,10,9,0,1
-1,14,5,2,-13,-11,-12,-3
-8,-31,-13,0,-3,3,-13,-3
-2,9,1,-4,-9,-9,12,0
-1,5,-3,-1,12,-5,-11,0
2,9,-6,5,-2,2,4,5
-6,-27,-8,-14,-23,-1,-18,-2
0,7,3,-2,17,-39,-16,-2
6,9,6,14,2,8,22,3
-2,-2,0,-4,-16,-7,0,-2
-1,-10,3,5,7,-13,-30,-5
-1,-21,-4,-14,-6,42,24,2
-2,4,5,2,11,9,34,5
9,7,-5,4,-6,6,12,3
-1,3,-2,-1,-4,9,-14,-1
-2,30,15,1,-6,6,7,-1
-1,-10,-8,2,13,-16,-19,-7
-4,-25,-9,-7,-12,12,12,-2
2,18,-7,-8,1,-10,10,3
1,0,0,3,1,11,6,-1
3,20,7,0,1,3,-16,0
-3,1,14,3,-3,-13,-15,-4
-5,-17,-19,-12,-8,-7,16,3
-1,-5,-5,-1,3,-5,-1,-4
0,13,0,1,5,2,-25,-2
-2,0,9,4,-7,6,10,0
0,4,0,7,1,-3,16,-3
0,2,0,-3,0,-21,-16,0
-7,-7,-14,-13,-12,9,33,-1
0,8,7,-8,-5,0,-6,-2
1,-9,-6,4,4,2,10,2
-1,7,5,9,-4,0,41,4
1,9,33,13,-2,-2,-17,-3
0,-11,-31,-24,-9,-3,-23,-4
-2,-20,0,6,8,-4,2,-1
-3,-24,-21,-12,-2,-12,-4,0
3,23,7,-2,1,5,5,6
-3,-27,-3,7,6,22,44,0
-4,10,3,-13,-13,-25,-26,-5
-1,8,1,1,4,22,8,-4
-9,-18,-11,-8,-6,-15,-14,-2
-3,15,1,8,4,-27,-17,-1
1,11,-3,-4,2,20,24,2
-8,-27,-7,-3,-4,1,-11,-3
2,4,-2,0,-10,-7,-2,-3
1,-7,-8,-1,15,16,4,-3
0,32,15,7,-1,-11,-12,-1
-3,-25,-5,-9,-12,-16,-28,-3
4,-14,-4,5,4,22,7,-1
-4,-9,3,3,3,-5,-29,1
-2,-8,-18,-14,1,-9,6,-2
1,14,1,3,-10,4,0,-1
-5,-19,-7,-3,-5,-26,-38,-7
0,3,10,8,8,17,20,3
0,3,7,15,-1,9,-6,3
-1,8,2,-6,-1,11,0,-3
-3,5,1,-11,-4,-4,-1,-1
-1,-7,-9,1,-5,-14,-2,-4
2,2,12,-4,-2,-5,-22,-4
-1,4,-6,3,-2,-4,1,-2
-1,-8,-14,-7,-4,-18,-2,-1
2,12,-2,-12,-13,4,-3,-3
-2,-45,-1,6,2,14,1,1
5,26,11,5,7,-9,-8,0
-6,14,-3,-5,-6,-5,-29,-10
-6,-11,-6,1,3,15,2,4
1,13,-1,2,-9,-2,12,0
-1,-5,6,7,19,13,-1,-3
0,-3,-5,3,11,9,10,0
0,16,11,-7,-14,-11,-11,-2
-4,-2,-16,-9,-4,3,-13,-4
-1,-1,2,1,5,-5,1,3
2,-2,4,4,4,-12,4,7
-2,-2,2,8,4,21,4,-3
0,-6,-5,2,-1,-5,5,1
-3,-10,-6,-9,-20,-20,-17,-2
-2,-12,-12,-6,15,-4,0,-2
-1,1,1,-8,-7,-39,-17,0
0,-1,3,1,-2,-5,-1,1
-1,7,12,4,1,7,4,0
1,1,-16,-5,-2,10,-1,2
-2,8,-10,-7,-5,-3,3,-4
2,3,-10,-13,-3,11,-5,-3
2,-2,-2,-10,-18,-23,6,1
-2,3,10,9,14,22,8,1
3,-6,-1,6,1,-10,-8,-1
-2,2,-2,-6,4,-2,-56,-6
0,7,1,-5,-6,2,6,1
4,-6,-14,-4,-9,8,9,1
2,6,8,5,5,-5,-10,-8
-2,-15,-5,1,-7,-19,3,-1
-6,-10,-10,5,9,14,4,-6
2,2,11,2,-4,-12,-7,0
-3,0,-9,-9,-1,-10,-14,-3
1,10,5,5,-5,0,13,1
2,2,3,12,10,-6,1,3
-1,-14,-7,-11,-4,13,21,-1
-3,-5,-17,-7,-5,-5,7,-3
-2,5,3,-13,-2,-6,0,-1
1,8,23,1,-6,5,2,1
-5,-20,-12,8,-2,-12,0,-3
1,12,14,12,12,8,-4,3
0,-11,-17,0,-7,-7,0,0
-2,-4,-8,-12,-4,1,11,-2
-1,1,5,-1,-10,-5,-5,-3
-2,-5,9,6,4,9,16,1
-3,15,18,8,7,5,1,-1
-1,-8,-16,1,-3,10,8,1
0,-12,5,1,-3,-27,-8,1
2,5,-12,-16,-9,9,11,3
-4,-18,6,-3,12,27,7,-3
-5,-2,-6,7,-5,-13,-16,-5
-1,0,-2,-15,-9,4,14,-4
-3,-11,-1,5,-5,-9,18,1
-1,-4,1,-1,1,-7,-13,-4
-1,-6,-14,0,6,-19,5,5
-1,-5,6,10,8,5,2,-2
-2,2,9,-2,-8,-8,13,0
-2,6,-9,-7,0,0,4,-5
0,-7,-5,-5,-7,-7,-2,0
0,11,2,-2,-14,-3,-9,1
2,1,-5,2,5,4,13,2
0,5,10,2,-2,-6,-10,2
-6,-5,-6,-7,-2,-6,-11,-7
5,28,2,2,2,8,-9,1
-2,-28,-6,-8,-5,-6,-14,-3
-1,-1,12,7,-10,8,8,0
2,5,-3,1,11,-1,-5,2
-4,7,8,-2,-6,11,-15,-3
-3,-24,0,13,11,-10,-17,1
-4,4,-11,-8,-5,3,8,-2
4,4,8,-3,-22,5,-2,2
-4,-17,-11,-9,10,-11,-10,-2
-1,15,5,4,-1,-1,-9,-4
1,-10,-13,6,-6,2,15,1
-2,11,12,3,2,2,-60,-5
-4,-20,-3,-1,5,18,27,-3
-2,-8,-16,-13,-19,-1,2,1
-2,0,-2,-1,16,0,-38,-3
-1,2,-6,5,5,7,14,0
-2,19,15,6,-2,-17,-13,-2
-3,-8,-2,-5,6,10,-2,0
-1,4,-1,4,-15,-10,0,0
3,-1,5,-13,7,16,14,0
-4,-1,-7,1,2,-29,-2,-1
2,2,2,0,-1,8,16,0
2,-6,3,12,7,-10,2,2
-3,-1,-10,-3,-3,-5,-16,-4
2,1,-3,-2,-13,1,22,3
-2,3,4,-15,-5,-12,-14,-2
0,3,-7,-8,-3,5,-1,2
-1,-10,-7,3,10,-4,34,2
-2,-5,12,2,3,12,-23,-3
-1,-5,-20,0,-1,-11,-8,-1
-2,2,9,-2,4,7,16,2
1,4,-4,11,-3,3,15,1
0,13,-8,0,-5,-9,0,-1
4,-14,-7,-15,0,10,-4,0
2,24,-6,-19,-3,-5,-12,-3
-5,-28,-6,-6,-5,-9,-11,-5
2,9,2,9,11,-2,40,6
3,15,13,16,4,13,-17,-3
0,-3,-3,2,-4,-1,16,1
0,4,7,-3,-3,1,-2,0
-2,-9,0,-6,-8,0,-4,2
2,13,9,11,7,-2,3,0
4,-2,4,1,16,15,46,7
-5,-3,-8,-7,-8,1,3,-2
4,-6,1,-3,-8,20,-7,-3
-2,-8,-9,-9,-2,-10,-6,1
2,8,-2,12,0,13,-8,-3
-3,3,14,-9,-9,-2,-9,-4
1,-9,-10,0,2,19,14,2
-4,6,3,-2,-3,-18,15,-4
-4,-8,-2,-5,-4,-16,-29,-3
1,26,7,2,6,7,19,3
3,-10,13,9,5,1,-14,0
-4,-8,-8,-17,3,5,3,-3
-1,-4,-6,4,-6,-6,-22,-6
-1,6,-2,-2,-5,-19,-3,-1
3,19,3,-5,-3,1,-1,-5
-9,-41,-22,5,4,-10,-64,-4
-3,-14,-21,0,-8,-10,-7,-5
0,-2,6,2,7,7,-10,0
-2,5,-11,-12,-3,-6,-8,-4
2,11,15,15,3,15,21,1
-1,0,2,-11,-9,-22,-15,1
-1,-14,-8,-5,4,-15,-42,-7
-1,-8,-13,-4,-12,-9,8,-1
3,10,5,-5,4,-2,9,-1
-2,6,-7,-1,-5,4,-3,-3
-2,6,5,3,-7,5,1,-5
-1,-27,-16,-7,9,-4,-2,5
-7,0,-2,0,-3,-4,-11,-4
-1,4,6,0,2,-17,11,-2
0,-17,-12,-7,-3,9,-10,-2
-5,11,12,12,-3,-8,-5,-4
1,22,-9,1,1,2,-58,-5
0,-14,2,-3,-1,3,6,6
-1,-1,2,-3,-2,-4,12,-4
-7,-12,-6,-2,0,13,6,-4
3,7,13,4,-9,-17,26,9
-2,-3,2,-3,5,20,-5,-3
0,4,-10,-1,15,32,-2,2
-2,3,3,5,-9,-15,13,1
-1,-7,-3,-16,-10,20,0,-3
-3,-5,1,3,-1,-3,10,-2
1,1,6,10,8,2,4,4
-1,18,2,3,-2,-16,-13,-1
-2,-37,7,7,2,13,6,-3
-2,-4,2,-7,-9,2,-12,-5
0,-8,-21,-2,5,-3,9,3
-5,-13,3,-10,-6,-19,-16,-1
4,37,6,5,1,17,14,1
-2,4,16,6,-2,-17,12,0
-2,-26,4,3,-12,-11,30,-1
2,13,-16,-8,11,22,-26,-2
1,9,4,-1,-3,-14,8,0
-3,-17,-3,-2,5,4,-10,-4
-2,14,3,1,-9,4,35,3
-3,-12,0,12,0,-8,0,-2
0,0,-6,-11,-8,-5,4,2
1,46,11,1,15,15,12,-2
-8,-43,-27,-4,-14,-16,-17,-7
0,-5,3,3,-5,-14,4,-2
-2,-7,-4,-3,13,8,10,1
-2,6,3,5,-9,-6,7,0
-1,-4,3,-6,9,-6,-18,0
1,0,-3,-3,1,10,7,1
-4,2,-6,3,-5,-12,1,-4
-3,-4,6,2,-3,-12,-27,-2
-4,0,-13,-15,-17,-31,26,0
1,6,-2,-3,4,40,-32,-7
-3,-8,8,7,2,-4,7,2
0,6,8,-4,-4,5,-6,0
0,-9,-8,2,8,-15,-1,1
-3,23,8,-5,-7,8,8,1
-1,-6,-14,-6,5,0,2,-3
-1,-24,5,18,-3,-4,-5,-3
-2,8,-4,-13,-4,5,-36,1
-2,-7,1,-3,-9,3,7,-2
-3,-5,5,3,24,-20,-7,-1
-2,-9,-9,-3,1,4,3,-5
5,19,12,11,-2,10,-2,1
-1,3,-1,-3,-7,-46,-34,-3
-4,-26,-12,-12,-12,27,-3,5
3,2,-9,-6,1,0,21,4
0,3,18,7,-4,-9,-10,-5
0,-3,-7,2,1,-10,-8,0
3,15,0,-4,-5,9,25,3
-7,-18,-14,-18,-2,-1,1,-3
3,22,4,6,8,14,-16,-5
-5,-6,10,2,-1,-21,13,-2
-2,-1,-2,19,-7,-5,-4,-6
0,0,-3,-9,-4,-14,-3,2
-3,-4,-4,-8,-8,-5,-3,-4
0,-5,-6,-5,10,2,-12,-3
2,11,7,5,-16,-10,-10,-4
-1,-13,-8,4,15,46,37,3
-2,11,9,-3,8,-12,11,2
-2,-15,-7,-2,-8,-5,12,0
-5,-13,-1,-6,-4,-10,-1,-2
-3,-18,-21,-2,-11,-15,-3,2
0,-5,1,-3,3,-3,-3,1
-1,3,12,-6,-2,-7,6,6
2,5,-13,-2,1,2,6,0
0,8,17,8,0,-5,-12,-5
-5,-10,-2,-3,-4,6,2,-2
-2,7,9,-2,-3,-2,-14,-6
-5,-19,-9,2,-8,5,-5,0
7,16,-3,-9,-2,-19,-13,1
0,-12,-3,0,-5,4,-4,-4
0,-10,-2,2,0,1,25,-1
0,16,15,8,6,-31,-43,-3
1,1,-11,-5,-3,36,-2,-2
-2,2,-8,-4,1,1,13,0
1,-1,-8,-9,0,29,12,1
1,-4,1,-5,5,-1,45,-3
-3,4,1,9,0,-27,15,3
2,6,3,5,-2,23,6,5
1,-5,-2,21,11,0,-2,2
0,9,5,-13,-12,11,-9,-1
-3,-7,-10,-4,3,-2,0,-3
-1,-6,1,-7,2,-7,-4,-3
1,1,1,3,-3,-4,20,0
0,4,7,7,-5,3,-10,0
4,1,6,-7,-2,2,-3,-1
-4,-11,-5,4,7,-18,-34,-3
-2,16,14,-7,-4,-5,-13,0
1,-21,-22,-4,2,12,-13,-2
-2,20,3,-3,-19,-13,-12,-2
0,-22,-3,5,19,-2,-5,-3
0,5,-6,-1,-2,10,-3,-4
4,8,10,-4,0,-3,5,7
-1,-9,-7,5,-2,-18,-15,-2
3,20,9,0,-5,26,-1,-2
2,-4,-11,-4,15,-15,12,0
-3,0,3,-3,-3,-10,-2,3
0,-8,-6,0,-3,2,-16,-2
-2,9,17,13,-16,-14,-42,-3
-2,-21,-19,-10,3,4,20,-1
-2,4,-4,-2,8,30,20,-5
-2,6,8,0,3,4,-24,-3
-2,-13,-5,1,-5,-10,18,3
-2,-8,4,11,-7,12,-14,-4
0,1,-8,-7,-6,-4,-4,-2
-3,-11,-5,-8,3,5,20,-3
-1,12,-2,-10,-7,3,3,-4
-4,-13,-6,-7,-11,-1,27,1
-5,-6,-6,4,11,-21,-10,-5
2,20,18,10,-2,3,-20,-1
-4,-12,-16,-4,8,-2,8,0
-4,-4,2,-3,-12,-9,-26,-2
-4,-2,-9,-7,-6,1,1,-6
-7,-26,-5,-9,-13,-17,28,0
5,30,7,5,15,5,-1,2
2,-6,-6,5,-5,-5,3,6
1,11,12,2,-7,-3,-4,-1
-2,-19,-11,1,12,8,-1,-3
-1,-7,-10,-11,-17,-7,35,2
-1,-8,-1,-11,5,12,5,-5
3,-1,-6,3,2,-17,13,3
2,2,3,0,4,4,-2,1
-3,-2,4,1,-4,0,19,-2
3,8,1,5,-2,-10,-19,-3
-2,-6,2,-6,-2,-10,-12,1
3,10,-1,-2,1,5,11,1
0,-14,2,4,-2,1,0,0
-1,7,-8,4,15,25,14,1
-3,-5,7,-1,-10,-3,4,-6
0,18,-5,0,4,-16,-26,1
-1,-10,4,-10,-6,-12,-11,-2
-4,-20,-16,-4,6,-18,-21,-2
-1,3,-17,-3,-10,-1,-11,-5
0,19,9,-5,-8,1,18,0
-2,-12,-9,-5,-7,20,-4,-5
0,8,8,2,11,-9,0,1
-2,6,16,14,10,-7,2,-1
1,-3,-9,-26,-4,-2,1,2
-6,5,-13,-5,-8,-3,-6,-1
0,-6,11,1,-10,-22,-15,2
-1,-5,-17,-1,0,0,8,-1
-2,-5,14,13,-3,8,-8,-3
-2,-3,-5,-3,-5,-9,-5,-1
-2,9,8,-6,13,10,24,-2
1,20,1,2,-4,-3,20,0
-3,-18,-6,-8,-3,11,17,3
-3,-21,0,1,2,6,3,-1
0,1,-3,0,-18,4,-21,-10
-2,-8,1,-5,7,-17,-23,6
1,-4,-11,9,17,9,-5,-5
-1,17,12,5,2,16,16,-1
-2,-9,-7,-7,1,-24,-3,0
-3,0,1,1,-12,27,-6,-6
-4,-14,-15,-14,-12,-19,-29,0
1,3,-4,0,1,-10,-4,-4
-8,6,7,5,-1,15,0,0
1,-24,-10,-2,7,-2,-3,-3
