(-0.775939941, -0.436340332, 0.268371582, 0.368164063)
(-0.775756836, -0.435791016, 0.268615723, 0.36895752)
(-0.7750244, -0.43572998, 0.271240234, 0.368652344)
(-0.7749634, -0.435852051, 0.270935059, 0.368835449)
(-0.7749634, -0.435852051, 0.270935059, 0.368835449)
(-0.7747803, -0.4360962, 0.270263672, 0.3694458)
(-0.7747803, -0.4360962, 0.270263672, 0.3694458)
(-0.7747803, -0.4360962, 0.270263672, 0.3694458)
(-0.7762451, -0.4359131, 0.268005371, 0.3682251)
(-0.776855469, -0.4352417, 0.26763916, 0.367980957)
(-0.776855469, -0.4352417, 0.26763916, 0.367980957)
(-0.776977539, -0.4356079, 0.266906738, 0.3678589)
(-0.7755127, -0.436767578, 0.2703247, 0.36706543)
(-0.7755127, -0.436767578, 0.2703247, 0.36706543)
(-0.77545166, -0.4371338, 0.270568848, 0.366577148)
(-0.77545166, -0.4371338, 0.270568848, 0.366577148)
(-0.775634766, -0.436889648, 0.2705078, 0.3665161)
(-0.7756958, -0.436706543, 0.2705078, 0.366577148)
(-0.7756958, -0.436706543, 0.2705078, 0.366577148)
(-0.7756958, -0.436706543, 0.2705078, 0.366577148)
(-0.775756836, -0.436523438, 0.2705078, 0.366699219)
(-0.77557373, -0.4366455, 0.270019531, 0.36730957)
(-0.7750244, -0.437805176, 0.269348145, 0.3675537)
(-0.7750244, -0.437927246, 0.26940918, 0.3673706)
(-0.7750244, -0.437927246, 0.26940918, 0.3673706)
(-0.7750244, -0.437927246, 0.26940918, 0.3673706)
(-0.7750244, -0.437927246, 0.26940918, 0.3673706)
(-0.7750244, -0.437927246, 0.269348145, 0.3673706)
(-0.7750244, -0.437927246, 0.269348145, 0.3673706)
(-0.7751465, -0.437927246, 0.26953125, 0.36706543)
(-0.776489258, -0.434753418, 0.272338867, 0.365905762)
(-0.775634766, -0.4356079, 0.27331543, 0.3659668)
(-0.775634766, -0.4356079, 0.27331543, 0.3659668)
(-0.775634766, -0.4356079, 0.27331543, 0.3659668)
(-0.774719238, -0.437011719, 0.2736206, 0.3659668)
(-0.774719238, -0.437011719, 0.2736206, 0.3659668)
(-0.7741089, -0.437988281, 0.27331543, 0.366394043)
(-0.773864746, -0.438415527, 0.273132324, 0.366455078)
(-0.773864746, -0.438415527, 0.273132324, 0.366455078)
(-0.773864746, -0.438415527, 0.273132324, 0.366455078)
(-0.773376465, -0.439331055, 0.272827148, 0.366699219)
(-0.772522, -0.4397583, 0.2709961, 0.3692627)
(-0.772522, -0.4397583, 0.2709961, 0.3692627)
(-0.772522, -0.43951416, 0.271057129, 0.369567871)
(-0.772583, -0.437194824, 0.270629883, 0.372436523)
(-0.772583, -0.437194824, 0.270629883, 0.372436523)
(-0.772583, -0.437194824, 0.270629883, 0.372436523)
(-0.772583, -0.437194824, 0.270629883, 0.372436523)
(-0.772583, -0.437194824, 0.270690918, 0.372436523)
(-0.7727051, -0.437438965, 0.270446777, 0.372009277)
(-0.7727051, -0.437438965, 0.270446777, 0.372009277)
(-0.7727051, -0.437438965, 0.270446777, 0.372009277)
(-0.7727051, -0.437438965, 0.270446777, 0.372009277)
(-0.7727051, -0.437438965, 0.2705078, 0.372009277)
(-0.7727051, -0.437438965, 0.2705078, 0.372009277)
(-0.7727051, -0.437438965, 0.2705078, 0.372009277)
(-0.7727051, -0.437438965, 0.2705078, 0.372009277)
(-0.7727051, -0.437438965, 0.2705078, 0.372009277)
(-0.772644043, -0.437438965, 0.271118164, 0.3717041)
(-0.772522, -0.43762207, 0.271240234, 0.371643066)
(-0.772522, -0.437744141, 0.2711792, 0.371521)
(-0.772522, -0.437744141, 0.2711792, 0.371521)
(-0.772522, -0.437744141, 0.2711792, 0.371521)
(-0.772522, -0.437744141, 0.2711792, 0.371521)
(-0.772522, -0.437744141, 0.2711792, 0.371521)
(-0.772522, -0.437744141, 0.2711792, 0.371582031)
(-0.7723999, -0.438415527, 0.271240234, 0.370910645)
(-0.772460938, -0.438415527, 0.27130127, 0.3708496)
(-0.7737427, -0.436218262, 0.272644043, 0.369689941)
(-0.7737427, -0.436218262, 0.272705078, 0.369689941)
(-0.7739258, -0.436218262, 0.272644043, 0.36932373)
(-0.7739258, -0.436218262, 0.272644043, 0.36932373)
(-0.7739258, -0.436218262, 0.272644043, 0.36932373)
