(0.1437378, 0.08117676, -0.07775879, -0.983215332)
(0.1437378, 0.08117676, -0.0776977539, -0.983215332)
(0.139892578, 0.08105469, -0.07788086, -0.983764648)
(0.139892578, 0.08105469, -0.07788086, -0.983764648)
(0.139892578, 0.08105469, -0.07788086, -0.983764648)
(0.139892578, 0.08105469, -0.07788086, -0.983764648)
(0.134399414, 0.0803833, -0.07904053, -0.9844971)
(0.13671875, 0.0784301758, -0.0784301758, -0.984375)
(0.13671875, 0.0784301758, -0.0784301758, -0.984375)
(0.136535645, 0.07800293, -0.07849121, -0.984436035)
(0.1352539, 0.07727051, -0.07910156, -0.984619141)
(0.1352539, 0.07727051, -0.07910156, -0.984619141)
(0.13458252, 0.07696533, -0.07977295, -0.9846802)
(0.13458252, 0.07696533, -0.07977295, -0.9846802)
(0.13494873, 0.07720947, -0.0797119141, -0.984619141)
(0.13494873, 0.07714844, -0.0797119141, -0.984619141)
(0.13494873, 0.07714844, -0.0797119141, -0.984619141)
(0.13494873, 0.07714844, -0.0797119141, -0.984619141)
(0.13494873, 0.07714844, -0.0797119141, -0.984619141)
(0.13494873, 0.07714844, -0.0797119141, -0.984619141)
(0.13494873, 0.07714844, -0.0797119141, -0.984619141)
(0.135437012, 0.0769043, -0.07989502, -0.9845581)
(0.135437012, 0.0769043, -0.07989502, -0.9845581)
(0.135437012, 0.0769043, -0.07989502, -0.9845581)
(0.135437012, 0.0769043, -0.07989502, -0.9845581)
(0.135437012, 0.0769043, -0.07989502, -0.9845581)
(0.135437012, 0.0769043, -0.07989502, -0.9845581)
(0.135864258, 0.07672119, -0.08013916, -0.9844971)
