(0.1473999, 0.0112915039, -0.0372314453, -0.9883423)
(0.1473999, 0.0112915039, -0.0372314453, -0.9883423)
(0.142150879, 0.0146484375, -0.0491333, -0.9885254)
(0.145568848, 0.0126342773, -0.05291748, -0.987854)
(0.142822266, 0.0180664063, -0.05206299, -0.9882202)
(0.14654541, 0.02130127, -0.05078125, -0.9876709)
(0.146911621, 0.0213623047, -0.0495605469, -0.9876709)
(0.146911621, 0.0213623047, -0.0495605469, -0.9876709)
(0.147521973, 0.018737793, -0.0464477539, -0.987792969)
(0.14831543, 0.0151977539, -0.0437011719, -0.987854)
(0.14831543, 0.0151977539, -0.0437011719, -0.987854)
(0.14831543, 0.0151977539, -0.0437011719, -0.987854)
(0.14831543, 0.0151977539, -0.0437011719, -0.987854)
(0.148742676, 0.0151977539, -0.0435791, -0.987792969)
(0.148803711, 0.0151977539, -0.0435791, -0.987792969)
(0.149169922, 0.0148925781, -0.0422363281, -0.987792969)
(0.149169922, 0.0148925781, -0.0422363281, -0.987792969)
(0.148498535, 0.0144042969, -0.0420532227, -0.987915039)
(0.151489258, 0.0133056641, -0.04168701, -0.9874878)
(0.151489258, 0.0133056641, -0.04168701, -0.9874878)
(0.151489258, 0.0139160156, -0.04284668, -0.987426758)
(0.151489258, 0.0139160156, -0.04284668, -0.987426758)
(0.151489258, 0.0139160156, -0.0429077148, -0.987426758)
(0.151489258, 0.0139160156, -0.04284668, -0.987426758)
(0.151489258, 0.0139160156, -0.04284668, -0.987426758)
(0.151489258, 0.0139770508, -0.04284668, -0.987426758)
(0.151489258, 0.0139770508, -0.04284668, -0.987426758)
(0.1515503, 0.0138549805, -0.0426635742, -0.987426758)
(0.1515503, 0.0138549805, -0.0426635742, -0.987426758)
(0.151611328, 0.0137939453, -0.0425415039, -0.987426758)
(0.152648926, 0.0134277344, -0.04168701, -0.9873047)
(0.152648926, 0.0134277344, -0.04168701, -0.9873047)
(0.152832031, 0.0131225586, -0.0413208, -0.9873047)
