(0, 0, 0, 0)
(0.5328703, -0.449726582, 0.175387546, 0.6950068)
(0.537997, -0.458949149, 0.159762591, 0.6887676)
(0.5327253, -0.4496311, 0.175483719, 0.695155442)
(0.542884946, -0.4552575, 0.164072439, 0.686364949)
(0.5322314, -0.450042546, 0.17505379, 0.69537586)
(0.5343445, -0.4602167, 0.158858076, 0.6909708)
(0.5308078, -0.450494021, 0.175021663, 0.6961793)
(0.5276213, -0.4607159, 0.160044253, 0.695515931)
(0.531058669, -0.450819343, 0.174456, 0.695919335)
(0.5432258, -0.448660046, 0.174430877, 0.687883556)
(0.530741, -0.450683117, 0.174647182, 0.696202)
(0.542478144, -0.446843058, 0.1772431, 0.688936651)
(0.530480862, -0.4502165, 0.175217569, 0.696558535)
(0.5428895, -0.450415373, 0.171455234, 0.68775)
(0.5302617, -0.449561656, 0.176079765, 0.696931064)
(0.5425231, -0.447906762, 0.175409943, 0.6886796)
(0.529996753, -0.450111032, 0.175540552, 0.696914)
(0.5423324, -0.451155841, 0.170766532, 0.6878756)
(0.5297173, -0.4511351, 0.174327433, 0.6967687)
(0.539423048, -0.4571739, 0.162323415, 0.6882339)
(0.5294572, -0.4508905, 0.174788684, 0.6970092)
(0.5369663, -0.458906084, 0.160548031, 0.68941766)
(0.528172255, -0.4517427, 0.174271628, 0.697561443)
(0.5395654, -0.455770552, 0.164949119, 0.688428938)
(0.5288226, -0.450455725, 0.1759568, 0.697477937)
(0.5369419, -0.457950622, 0.162202328, 0.6896846)
(0.526942551, -0.451546043, 0.174743757, 0.6985001)
(0.522381842, -0.4613071, 0.1603902, 0.698990643)
(0.5298219, -0.452515244, 0.171699956, 0.6964466)
(0.5195201, -0.45844698, 0.16467917, 0.7020015)
(0.5284201, -0.451039135, 0.173571751, 0.698003352)
(0.5266944, -0.4612743, 0.157953262, 0.6963259)
(0.524809957, -0.451131821, 0.174113557, 0.700527668)
(0.5330384, -0.443912, 0.182178169, 0.696866751)
(0.524623036, -0.452795982, 0.17070131, 0.7004338)
(0.5364287, -0.451888651, 0.16764085, 0.6927752)
(0.523310244, -0.448945373, 0.174479589, 0.702959061)
(0.535168648, -0.448583633, 0.171666026, 0.6949086)
(0.5228891, -0.4518428, 0.1695342, 0.7026259)
(0.514007032, -0.4595893, 0.159184933, 0.7065653)
(0.5249344, -0.4541178, 0.164578736, 0.7008099)
(0.5120714, -0.456822723, 0.163309425, 0.708820045)
(0.5243767, -0.458150446, 0.15714024, 0.7003101)
(0.5130551, -0.4537382, 0.166540876, 0.709337831)
(0.52576673, -0.455856264, 0.158921629, 0.70036304)
(0.5181152, -0.447896928, 0.172981516, 0.7078293)
(0.5274947, -0.454665929, 0.15945448, 0.699716032)
(0.5147515, -0.455199271, 0.1618119, 0.7082665)
(0.5258787, -0.450217664, 0.166313067, 0.7022076)
(0.513017654, -0.447984338, 0.172754049, 0.711532831)
(0.5254929, -0.449194252, 0.1675877, 0.7028485)
(0.512584, -0.447948545, 0.172949463, 0.7118204)
(0.5233199, -0.452937156, 0.162286624, 0.703311563)
(0.510124564, -0.4536444, 0.1644246, 0.712000251)
(0.522668839, -0.452979028, 0.161445111, 0.7039622)
(0.5095475, -0.451944262, 0.166016, 0.713124335)
(0.5222003, -0.45019576, 0.165421546, 0.705171168)
(0.532253265, -0.455967247, 0.153638884, 0.6965597)
(0.520624161, -0.4522122, 0.1631807, 0.7055684)
(0.507486761, -0.4521008, 0.166769892, 0.714317739)
(0.5202301, -0.4530252, 0.161622867, 0.705696)
(0.5073972, -0.4519026, 0.1662765, 0.714621842)
(0.5203327, -0.450378537, 0.164921254, 0.706550837)
(0.5265866, -0.441316247, 0.177289814, 0.704638064)
(0.5199798, -0.450169742, 0.164907888, 0.7069468)
(0.530037165, -0.443616122, 0.172280937, 0.701843739)
(0.5196352, -0.449732721, 0.165198341, 0.7074102)
(0.5120524, -0.4414699, 0.179924667, 0.7145165)
(0.520656645, -0.448905975, 0.165913448, 0.7070169)
(0.512441039, -0.4409986, 0.1804312, 0.7144011)
(0.5197423, -0.449130028, 0.165618286, 0.7076162)
(0.5106261, -0.456295252, 0.156195581, 0.711799562)
(0.519361436, -0.4485782, 0.1660894, 0.708135366)
(0.5176558, -0.4587657, 0.150047049, 0.7064364)
(0.519782841, -0.4489332, 0.165332228, 0.707778156)
(0.517077744, -0.4591189, 0.149784461, 0.706686)
(0.520636439, -0.44928512, 0.164779827, 0.707056)
(0.513469636, -0.457894653, 0.153032228, 0.709410131)
(0.5198661, -0.44889307, 0.165848628, 0.707621753)
(0.50938, -0.45509854, 0.158598483, 0.712926269)
(0.5195242, -0.4487609, 0.166254774, 0.707861245)
(0.510934532, -0.456744045, 0.155779019, 0.711381435)
(0.519757867, -0.449272752, 0.1656359, 0.707510054)
(0.5145074, -0.4588002, 0.1519243, 0.7083103)
(0.5193579, -0.449298352, 0.165913463, 0.7077224)
(0.52151227, -0.459106356, 0.149551958, 0.7034774)
(0.5192907, -0.449148923, 0.16610527, 0.707821548)
(0.5203291, -0.459182858, 0.1497291, 0.7042655)
(0.518631, -0.4492756, 0.166197374, 0.708203256)
(0.522128642, -0.458901584, 0.149855867, 0.7030891)
(0.521948338, -0.448787361, 0.166113377, 0.7060922)
(0.5155649, -0.457891941, 0.153358668, 0.7078198)
(0.5212565, -0.4485962, 0.166723683, 0.706580639)
(0.514624536, -0.457340837, 0.1543042, 0.708654463)
(0.521252632, -0.448309332, 0.166783825, 0.706751466)
(0.5137052, -0.456597745, 0.155313849, 0.709579468)
(0.5216453, -0.448310733, 0.166348949, 0.7065633)
(0.517821252, -0.4580873, 0.151587188, 0.7064266)
(0.520775855, -0.448157966, 0.166603312, 0.707241356)
(0.516995847, -0.4580094, 0.1517477, 0.707047)
(0.519876, -0.448062748, 0.1668672, 0.7079011)
(0.5135662, -0.457035065, 0.1541307, 0.7096566)
(0.520275652, -0.447995663, 0.166731358, 0.7076821)
(0.5133219, -0.4566831, 0.154578984, 0.7099623)
(0.5203793, -0.448017776, 0.16650255, 0.707645655)
(0.518704653, -0.458203077, 0.150654614, 0.705902636)
(0.5178947, -0.448162675, 0.167052, 0.7092453)
(0.518609941, -0.458237171, 0.150673181, 0.7059462)
(0.5203267, -0.4481593, 0.1663742, 0.7076249)
(0.51502955, -0.45756945, 0.152757511, 0.708547652)
(0.520571768, -0.448292732, 0.166286945, 0.707380652)
(0.5153681, -0.4576766, 0.152724147, 0.708239555)
(0.5195892, -0.4479149, 0.167275861, 0.7081089)
(0.519358337, -0.458021522, 0.1512481, 0.7054127)
(0.5219291, -0.448083133, 0.1667249, 0.7064094)
(0.5127124, -0.4557187, 0.157422855, 0.7103974)
(0.5218084, -0.448479027, 0.16676122, 0.7062388)
(0.514457643, -0.4569596, 0.1551325, 0.7088408)
(0.5237982, -0.449549973, 0.164351746, 0.704648)
(0.51445967, -0.456798822, 0.155137956, 0.7089417)
(0.523929834, -0.449704528, 0.1638554, 0.7045671)
(0.515377045, -0.457696855, 0.153517649, 0.7080483)
(0.5232255, -0.4494196, 0.1646669, 0.705082953)
(0.515284359, -0.457613766, 0.15376623, 0.708115458)
(0.521786, -0.448512226, 0.16657199, 0.706279)
(0.510178864, -0.452959925, 0.162540063, 0.712829351)
(0.5218448, -0.448231816, 0.167123765, 0.706283152)
(0.5137783, -0.456360638, 0.15647532, 0.7094239)
(0.5237647, -0.449340641, 0.165118545, 0.704627156)
(0.5163125, -0.457660049, 0.153783485, 0.707332551)
(0.525505662, -0.450101972, 0.163198531, 0.703291)
(0.5147917, -0.456115544, 0.15659152, 0.708820939)
(0.5230146, -0.4482444, 0.167231709, 0.7053838)
(0.5158231, -0.439915478, 0.182303607, 0.712156057)
(0.5180526, -0.449920237, 0.166053131, 0.7082512)
(0.5146367, -0.459613651, 0.151080146, 0.707869351)
(0.5210864, -0.450339645, 0.1637437, 0.706293941)
(0.5262168, -0.45922634, 0.147561908, 0.700308859)
(0.521215439, -0.450051, 0.163327292, 0.7064791)
(0.533385456, -0.452618927, 0.155583546, 0.697445154)
(0.522197, -0.4481314, 0.165821269, 0.7063936)
(0.5296216, -0.456149548, 0.1511694, 0.6989824)
(0.5225125, -0.448080033, 0.166217208, 0.706099749)
(0.5149507, -0.4566082, 0.1548836, 0.70876354)
(0.5225137, -0.447911561, 0.166742876, 0.706081748)
(0.5177742, -0.457287282, 0.152856991, 0.706705749)
(0.524473548, -0.4482623, 0.16517432, 0.7047737)
(0.5181765, -0.457345337, 0.152304634, 0.7064925)
(0.524821639, -0.448343337, 0.164802849, 0.7045498)
(0.5171015, -0.4566867, 0.1538501, 0.707370758)
(0.525208354, -0.448566377, 0.16479513, 0.7041215)
(0.513673842, -0.453626543, 0.159911752, 0.710486054)
(0.5256103, -0.449727625, 0.162795365, 0.7035457)
(0.513762, -0.454083741, 0.1588698, 0.7103639)
(0.5256925, -0.449604839, 0.162596315, 0.703608751)
(0.514785469, -0.455020458, 0.156841487, 0.7094739)
(0.526765, -0.450770348, 0.160198644, 0.702610135)
(0.513880551, -0.45033586, 0.164397314, 0.7114056)
(0.5265679, -0.450848, 0.16009672, 0.7027313)
(0.5146515, -0.4473304, 0.168777689, 0.7117186)
(0.526562631, -0.450891584, 0.1599338, 0.702744544)
(0.514975965, -0.446894348, 0.16936022, 0.7116195)
(0.5248111, -0.453117758, 0.156810522, 0.7033265)
(0.5164131, -0.445575625, 0.170885757, 0.71103996)
(0.523050368, -0.4540358, 0.1553703, 0.704364955)
(0.520617366, -0.444112241, 0.171633035, 0.7087058)
(0.5231606, -0.453952938, 0.155353189, 0.7043403)
(0.5208613, -0.4439355, 0.171832934, 0.7085889)
(0.521555245, -0.454109669, 0.15547359, 0.7054023)
(0.5205854, -0.444050759, 0.171579182, 0.708780944)
(0.5212475, -0.454188466, 0.155118123, 0.705657363)
(0.5204419, -0.443982482, 0.171448141, 0.7089608)
(0.5217432, -0.454016268, 0.155086845, 0.705408633)
(0.5234862, -0.443861932, 0.170659274, 0.7069825)
(0.5225381, -0.454113275, 0.154638082, 0.7048561)
(0.524426162, -0.444041, 0.170028046, 0.706325233)
(0.521357238, -0.454029322, 0.155047834, 0.7056942)
(0.5193658, -0.4440425, 0.171547174, 0.709688067)
(0.519762, -0.454145253, 0.155403256, 0.7067173)
(0.5173201, -0.444231868, 0.171851248, 0.7109887)
(0.5204665, -0.45396328, 0.15537414, 0.7063221)
(0.5238645, -0.4440294, 0.169967651, 0.7067637)
(0.523640752, -0.4541869, 0.1538398, 0.7041646)
(0.5203597, -0.444400847, 0.170233682, 0.7090516)
(0.522658169, -0.4542842, 0.15387167, 0.704824746)
(0.5178911, -0.444985747, 0.169921622, 0.7105653)
(0.5242541, -0.453583747, 0.154466182, 0.703959942)
(0.5214439, -0.443694472, 0.170768917, 0.708568633)
(0.524200141, -0.453515172, 0.15434587, 0.704070568)
(0.5226144, -0.4433228, 0.170684978, 0.707958937)
(0.5230032, -0.453328431, 0.154522479, 0.7050416)
(0.5277843, -0.443514436, 0.168527082, 0.70451206)
(0.522414, -0.452882349, 0.155149192, 0.7056274)
(0.5252268, -0.442773, 0.170251563, 0.706472456)
(0.52194, -0.452619523, 0.155564547, 0.706055164)
(0.527150154, -0.443035215, 0.169170871, 0.705133736)
(0.521906555, -0.4524555, 0.15559867, 0.7061775)
(0.52845937, -0.443349063, 0.167895421, 0.7042609)
(0.522495, -0.452384651, 0.154986367, 0.7059224)
(0.52826333, -0.442875355, 0.168246865, 0.70462203)
(0.523003757, -0.45215413, 0.154955462, 0.70570004)
(0.5268812, -0.442181945, 0.169436738, 0.7058062)
(0.5227637, -0.451948017, 0.154941425, 0.706012845)
(0.5263637, -0.442011267, 0.169448212, 0.7062963)
(0.5241196, -0.4520342, 0.154063821, 0.7051439)
(0.5263319, -0.441734076, 0.169576928, 0.7064626)
(0.523388565, -0.45162037, 0.1547286, 0.7058062)
(0.5290141, -0.4421719, 0.167953014, 0.704570651)
(0.525509, -0.452179134, 0.153165817, 0.70421207)
(0.5270884, -0.441997677, 0.1688264, 0.705913365)
(0.523227453, -0.451986432, 0.15428488, 0.7057885)
(0.5244262, -0.441848785, 0.170176, 0.707663059)
(0.521895945, -0.4519462, 0.1551281, 0.7066148)
(0.5255267, -0.442089945, 0.169671088, 0.706816733)
(0.5232161, -0.4522352, 0.154242441, 0.7056469)
(0.52403903, -0.4420357, 0.170158044, 0.707837343)
(0.5236914, -0.452255577, 0.154207334, 0.7052888)
(0.520459, -0.4425505, 0.170577541, 0.71005255)
(0.5249892, -0.4520149, 0.154402643, 0.704435)
(0.521017, -0.4424683, 0.170594782, 0.7096904)
(0.5272865, -0.4511676, 0.1552172, 0.7030821)
(0.515316844, -0.447833151, 0.163850024, 0.7120724)
(0.5277676, -0.449988127, 0.15698725, 0.7030839)
(0.5150753, -0.449162573, 0.161810651, 0.7118762)
(0.5274855, -0.45092836, 0.155630022, 0.702994943)
(0.517741859, -0.44455865, 0.1684219, 0.711298168)
(0.5278419, -0.45051083, 0.156298339, 0.7028469)
(0.5164246, -0.4462393, 0.166147754, 0.711738169)
(0.5283176, -0.449680924, 0.157427728, 0.702769)
(0.515817046, -0.448079735, 0.1633968, 0.7116592)
(0.52805537, -0.450715482, 0.1558228, 0.7026609)
(0.516779363, -0.446290433, 0.166047275, 0.7114718)
(0.5279904, -0.45080772, 0.15592815, 0.7026271)
(0.5157315, -0.448060423, 0.163740858, 0.7116543)
(0.5271049, -0.4522256, 0.153925717, 0.702822447)
(0.5247555, -0.442245632, 0.170302346, 0.707140446)
(0.5230701, -0.4524058, 0.154823631, 0.7055185)
(0.52165693, -0.442265719, 0.171188265, 0.709203541)
(0.5252203, -0.451924473, 0.154809982, 0.704231441)
(0.5210377, -0.442341924, 0.170951054, 0.709668338)
(0.525672853, -0.4516853, 0.15486896, 0.7040341)
(0.522344649, -0.441897839, 0.171150655, 0.708935738)
(0.524585247, -0.451883823, 0.154750571, 0.704743743)
(0.526442647, -0.4417347, 0.1702176, 0.706225634)
(0.523417056, -0.451814532, 0.15517357, 0.7055632)
(0.5273278, -0.4419214, 0.169638932, 0.705587268)
(0.523231447, -0.451695532, 0.155268788, 0.705756068)
(0.527402759, -0.441853285, 0.169529781, 0.7056002)
(0.5225383, -0.4514216, 0.155664071, 0.7063574)
(0.531273067, -0.44370988, 0.165329546, 0.702521563)
(0.521873832, -0.450980246, 0.156516016, 0.7069422)
