(0, 0, 0, 0)
(0.940149665, 0.06450843, -0.100299209, 0.3192135)
(0.9422984, 0.08151982, -0.0946852639, 0.3105848)
(0.941437542, 0.0634003058, -0.101529047, 0.315226376)
(0.9399077, 0.08211652, -0.0959969759, 0.3171983)
(0.940980852, 0.0635585859, -0.102956735, 0.316093951)
(0.9414954, 0.0817920044, -0.09687803, 0.312267631)
(0.946540952, 0.0866270661, -0.09446656, 0.296027333)
(0.941620648, 0.0825845748, -0.09685235, 0.3116887)
(0.9374962, 0.0767936856, -0.100109488, 0.3243172)
(0.94000566, 0.0581477322, -0.106545463, 0.318835557)
(0.9443668, 0.07009217, -0.101727121, 0.304811448)
(0.9471552, 0.08364459, -0.09558369, 0.294558078)
(0.943462551, 0.07109212, -0.10261225, 0.3070748)
(0.936886132, 0.0775253549, -0.104677849, 0.324463844)
(0.9378412, 0.09155876, -0.100540891, 0.319315732)
(0.943886161, 0.09504233, -0.09630882, 0.30128172)
(0.9442991, 0.07545112, -0.1032397, 0.303229332)
(0.947212756, 0.0574490428, -0.109488405, 0.295803875)
(0.9446529, 0.0401740968, -0.117105648, 0.30381465)
(0.938685536, 0.0382351652, -0.1186644, 0.3214443)
(0.936465442, 0.05696914, -0.112065494, 0.327457428)
(0.9404266, 0.071788, -0.108580306, 0.314093322)
(0.9408754, 0.09015987, -0.104405418, 0.309393167)
(0.9376336, 0.107589319, -0.09947649, 0.315233648)
(0.9330389, 0.101377167, -0.101806335, 0.329843283)
(0.9390052, 0.08916995, -0.104240336, 0.31535995)
(0.9416776, 0.0716051161, -0.109534383, 0.310029417)
(0.943992138, 0.0562451, -0.114786722, 0.304203)
(0.942192256, 0.07586041, -0.107692637, 0.3080931)
(0.9362528, 0.0742164552, -0.109770238, 0.3253815)
(0.9362936, 0.09344422, -0.103484951, 0.322356045)
(0.9419854, 0.09236708, -0.102507673, 0.3059803)
(0.9371176, 0.085457854, -0.104926027, 0.321711361)
(0.9419568, 0.07476431, -0.107662715, 0.30908972)
(0.9390561, 0.0592125431, -0.113192916, 0.319147348)
(0.9395073, 0.0406011157, -0.119466648, 0.3184419)
(0.93584013, 0.0547646843, -0.114788, 0.328675836)
(0.9353191, 0.0735185146, -0.107960813, 0.3288124)
(0.9338949, 0.09167754, -0.101529628, 0.33034426)
(0.939226747, 0.08321984, -0.104037508, 0.316391677)
(0.9445025, 0.0824195, -0.103806026, 0.3005767)
(0.9393305, 0.07492648, -0.107263081, 0.317078829)
(0.934955239, 0.0624713153, -0.1118568, 0.3308235)
(0.9393083, 0.07342118, -0.107241243, 0.3175038)
(0.939862, 0.0544297062, -0.113987438, 0.317338467)
(0.940331936, 0.07292701, -0.108002722, 0.314313322)
(0.934758, 0.07278902, -0.108581513, 0.330362231)
(0.9402447, 0.07622675, -0.106181666, 0.314412)
(0.9407735, 0.0572582446, -0.112462252, 0.314672619)
(0.9360281, 0.06789509, -0.109357812, 0.327540338)
(0.9303547, 0.06398989, -0.111719459, 0.343313366)
(0.935688853, 0.07318157, -0.107524022, 0.327977657)
(0.9415571, 0.0723008141, -0.106905594, 0.311149627)
(0.9466228, 0.06577824, -0.108723015, 0.296239644)
(0.941134453, 0.06417589, -0.110203937, 0.3130534)
(0.9367063, 0.07730013, -0.106255844, 0.324523628)
(0.9423853, 0.07616412, -0.105447531, 0.308204144)
(0.937728047, 0.06890145, -0.108335257, 0.3227725)
(0.943047166, 0.06292369, -0.110340707, 0.3074535)
(0.9375428, 0.0642828047, -0.110642523, 0.3234803)
(0.9423091, 0.07348798, -0.106286108, 0.308798134)
(0.9431811, 0.0547368377, -0.1124008, 0.307862461)
(0.937601149, 0.0586693734, -0.112357311, 0.323786736)
(0.9338666, 0.07372058, -0.107661039, 0.33296752)
(0.939766169, 0.07328401, -0.1070252, 0.316250771)
(0.94509083, 0.07565187, -0.105099551, 0.300057054)
(0.9400304, 0.06941761, -0.107760772, 0.316088021)
(0.9349642, 0.0605216958, -0.111587286, 0.3312514)
(0.9404019, 0.06517632, -0.109430023, 0.315311462)
(0.9440528, 0.0782326162, -0.104390748, 0.3028971)
(0.940563142, 0.06426322, -0.109464779, 0.315005958)
(0.9352818, 0.0588517636, -0.112035714, 0.330503285)
(0.9394587, 0.07162024, -0.107210308, 0.317480415)
(0.943130732, 0.08539367, -0.10181202, 0.304707527)
(0.9389645, 0.07403897, -0.106494442, 0.318626374)
(0.933054745, 0.0737266541, -0.107577279, 0.3352614)
(0.9369463, 0.0596354753, -0.112313539, 0.3255167)
(0.942570448, 0.062483754, -0.110775992, 0.3088453)
(0.9379837, 0.0741208047, -0.107497007, 0.3211497)
(0.933201849, 0.06481139, -0.112058535, 0.3352264)
(0.9384421, 0.07245884, -0.109159693, 0.319625229)
(0.9440735, 0.06983305, -0.109386243, 0.303122222)
(0.938575, 0.0713739842, -0.109719016, 0.319287449)
(0.9411682, 0.0869759247, -0.104332507, 0.309438884)
(0.9381059, 0.07224062, -0.11010015, 0.32033807)
(0.9432711, 0.07820557, -0.107288972, 0.304323)
(0.939195752, 0.0681533739, -0.111268766, 0.317625046)
(0.941302, 0.08517369, -0.105249472, 0.309222519)
(0.941303134, 0.0665653646, -0.111546732, 0.3115682)
(0.939505, 0.0851071253, -0.105417669, 0.314601839)
(0.9363768, 0.07024849, -0.110976875, 0.325495929)
(0.937517345, 0.08850687, -0.104161672, 0.319965631)
(0.940682, 0.07205543, -0.1092299, 0.313040048)
(0.94274646, 0.054591883, -0.115077786, 0.3082304)
(0.9382425, 0.06622389, -0.111553229, 0.320735455)
(0.932876945, 0.07406281, -0.109314583, 0.335120142)
(0.9384979, 0.074856706, -0.10841807, 0.3191609)
(0.9418781, 0.0596840158, -0.113504283, 0.310516179)
(0.937132955, 0.06994739, -0.110706694, 0.3234705)
(0.940664, 0.0830653757, -0.105629846, 0.311598748)
(0.9382304, 0.06637464, -0.111674048, 0.3206977)
(0.9396445, 0.0839971751, -0.105357781, 0.3145034)
(0.9388787, 0.0654029, -0.111643992, 0.3190059)
(0.934049547, 0.07568575, -0.108225554, 0.3318289)
(0.9396137, 0.07127864, -0.109140679, 0.316439152)
(0.9339145, 0.07116849, -0.109893531, 0.332659483)
(0.9395074, 0.0721077845, -0.109278128, 0.316519439)
(0.9338936, 0.07657135, -0.108172871, 0.332081527)
(0.93872577, 0.06671012, -0.111225948, 0.3193313)
(0.93429327, 0.07954543, -0.107669309, 0.330417752)
(0.937820435, 0.06410862, -0.112910412, 0.32192257)
(0.943289, 0.0677333847, -0.110911041, 0.305478)
(0.937670469, 0.07010324, -0.1108347, 0.321830928)
(0.933285058, 0.0837441161, -0.106716074, 0.332532078)
(0.9384453, 0.07416039, -0.109556906, 0.3190892)
(0.9440625, 0.07421565, -0.108666025, 0.302373379)
(0.9386157, 0.07320331, -0.109433204, 0.3188514)
(0.933355868, 0.06628111, -0.11249689, 0.3343621)
(0.938385069, 0.07513261, -0.1090612, 0.319208682)
(0.93951, 0.05694935, -0.115151346, 0.317518175)
(0.9430034, 0.0719005242, -0.109530568, 0.305904925)
(0.938071251, 0.08268945, -0.106328264, 0.31918484)
(0.9390646, 0.06430069, -0.112789176, 0.318279237)
(0.935472, 0.07980902, -0.107669257, 0.327001482)
(0.9329237, 0.06351505, -0.113544293, 0.3357483)
(0.937589765, 0.0745772943, -0.108745039, 0.321773648)
(0.9430404, 0.07709494, -0.106725164, 0.3055176)
(0.938772738, 0.06404989, -0.111748643, 0.3195553)
(0.9333386, 0.07413141, -0.1086894, 0.334021449)
(0.9282827, 0.06438992, -0.1127989, 0.348455876)
(0.9340253, 0.07081166, -0.109852761, 0.332437724)
(0.939896, 0.0721782, -0.108794831, 0.315514654)
(0.943263531, 0.0570818819, -0.113659836, 0.3067199)
(0.940338254, 0.07336328, -0.108452626, 0.31403783)
(0.934815943, 0.06971647, -0.11027348, 0.330300659)
(0.9404482, 0.06895674, -0.1100765, 0.314142317)
(0.934989452, 0.0726003, -0.109421976, 0.3294703)
(0.940531552, 0.07763811, -0.10679011, 0.312999517)
(0.940033734, 0.059236344, -0.112942532, 0.3163411)
(0.9358908, 0.07295198, -0.108933158, 0.3269861)
(0.940855742, 0.06563521, -0.111474469, 0.3131389)
(0.9356652, 0.0720869154, -0.109518252, 0.3276277)
(0.9405116, 0.08107709, -0.105366707, 0.312669575)
(0.9375073, 0.06609802, -0.111130372, 0.3230496)
(0.934119, 0.08229958, -0.106260657, 0.330691934)
(0.938205838, 0.06848681, -0.110964164, 0.320572168)
(0.9423487, 0.08046829, -0.106263816, 0.306939572)
(0.9380024, 0.06979919, -0.110379837, 0.3210854)
(0.9396479, 0.08737934, -0.104162574, 0.313969642)
(0.9369538, 0.07183942, -0.110249236, 0.323731154)
(0.942501962, 0.06887279, -0.110656813, 0.307736367)
(0.937011, 0.0698305741, -0.1107214, 0.323843628)
(0.9424147, 0.0710540041, -0.109777063, 0.307822764)
(0.9367993, 0.0723411143, -0.110240579, 0.324069232)
(0.9376779, 0.09057169, -0.103844695, 0.3190191)
(0.939403, 0.072152704, -0.109991089, 0.316572458)
(0.9396753, 0.0534550063, -0.1163019, 0.317217439)
(0.9376576, 0.0712946057, -0.110490918, 0.321724981)
(0.9330379, 0.08291937, -0.106814653, 0.333399415)
(0.9388563, 0.07847044, -0.107403204, 0.317578018)
(0.9440481, 0.07135486, -0.109088793, 0.302954465)
(0.9384942, 0.07057362, -0.110260867, 0.319516033)
(0.933072269, 0.07804068, -0.108625755, 0.333895624)
(0.938913643, 0.0786498338, -0.107539043, 0.317317933)
(0.9440923, 0.0702067241, -0.109525025, 0.3029275)
(0.939119041, 0.0807478353, -0.106546931, 0.316516936)
(0.9350994, 0.06766625, -0.111923814, 0.329368085)
(0.933402359, 0.08603463, -0.105676673, 0.331949532)
(0.937951744, 0.0732564, -0.109634347, 0.3207184)
(0.943188667, 0.07826119, -0.107152767, 0.304612219)
(0.937693059, 0.07420326, -0.109537683, 0.3212898)
(0.9317262, 0.07544942, -0.110037714, 0.337765157)
(0.93742615, 0.07181576, -0.110871404, 0.322152525)
(0.9428436, 0.07630345, -0.108501494, 0.3056979)
(0.9378273, 0.06897872, -0.111793026, 0.3212853)
(0.9357138, 0.08704278, -0.105892047, 0.3250385)
(0.9365379, 0.068538256, -0.112746641, 0.324788)
(0.9413097, 0.0771959946, -0.109471068, 0.309827238)
(0.9362089, 0.07101024, -0.112291157, 0.32536307)
(0.940667331, 0.08116067, -0.108436741, 0.311125815)
(0.935994864, 0.07096803, -0.112730436, 0.3258359)
(0.9412959, 0.06652913, -0.11424496, 0.31061855)
(0.9357651, 0.0727105439, -0.113178745, 0.3259561)
(0.9413288, 0.06947785, -0.114029914, 0.3099517)
(0.9417258, 0.0883320644, -0.107443161, 0.306277573)
(0.939069152, 0.0724836, -0.113097414, 0.3163926)
(0.9339108, 0.0657835, -0.115942553, 0.3317235)
(0.9395804, 0.0648792461, -0.116222389, 0.315391332)
(0.9360381, 0.07998173, -0.111594252, 0.324009836)
(0.941720247, 0.0782845542, -0.111376673, 0.307619542)
(0.9360259, 0.08119999, -0.11130289, 0.32384178)
(0.938729, 0.06471549, -0.117197037, 0.3175919)
(0.936737657, 0.08242834, -0.111225985, 0.3214919)
(0.9419005, 0.07260423, -0.113622606, 0.3076395)
(0.937299669, 0.0631201044, -0.117191419, 0.322104752)
(0.93762815, 0.08178369, -0.110964939, 0.319142)
(0.9346637, 0.0663557, -0.116960004, 0.329121858)
(0.939919055, 0.0736419261, -0.1138027, 0.313333422)
(0.944860935, 0.0648774952, -0.116136968, 0.299233824)
(0.9396992, 0.07092443, -0.114774853, 0.314264148)
(0.9343435, 0.0764670745, -0.113450505, 0.329065233)
(0.9402574, 0.07679849, -0.1123597, 0.312079281)
(0.945658565, 0.0726740956, -0.112926081, 0.296135247)
(0.940195739, 0.0734563246, -0.113437936, 0.312678576)
(0.9346033, 0.07333998, -0.114225008, 0.328771472)
(0.9399907, 0.07881696, -0.111454651, 0.312703133)
(0.941527, 0.06064853, -0.117428124, 0.309934229)
(0.937921, 0.07600441, -0.112727419, 0.319092453)
(0.9323522, 0.07179931, -0.114888377, 0.3352086)
(0.9378568, 0.07704968, -0.112275295, 0.319190085)
(0.9427227, 0.06701778, -0.115095958, 0.3058359)
(0.9377411, 0.07604855, -0.112736143, 0.319607139)
(0.934916, 0.0601571947, -0.118896909, 0.3289024)
(0.9381939, 0.07543469, -0.113279641, 0.318228662)
(0.9437478, 0.07612901, -0.11241544, 0.301508218)
(0.9386212, 0.07099684, -0.114886791, 0.3174123)
(0.937453866, 0.0527370051, -0.121471062, 0.321937531)
(0.9385344, 0.07123678, -0.115194172, 0.317504257)
(0.938134432, 0.09020219, -0.10886512, 0.316094756)
(0.941891849, 0.07526083, -0.113671027, 0.307008922)
(0.9454426, 0.0605565421, -0.118213795, 0.29748407)
(0.940861642, 0.0713294446, -0.11516767, 0.3105284)
(0.9359647, 0.06262501, -0.119008377, 0.3254002)
(0.9343724, 0.0809584558, -0.112913221, 0.328092337)
(0.9401072, 0.07614638, -0.11381378, 0.312164277)
(0.9446431, 0.06602135, -0.117013581, 0.2993299)
(0.9394203, 0.0738849044, -0.115291849, 0.314226627)
(0.9340226, 0.07271075, -0.116480909, 0.329768479)
(0.939980865, 0.0726671442, -0.115827, 0.312633216)
(0.945344567, 0.0688117445, -0.116603889, 0.296634644)
(0.9397542, 0.06813545, -0.117778778, 0.3136043)
(0.935196161, 0.0806117058, -0.114101782, 0.32540828)
(0.9408585, 0.0774409249, -0.114436254, 0.309342146)
(0.9370879, 0.06478423, -0.118992269, 0.3217301)
(0.942373157, 0.0697578043, -0.116902791, 0.305614918)
(0.9367516, 0.0679021552, -0.11831744, 0.32231465)
(0.9420961, 0.07135504, -0.116687953, 0.306181818)
(0.9366538, 0.07352322, -0.116596691, 0.321992666)
(0.942073047, 0.07761544, -0.114742525, 0.305464417)
(0.936922431, 0.07241246, -0.117092215, 0.3212823)
(0.94231683, 0.07567441, -0.115132846, 0.305052161)
(0.9375758, 0.066762045, -0.118397243, 0.320119351)
(0.9421716, 0.0763775557, -0.114594035, 0.305528164)
(0.937779546, 0.06648023, -0.118430816, 0.319568366)
(0.9424281, 0.07617267, -0.114868753, 0.3046838)
(0.9369137, 0.07556717, -0.115794972, 0.3210511)
(0.9423647, 0.07567116, -0.115243062, 0.3048633)
(0.936830342, 0.0775623247, -0.115348116, 0.320979178)
(0.941672564, 0.06721174, -0.118463196, 0.3077365)
(0.9425356, 0.08571878, -0.112130724, 0.302829266)
