(0, 0, 0, 0)
(0.903204739, 0.126503736, -0.28120774, 0.298563659)
(0.8993646, 0.139942452, -0.277261347, 0.3077103)
(0.894654036, 0.126876518, -0.283397347, 0.321220368)
(0.8944632, 0.14337422, -0.278471738, 0.31911248)
(0.8896301, 0.131903723, -0.284337968, 0.3321322)
(0.8897792, 0.111677706, -0.292739272, 0.3318505)
(0.8971371, 0.09402979, -0.298772126, 0.311510354)
(0.907657266, 0.08390357, -0.30050385, 0.280741781)
(0.918243647, 0.07758406, -0.3000367, 0.246550769)
(0.92774266, 0.07847597, -0.297004431, 0.2119515)
(0.9357385, 0.0801402256, -0.293335676, 0.178676188)
(0.941885054, 0.08421184, -0.28933385, 0.148481309)
(0.945281863, 0.0964436457, -0.2850138, 0.126126245)
(0.9439128, 0.108467214, -0.2835671, 0.129820257)
(0.9442048, 0.0894642547, -0.287451059, 0.133586258)
(0.9428906, 0.07870952, -0.289824635, 0.144097254)
(0.941564739, 0.06817977, -0.29153204, 0.154325739)
(0.945951164, 0.062011648, -0.291078985, 0.128856137)
(0.949544251, 0.0522403, -0.290824443, 0.105156004)
(0.951145, 0.06840359, -0.287672, 0.08881941)
(0.9496432, 0.08096041, -0.286166459, 0.09865111)
(0.9519038, 0.06395051, -0.286906183, 0.0864538848)
(0.9511918, 0.0837094039, -0.283654153, 0.08813211)
(0.951334536, 0.103863671, -0.279216737, 0.0788216)
(0.950997651, 0.1235972, -0.2746265, 0.0700539)
(0.9505165, 0.116730064, -0.275104761, 0.0849108547)
(0.9541164, 0.104062974, -0.272611022, 0.06720058)
(0.9541879, 0.0941360444, -0.272251427, 0.08088768)
(0.9537061, 0.114256836, -0.267350316, 0.0769020244)
(0.951769352, 0.122732371, -0.265647352, 0.09221359)
(0.950782061, 0.115221724, -0.266318381, 0.108683228)
(0.951731443, 0.09777418, -0.267299682, 0.114883944)
(0.953182638, 0.113509156, -0.261895031, 0.09984728)
(0.9559847, 0.116325349, -0.257446349, 0.07926541)
(0.9551482, 0.107924595, -0.2583172, 0.09652064)
(0.954804361, 0.09381142, -0.2600017, 0.109303348)
(0.9575539, 0.09528279, -0.257268, 0.08845841)
(0.9601706, 0.0932481438, -0.254458427, 0.06803065)
(0.9579165, 0.109315842, -0.2530388, 0.08010875)
(0.95716095, 0.0979533643, -0.25490576, 0.09628697)
(0.9570125, 0.08312092, -0.25642094, 0.107081629)
(0.959031463, 0.09152059, -0.253198922, 0.08816383)
(0.959985, 0.102122478, -0.2502824, 0.07320176)
(0.958154261, 0.09649453, -0.252546728, 0.09407121)
(0.956483543, 0.08718228, -0.254886, 0.112123087)
(0.959337234, 0.07924824, -0.254311174, 0.0933681354)
(0.960752845, 0.08938063, -0.25146994, 0.0756841451)
(0.9617501, 0.09707204, -0.2491783, 0.05936398)
(0.9595242, 0.0994537249, -0.250837266, 0.08064032)
(0.957195342, 0.100292109, -0.252567738, 0.0996394753)
(0.958341539, 0.08135845, -0.254931062, 0.09986186)
(0.9599465, 0.0895518959, -0.2526905, 0.0814287)
(0.9609394, 0.0970634, -0.250970185, 0.06471585)
(0.9584139, 0.102390915, -0.252494723, 0.08488375)
(0.9563601, 0.100574143, -0.254187256, 0.103194654)
(0.958654046, 0.101269007, -0.25257796, 0.08325454)
(0.960891545, 0.09071214, -0.2524795, 0.0686491355)
(0.958409548, 0.09534117, -0.253715158, 0.08938593)
(0.955794156, 0.0994487554, -0.2545489, 0.108500138)
(0.9580534, 0.10343153, -0.252236784, 0.0883866)
(0.9605221, 0.09647034, -0.2513017, 0.070273146)
(0.958492935, 0.09498566, -0.252965778, 0.0909796059)
(0.9555958, 0.104231559, -0.253302664, 0.108675241)
(0.9537468, 0.123714723, -0.25078696, 0.110307157)
(0.9568348, 0.110977687, -0.2510157, 0.09561474)
(0.959324062, 0.0961646959, -0.251740068, 0.08412349)
(0.9565396, 0.103036113, -0.252473325, 0.103309028)
(0.9575142, 0.08396572, -0.255021781, 0.105262294)
(0.956958055, 0.103293762, -0.252168149, 0.09986377)
(0.9585885, 0.109824494, -0.249945492, 0.0810796842)
(0.957761943, 0.09754763, -0.252591223, 0.09682035)
(0.956635356, 0.116847478, -0.24995622, 0.09336653)
(0.956408739, 0.10106378, -0.252904356, 0.105393127)
(0.9576997, 0.11106158, -0.250364482, 0.0882841647)
(0.9590061, 0.09162876, -0.252716571, 0.08969907)
(0.958166659, 0.110312045, -0.250306875, 0.0842280239)
(0.957250237, 0.09799812, -0.2530841, 0.100084491)
(0.95442307, 0.11147657, -0.252370983, 0.113834687)
(0.9573497, 0.103923857, -0.251896828, 0.0960697)
(0.9591328, 0.108695865, -0.249629751, 0.0770360157)
(0.95748204, 0.102554969, -0.2519028, 0.09620558)
(0.954523, 0.11113631, -0.252301872, 0.113482907)
(0.957226455, 0.09647871, -0.253348827, 0.101112358)
(0.956919253, 0.114406772, -0.250381351, 0.09233467)
(0.9594884, 0.100060672, -0.250918329, 0.08006079)
(0.9570563, 0.102065757, -0.2522387, 0.100007214)
(0.9548312, 0.09786708, -0.2541307, 0.118899912)
(0.957397163, 0.0993891656, -0.252403975, 0.09901817)
(0.959013164, 0.106014743, -0.250117928, 0.0805952251)
(0.9569472, 0.103182189, -0.2520039, 0.100496754)
(0.9539986, 0.111039095, -0.25232175, 0.117858872)
(0.9570246, 0.10302458, -0.2520518, 0.09979901)
(0.959289968, 0.103107661, -0.250472635, 0.07996929)
(0.956764042, 0.106392235, -0.251654655, 0.09976593)
(0.9544062, 0.103060067, -0.253499836, 0.119269885)
(0.9567651, 0.10679622, -0.2514768, 0.09977227)
(0.9594387, 0.09480684, -0.251688, 0.0845116153)
(0.9569891, 0.1104206, -0.2506492, 0.09567666)
(0.958725333, 0.0915591046, -0.2525989, 0.09304016)
(0.9561436, 0.106617972, -0.251633316, 0.105369166)
(0.953122854, 0.116635196, -0.251444131, 0.121361941)
(0.9563329, 0.108022913, -0.25100714, 0.103700668)
(0.958944857, 0.102094069, -0.250379562, 0.0855084658)
(0.956795335, 0.0988238156, -0.2524356, 0.105132125)
(0.9552703, 0.118389159, -0.24989593, 0.104856171)
(0.9576792, 0.100889906, -0.251408249, 0.097291626)
(0.9564977, 0.120101906, -0.248790354, 0.093759425)
(0.9565551, 0.10332188, -0.251941174, 0.104175843)
(0.9556874, 0.122069612, -0.249127537, 0.09846889)
(0.9576311, 0.102984264, -0.251159728, 0.09620584)
(0.9587797, 0.112750858, -0.2485218, 0.07915574)
(0.957367, 0.10449405, -0.251106948, 0.09733821)
(0.95585674, 0.09422483, -0.253792346, 0.114231907)
(0.957351267, 0.104426332, -0.251310319, 0.09704019)
(0.9545278, 0.117551759, -0.250552, 0.1108238)
(0.9573892, 0.103785321, -0.251125038, 0.0978305042)
(0.9597173, 0.102130689, -0.24968037, 0.07856097)
(0.9577221, 0.0998081937, -0.25138697, 0.0980373)
(0.954998136, 0.114462234, -0.250433147, 0.110273153)
(0.9573536, 0.0970649049, -0.252155274, 0.102324359)
(0.9566663, 0.115590952, -0.249470115, 0.0958802253)
(0.957191348, 0.0972371846, -0.25245294, 0.10294304)
(0.9561819, 0.116392367, -0.24973318, 0.099007085)
(0.957100868, 0.0973429, -0.2524233, 0.103754111)
(0.957532, 0.112392068, -0.249523684, 0.09076585)
(0.9584996, 0.09323262, -0.252202153, 0.09476514)
(0.956629, 0.11251118, -0.250241965, 0.09788443)
(0.956142247, 0.09723753, -0.253210962, 0.110549212)
(0.9558136, 0.115311265, -0.250147849, 0.102712624)
(0.9583165, 0.0984015837, -0.251420915, 0.0934566259)
(0.956749, 0.117851958, -0.249033228, 0.09340572)
(0.9577491, 0.0988318548, -0.2516051, 0.09820284)
(0.954978168, 0.104397379, -0.2520518, 0.116566904)
(0.957739055, 0.101360917, -0.2509635, 0.0973611)
(0.958659053, 0.08194914, -0.2534826, 0.100018665)
(0.957600653, 0.101420157, -0.2510989, 0.0983070955)
(0.954732239, 0.1076888, -0.251606315, 0.11654935)
(0.9576371, 0.09853581, -0.2514734, 0.09991501)
(0.9557829, 0.117613353, -0.249113753, 0.102899767)
(0.95785594, 0.09887494, -0.250999838, 0.0986645)
(0.958187342, 0.113744661, -0.248180315, 0.08570681)
(0.957299769, 0.101569206, -0.2509592, 0.101391658)
(0.954372644, 0.113260284, -0.250562429, 0.116461962)
(0.95731914, 0.101732068, -0.250865281, 0.101277836)
(0.959913, 0.09452324, -0.2502994, 0.08356114)
(0.957362533, 0.100284837, -0.250897884, 0.102225617)
(0.954463363, 0.105949774, -0.251470834, 0.120568909)
(0.95730114, 0.101700433, -0.250738561, 0.101792768)
(0.958855152, 0.109073609, -0.248494819, 0.08336727)
(0.957784832, 0.0980573446, -0.251143664, 0.0997984856)
(0.954913557, 0.111766465, -0.250484228, 0.113603957)
(0.9575222, 0.09629907, -0.25175792, 0.102448411)
(0.9579396, 0.11138811, -0.248986453, 0.08916387)
(0.957374632, 0.09698366, -0.2519338, 0.102748416)
(0.954643965, 0.112772353, -0.2508788, 0.114004575)
(0.9569418, 0.0955087, -0.252673328, 0.10628558)
(0.9561281, 0.114704058, -0.24978222, 0.101344854)
(0.9582774, 0.09655773, -0.25150758, 0.09552454)
(0.955659449, 0.112117141, -0.250383258, 0.1070193)
(0.957071364, 0.09300622, -0.2528931, 0.106814928)
(0.9554847, 0.1124289, -0.250433356, 0.108128607)
(0.9582527, 0.09899973, -0.2510029, 0.09459565)
(0.9571467, 0.118366048, -0.248285621, 0.09063151)
(0.9571266, 0.10232076, -0.251095116, 0.101933323)
(0.954470754, 0.10308744, -0.252282083, 0.121294625)
(0.956593752, 0.109774575, -0.249799043, 0.102364562)
(0.9581305, 0.09081054, -0.251904875, 0.101407342)
(0.957938433, 0.108583778, -0.249080911, 0.09231681)
(0.957419, 0.0938657448, -0.251899421, 0.105284236)
(0.9548961, 0.110281177, -0.2504849, 0.115190238)
(0.957800269, 0.0997017846, -0.25077194, 0.09895178)
(0.958052754, 0.115073219, -0.248014465, 0.08591766)
(0.957131743, 0.103008293, -0.250962228, 0.101519607)
(0.95410645, 0.110843562, -0.251428038, 0.119073927)
(0.956955135, 0.106321357, -0.2507272, 0.100342005)
(0.95631, 0.124598987, -0.2477839, 0.09246256)
(0.956994653, 0.106611468, -0.250640571, 0.09987232)
(0.954400539, 0.105705775, -0.2522809, 0.119583428)
(0.9569671, 0.10604091, -0.250848085, 0.100222215)
(0.955325365, 0.0967234746, -0.253405064, 0.117404521)
(0.9564153, 0.1096561, -0.250585556, 0.102236271)
(0.9590697, 0.102173246, -0.250121564, 0.08476447)
(0.9565121, 0.106169738, -0.25105083, 0.103855722)
(0.9535284, 0.113054648, -0.251446933, 0.121558614)
(0.956613958, 0.105756216, -0.250956, 0.103568263)
(0.958835959, 0.1075264, -0.249091715, 0.08381507)
(0.9564683, 0.1077111, -0.2507115, 0.103491195)
(0.9533663, 0.114814162, -0.25133726, 0.121407948)
(0.95641166, 0.107079238, -0.250992149, 0.103988729)
(0.9588868, 0.105468884, -0.249494687, 0.0846447945)
(0.9566045, 0.105561882, -0.250809848, 0.104206212)
(0.9536272, 0.118559159, -0.2500472, 0.1183863)
(0.956466734, 0.1039575, -0.25108394, 0.106400557)
(0.9590352, 0.09998022, -0.2501794, 0.08755332)
(0.956291556, 0.110988073, -0.250112474, 0.103111021)
(0.953601956, 0.127691716, -0.248583227, 0.112002663)
(0.9565921, 0.112891778, -0.249383137, 0.099975884)
(0.9554547, 0.100631826, -0.2522883, 0.115455993)
(0.9554141, 0.117684342, -0.2494783, 0.105331451)
(0.9545262, 0.103801914, -0.252880067, 0.118981831)
(0.956458747, 0.110339776, -0.250909358, 0.100280486)
(0.9585529, 0.09308901, -0.252744943, 0.09290204)
(0.956035733, 0.109622709, -0.2517253, 0.103018835)
(0.9568912, 0.0906667858, -0.2545263, 0.106560372)
(0.957778454, 0.103979744, -0.2519167, 0.09157813)
(0.954924, 0.111361519, -0.252384216, 0.109640084)
(0.9575517, 0.1078413, -0.2513013, 0.0911742449)
(0.9551986, 0.107211672, -0.2528524, 0.110304348)
(0.957960963, 0.103188559, -0.251773566, 0.09095576)
(0.9552694, 0.108291283, -0.252482772, 0.109480269)
(0.957896, 0.0951632559, -0.2531661, 0.09636449)
(0.9551099, 0.10617958, -0.252848268, 0.1120657)
(0.957463145, 0.108478762, -0.250894368, 0.09245934)
(0.954702556, 0.124125309, -0.249869987, 0.103445716)
(0.9568344, 0.105669037, -0.251890361, 0.0992627442)
(0.9539703, 0.119387761, -0.251099139, 0.112412252)
(0.956897438, 0.1063692, -0.2515619, 0.0987395346)
(0.953994, 0.113291755, -0.251946, 0.116549149)
(0.95694834, 0.105751254, -0.251563, 0.0989069343)
(0.95400244, 0.114480168, -0.251784921, 0.115663163)
(0.956898153, 0.106604055, -0.251572, 0.09845396)
(0.9539538, 0.112620346, -0.252306283, 0.116749324)
(0.956823647, 0.106799506, -0.251701921, 0.09863425)
(0.953841, 0.115299329, -0.251973152, 0.11577186)
(0.956781745, 0.106074013, -0.2519728, 0.0991300941)
(0.953855753, 0.119005941, -0.2514732, 0.112951636)
(0.956761956, 0.106555648, -0.2519809, 0.0987823)
(0.958624065, 0.08826629, -0.2537704, 0.09407185)
(0.956324458, 0.105089031, -0.252292, 0.10367433)
(0.953655958, 0.121270977, -0.250836, 0.11364381)
(0.956675768, 0.109151222, -0.2511072, 0.0990080237)
(0.9578758, 0.08989848, -0.25355646, 0.100504816)
(0.9557082, 0.107761651, -0.251731128, 0.10789144)
(0.9539878, 0.127104223, -0.248924226, 0.108574852)
(0.9563969, 0.1087818, -0.250675142, 0.103119858)
(0.9588976, 0.09363205, -0.251592577, 0.09192174)
(0.956243932, 0.108036615, -0.250897676, 0.10476663)
(0.9533871, 0.109820142, -0.25233978, 0.123762369)
(0.9559594, 0.111879252, -0.2505616, 0.104132324)
(0.9577663, 0.117545769, -0.248166814, 0.08532195)
(0.95635426, 0.108791687, -0.250740349, 0.103345186)
(0.9535448, 0.110264227, -0.25203532, 0.122768894)
(0.9563094, 0.109732151, -0.250528783, 0.103278786)
(0.9538766, 0.107412696, -0.252233, 0.1223128)
(0.9564524, 0.10877192, -0.250515, 0.103003092)
(0.955263555, 0.09635547, -0.253297657, 0.118437357)
(0.955982447, 0.111119866, -0.250320435, 0.105306536)
(0.958315969, 0.11166323, -0.2485326, 0.08598532)
(0.9559091, 0.112264208, -0.250085384, 0.105318457)
(0.955706656, 0.129013792, -0.246946052, 0.09485782)
