(0.04826153, 0.9395722, -0.0293198824, 0.337661684)
(0.939489, -0.0269556288, 0.0466806069, 0.3383114)
(0.9417192, -0.0446930267, 0.04008317, 0.330999821)
(0.9452889, -0.0304322485, 0.0447373874, 0.3217161)
(0.939950466, -0.0391257, 0.041695755, 0.3364874)
(0.9409754, -0.021712495, 0.0474180356, 0.33443293)
(0.937759936, -0.0383100435, 0.0411756635, 0.342700124)
(0.943828464, -0.04203651, 0.0395870842, 0.325351447)
(0.9399762, -0.0545890965, 0.03579525, 0.334938139)
(0.943440735, -0.0384497233, 0.0408926345, 0.326755315)
(0.940931737, -0.0243062787, 0.0462707169, 0.3345381)
(0.940278351, -0.0407577045, 0.0390578136, 0.3356931)
(0.9375626, -0.0561746024, 0.029241465, 0.342002541)
(0.9405224, -0.0425152034, 0.03197486, 0.335541219)
(0.94430697, -0.027968144, 0.0373781547, 0.3257377)
(0.940085769, -0.03807951, 0.033631593, 0.33713153)
(0.945804, -0.0429286771, 0.0287688151, 0.320599943)
(0.9477952, -0.0589037873, 0.0197178889, 0.3127713)
(0.9426866, -0.0545985736, 0.0219743755, 0.328447938)
(0.9449849, -0.03535415, 0.0293937344, 0.323866576)
(0.9502933, -0.0274264868, 0.03195326, 0.308495253)
(0.950383663, -0.0460795946, 0.0243481155, 0.306683183)
(0.9441123, -0.0456271842, 0.023991745, 0.32556814)
(0.938801765, -0.0413263179, 0.02668163, 0.3409274)
(0.945299, -0.0394341275, 0.0280660577, 0.322594)
(0.950496554, -0.0448369347, 0.0255614612, 0.3064187)
(0.945128739, -0.0392676666, 0.0264604017, 0.323248327)
(0.939210832, -0.0402051322, 0.0262949243, 0.339963317)
(0.9407434, -0.0212289169, 0.03358282, 0.3367837)
(0.9466813, -0.0197846554, 0.0356621258, 0.319580019)
(0.9439314, -0.0366563536, 0.0292410832, 0.326794744)
(0.9383145, -0.046164304, 0.0246142242, 0.3418025)
(0.9334287, -0.0369145349, 0.028027609, 0.355756551)
(0.939659834, -0.0299176425, 0.0318249129, 0.3393103)
(0.945700645, -0.02976354, 0.0318706371, 0.322100341)
(0.9440005, -0.0486795455, 0.0239193, 0.325455517)
(0.9390202, -0.0397345275, 0.0266286526, 0.340518683)
(0.944916666, -0.0360138826, 0.0281027574, 0.324107677)
(0.9506001, -0.0378671847, 0.0276802238, 0.306853771)
(0.945418954, -0.0433354676, 0.0251221862, 0.3219842)
(0.940219462, -0.0372557938, 0.0263253134, 0.337500185)
(0.9424305, -0.01875216, 0.0332451351, 0.33221674)
(0.9483136, -0.0164063256, 0.03485505, 0.314987749)
(0.9475695, -0.0354103036, 0.0284841061, 0.316301763)
(0.9416086, -0.03738358, 0.0268173777, 0.333551645)
(0.936141431, -0.0326098427, 0.0286522936, 0.3489341)
(0.942416966, -0.0337383263, 0.0288758557, 0.3314786)
(0.9466736, -0.04581602, 0.0244202185, 0.317983776)
(0.9416494, -0.037262477, 0.0266433619, 0.333463937)
(0.937141359, -0.02542997, 0.0301488, 0.346713722)
(0.9429752, -0.0219284929, 0.0318267867, 0.330611318)
(0.947098, -0.03398979, 0.0272280965, 0.3179759)
(0.9416904, -0.0370469727, 0.0258247945, 0.333436459)
(0.9459833, -0.02301367, 0.0302105863, 0.3219834)
(0.9505572, -0.03395761, 0.0276547726, 0.307446)
(0.955199838, -0.0271408465, 0.0302906148, 0.293153644)
(0.9500933, -0.0334781744, 0.027817186, 0.308914632)
(0.944856942, -0.0357833579, 0.0264361948, 0.3244474)
(0.950697, -0.038443815, 0.0257937126, 0.306646317)
(0.9558143, -0.0308744125, 0.028593272, 0.290943474)
(0.9504816, -0.03131973, 0.0282151047, 0.307908565)
(0.944749832, -0.033659216, 0.0267680157, 0.324959129)
(0.9392193, -0.0354013555, 0.02638547, 0.340466917)
(0.9451854, -0.032533057, 0.0277231541, 0.3237245)
(0.9503486, -0.03816818, 0.0257196352, 0.307764769)
(0.9450515, -0.0452724062, 0.0232133418, 0.3229383)
(0.9505485, -0.04324995, 0.0234294534, 0.306656152)
(0.947216451, -0.0291348752, 0.028631635, 0.317981869)
(0.9416777, -0.0269134864, 0.0297729112, 0.3341143)
(0.9467072, -0.0330852643, 0.0269499477, 0.319256485)
(0.941097736, -0.03816337, 0.0256276354, 0.33499518)
(0.946680546, -0.03564057, 0.02633658, 0.3191113)
(0.95191735, -0.0328555256, 0.0273965374, 0.303353429)
(0.9468249, -0.04001131, 0.0255499948, 0.318227857)
(0.9412652, -0.0399375558, 0.0255701654, 0.3343216)
(0.9442971, -0.0233433731, 0.0315955281, 0.326741)
(0.946765244, -0.0403090157, 0.0260931421, 0.3183236)
(0.9410968, -0.0429961421, 0.0256218854, 0.3344127)
(0.9356601, -0.0520252772, 0.022257911, 0.348335981)
(0.9407271, -0.0403771922, 0.0254331958, 0.3357907)
(0.9456911, -0.0304912888, 0.0288182478, 0.3223479)
(0.946727, -0.0487169139, 0.0227690358, 0.317515582)
(0.9415092, -0.0428535752, 0.0245601311, 0.333348)
(0.945596159, -0.0284693725, 0.0292932689, 0.322768331)
(0.951119244, -0.0273692, 0.0300458968, 0.306138)
(0.946703136, -0.04024463, 0.0262171421, 0.31850633)
(0.9410045, -0.0453511253, 0.0244384147, 0.3344498)
(0.935297966, -0.0463458747, 0.0239096358, 0.349997371)
(0.9409162, -0.037763, 0.0267499629, 0.3354625)
(0.94661057, -0.03769597, 0.0269380286, 0.3190327)
(0.941224456, -0.03218337, 0.0290688053, 0.3349863)
(0.937900364, -0.048127722, 0.0227970872, 0.342792749)
(0.9429118, -0.0370621644, 0.0261824336, 0.329936683)
(0.9479223, -0.0282741152, 0.0297893528, 0.31584242)
(0.944512, -0.04417026, 0.0247354712, 0.3245525)
(0.938734353, -0.04893437, 0.0230217, 0.340372264)
(0.9411324, -0.0310571678, 0.0285931379, 0.335391641)
(0.946853161, -0.026638668, 0.0301120766, 0.319143951)
(0.952126741, -0.0244205669, 0.03087693, 0.303158224)
(0.947407842, -0.03486682, 0.0268099923, 0.316992)
(0.9427842, -0.02440191, 0.0303674061, 0.3311198)
(0.9454935, -0.04089251, 0.0252606869, 0.322074)
(0.9507883, -0.0447300039, 0.02392354, 0.305660427)
(0.94532764, -0.0451349169, 0.0240002237, 0.3220907)
(0.942121565, -0.0300984327, 0.02939482, 0.332621425)
(0.947499931, -0.0350574777, 0.027564941, 0.316630632)
(0.94776684, -0.0162082445, 0.0343455262, 0.316694975)
(0.943979, -0.0303533729, 0.0293826256, 0.327290118)
(0.940126836, -0.0446756445, 0.0241297968, 0.337021142)
(0.9452139, -0.0336373523, 0.0275890138, 0.3235399)
(0.9506764, -0.0280565433, 0.0293079633, 0.3075195)
(0.945299745, -0.0308528524, 0.0287831184, 0.3234626)
(0.9456993, -0.0493601, 0.0222961269, 0.320498735)
(0.9454155, -0.0303467233, 0.0284762513, 0.323199123)
(0.950432658, -0.03635082, 0.0263625, 0.307670951)
(0.9450893, -0.0345232226, 0.02782449, 0.323790371)
(0.9496103, -0.0434227027, 0.0246025268, 0.309434056)
(0.9446913, -0.0362612456, 0.0272313748, 0.3248108)
(0.9404759, -0.0241775215, 0.03154248, 0.337528855)
(0.9446387, -0.0367817581, 0.0269582961, 0.324927777)
(0.950066149, -0.03831754, 0.0260109063, 0.308592767)
(0.9455764, -0.02763906, 0.0299071241, 0.322841644)
(0.9398977, -0.0284105055, 0.0301681422, 0.3389321)
(0.9452367, -0.0355112366, 0.0277117081, 0.3232624)
(0.947370648, -0.0519969426, 0.0214272738, 0.315160364)
(0.943308532, -0.03975168, 0.0255526826, 0.328535974)
(0.9436019, -0.02061863, 0.0321738236, 0.3288694)
(0.949117243, -0.0228962917, 0.0317581855, 0.312479526)
(0.9469848, -0.0403888635, 0.0259145927, 0.3176743)
(0.941403568, -0.0431354679, 0.0249112565, 0.3335835)
(0.9461997, -0.031621445, 0.0290132873, 0.320725)
(0.948920965, -0.0152092595, 0.0347692519, 0.313223332)
(0.9463345, -0.0320442058, 0.02898953, 0.3202869)
(0.9410633, -0.03906284, 0.0263508782, 0.334932357)
(0.9466156, -0.0327969231, 0.02801108, 0.319466442)
(0.9470557, -0.0513902828, 0.02188072, 0.316173643)
(0.9479666, -0.0327083953, 0.028178459, 0.315429121)
(0.9426621, -0.03947288, 0.0260640718, 0.330379725)
(0.943976045, -0.0572146773, 0.01931679, 0.32444188)
(0.9460659, -0.0387402549, 0.0254253764, 0.3206434)
(0.9509732, -0.0295018442, 0.0280697737, 0.306580573)
(0.945505738, -0.0268174931, 0.0291586686, 0.323186457)
(0.944048464, -0.0453158543, 0.0227114614, 0.3258882)
(0.94241184, -0.0276015, 0.0287768524, 0.332069218)
(0.9479693, -0.02903273, 0.0281381048, 0.3157839)
(0.9429528, -0.0213169772, 0.0311044753, 0.330784)
(0.94686, -0.0344554968, 0.0264154077, 0.318702549)
(0.9442613, -0.05155775, 0.0207318626, 0.3244728)
(0.9453024, -0.03258631, 0.0272616874, 0.323416322)
(0.943545163, -0.0148228668, 0.03347702, 0.329214454)
(0.948197, -0.02498804, 0.0298608188, 0.315288037)
(0.945829, -0.042310562, 0.0241674762, 0.32098794)
(0.9491465, -0.02683882, 0.0291222036, 0.3123342)
(0.94368273, -0.0302577075, 0.02853134, 0.328227669)
(0.94920826, -0.02705938, 0.029675087, 0.3120751)
(0.94619745, -0.0430685468, 0.0245894138, 0.31976673)
(0.9407449, -0.0473761521, 0.0230877157, 0.334994972)
(0.9453189, -0.034409564, 0.0271065962, 0.323192537)
(0.9485944, -0.0187075362, 0.0324860625, 0.3142663)
(0.9537772, -0.0191718545, 0.0327362455, 0.2981106)
(0.9496979, -0.0314875767, 0.02900515, 0.3102276)
(0.9451279, -0.04157951, 0.02532259, 0.323052853)
(0.947044, -0.0231642555, 0.0317491256, 0.318689436)
(0.952050567, -0.01685307, 0.0340300649, 0.303574681)
(0.9482762, -0.0308344569, 0.0295340717, 0.314561784)
(0.943444848, -0.0410532728, 0.0261768, 0.327934831)
(0.9476733, -0.0273754019, 0.0305272434, 0.316597462)
(0.9486938, -0.0456593558, 0.0244608223, 0.3119248)
(0.9479999, -0.0270936619, 0.030535344, 0.31564194)
(0.9431169, -0.03712683, 0.0270248763, 0.329274625)
(0.9478543, -0.0265854374, 0.0305785537, 0.316117942)
(0.9510307, -0.0414108448, 0.0259916633, 0.3052054)
(0.9463761, -0.0327691138, 0.02942063, 0.3200514)
(0.942132235, -0.04600389, 0.0247046035, 0.3311498)
(0.943205953, -0.02699472, 0.0310988557, 0.3296466)
(0.9485714, -0.0321941525, 0.02937308, 0.3135491)
(0.949764967, -0.0137808966, 0.0356189236, 0.310624778)
(0.9466465, -0.0296198539, 0.0301765166, 0.3194877)
(0.9422285, -0.0414666124, 0.02572371, 0.331397533)
(0.9479552, -0.040376652, 0.0257568229, 0.314781219)
(0.950238943, -0.0229274631, 0.0310331266, 0.309123129)
(0.944676459, -0.0266069714, 0.0297649, 0.325564831)
(0.9455098, -0.0448938832, 0.0231800042, 0.3216494)
(0.950274169, -0.03390344, 0.0266591, 0.3084134)
(0.9455436, -0.0246948916, 0.0299971774, 0.323168159)
(0.946536958, -0.0430065021, 0.02360205, 0.3188436)
(0.9439719, -0.06010219, 0.0182228144, 0.323995024)
(0.9468035, -0.0421180166, 0.023765631, 0.318157673)
(0.948338449, -0.0234519783, 0.0298248939, 0.314983666)
(0.9430144, -0.030161364, 0.0274559017, 0.330242872)
(0.948041141, -0.02231596, 0.0299009811, 0.31595245)
(0.9484407, -0.0409289934, 0.02408952, 0.313376635)
(0.943237543, -0.03534434, 0.02605265, 0.329203546)
(0.946901143, -0.0477651432, 0.0208826922, 0.317270875)
(0.9467207, -0.0288333874, 0.0272184834, 0.3196055)
(0.951322138, -0.0183752961, 0.030616546, 0.306123)
(0.9474763, -0.03239216, 0.0258714147, 0.317127943)
(0.9425545, -0.0420861542, 0.022607483, 0.33061868)
(0.9477499, -0.0331911333, 0.0252418537, 0.316277146)
(0.9519886, -0.0205512773, 0.0293683428, 0.304027826)
(0.948001266, -0.0342201926, 0.0250434931, 0.315428942)
(0.9425223, -0.0368558541, 0.0239363126, 0.3312406)
(0.94691515, -0.0239153411, 0.027855644, 0.319380462)
(0.952342153, -0.0203857478, 0.0290789083, 0.3029573)
(0.952082, -0.0395895131, 0.0234045088, 0.302365363)
(0.946642, -0.040942125, 0.0227786656, 0.318863332)
(0.9414832, -0.0347801521, 0.0248518549, 0.3343384)
(0.9471249, -0.028871065, 0.02667144, 0.3184485)
(0.952433348, -0.0247725658, 0.0280904863, 0.3024369)
(0.9471878, -0.0316472761, 0.0259101931, 0.3180604)
(0.94206965, -0.0408604071, 0.0228198245, 0.3321361)
(0.947569847, -0.0337284468, 0.0246472917, 0.3168063)
(0.9510468, -0.0188160464, 0.0293988828, 0.307069123)
(0.946789861, -0.03074597, 0.0256064031, 0.3193554)
(0.9516871, -0.03681443, 0.02317166, 0.3039728)
(0.9465171, -0.0404611267, 0.0223289169, 0.3193267)
(0.948317051, -0.0219922047, 0.0282228924, 0.315300822)
(0.9427185, -0.0248831064, 0.027500039, 0.3315213)
(0.9481874, -0.0235520471, 0.0281159636, 0.3155872)
(0.9460125, -0.04137981, 0.0220470745, 0.32072103)
(0.94110316, -0.0335284732, 0.02464648, 0.3355492)
(0.9461832, -0.02356941, 0.02769923, 0.321581244)
(0.9513843, -0.0165942684, 0.03053694, 0.306039333)
(0.9524483, -0.03512075, 0.0248864479, 0.301644683)
(0.9468813, -0.038070716, 0.0236679018, 0.3184435)
(0.9419883, -0.02949585, 0.0267794468, 0.333273053)
(0.9470169, -0.0380736962, 0.0237432476, 0.318034053)
(0.9508183, -0.0242813826, 0.02806075, 0.3075186)
(0.9460656, -0.0332956426, 0.02531252, 0.3212638)
(0.940911651, -0.04148608, 0.0226986744, 0.335333884)
(0.945273, -0.02821812, 0.0265100989, 0.323974967)
(0.947609365, -0.0447388254, 0.0206253361, 0.315609932)
(0.950172365, -0.027418064, 0.0266979951, 0.309366941)
(0.955131948, -0.03121873, 0.0255234037, 0.2934227)
(0.949806, -0.0314148478, 0.0253381357, 0.310224921)
(0.9445117, -0.0334215127, 0.024640115, 0.325842559)
(0.950223446, -0.03432745, 0.0238876529, 0.3087497)
(0.9523529, -0.0168134961, 0.0298359357, 0.303069621)
(0.9476398, -0.02630771, 0.0268410146, 0.3171217)
(0.9421686, -0.0220599547, 0.0284385141, 0.333201)
(0.946676254, -0.0332779624, 0.0243101288, 0.3195395)
(0.9521014, -0.0283259451, 0.0256482773, 0.3033855)
