(0, 0, 0, 0)
(0.909784853, -0.0422499664, 0.1430523, 0.387353271)
(0.915600061, -0.0548154674, 0.137869537, 0.373716176)
(0.9223181, -0.05540503, 0.137720183, 0.356781)
(0.9167747, -0.0599208139, 0.135122284, 0.3710465)
(0.922916353, -0.0555197969, 0.1358605, 0.355928332)
(0.922944367, -0.07254105, 0.1286418, 0.355475426)
(0.918354034, -0.0844863355, 0.122634366, 0.366672635)
(0.921192765, -0.07001897, 0.126724735, 0.361167848)
(0.918670356, -0.0502637848, 0.131547287, 0.369071245)
(0.914252639, -0.0327658, 0.135116145, 0.380541831)
(0.9111767, -0.017162459, 0.140338883, 0.386998266)
(0.905023456, -0.0303328075, 0.132670954, 0.403002441)
(0.8997043, -0.04615481, 0.122130409, 0.416516483)
(0.903133631, -0.06758188, 0.110928245, 0.409239739)
(0.905431032, -0.08960871, 0.102496922, 0.402068555)
(0.9098577, -0.105238557, 0.096013315, 0.389698982)
(0.906152368, -0.09515897, 0.09992834, 0.3998088)
(0.9095382, -0.08590801, 0.102745086, 0.3934507)
(0.906628251, -0.105500028, 0.0948210657, 0.3973713)
(0.913153, -0.114569396, 0.0902508944, 0.380631477)
(0.91520673, -0.09762486, 0.09745291, 0.378641129)
(0.9138889, -0.08288875, 0.102870539, 0.3838676)
(0.916688561, -0.07029884, 0.107474394, 0.378403723)
(0.915115356, -0.0908898041, 0.0997304544, 0.379942924)
(0.9148675, -0.111416481, 0.0928035751, 0.376817465)
(0.9194185, -0.09789515, 0.0995094553, 0.367673635)
(0.915089, -0.114003256, 0.09353951, 0.3753208)
(0.918410242, -0.129422322, 0.08648176, 0.36372155)
(0.9139427, -0.119460672, 0.0927571058, 0.376608461)
(0.9084599, -0.11305476, 0.09815351, 0.3902373)
(0.9076826, -0.131610319, 0.09123744, 0.387900323)
(0.9130253, -0.142684, 0.08596894, 0.3723378)
(0.9196729, -0.13845402, 0.08621851, 0.357209533)
(0.9175911, -0.122212306, 0.09360677, 0.366508454)
(0.912006, -0.117459141, 0.09716068, 0.3807994)
(0.917935133, -0.123240918, 0.09396938, 0.365207583)
(0.915312946, -0.107661054, 0.101952069, 0.374455631)
(0.9104068, -0.119454816, 0.09781243, 0.3838263)
(0.9052835, -0.131712571, 0.09314982, 0.3929841)
(0.9112552, -0.119705752, 0.09715838, 0.3818962)
(0.9172802, -0.1089469, 0.10131222, 0.3694097)
(0.918858051, -0.09034516, 0.10993091, 0.36803937)
(0.9129001, -0.0964150056, 0.108333245, 0.381551474)
(0.913033366, -0.114354447, 0.100207068, 0.378485978)
(0.9171134, -0.1269955, 0.09426033, 0.365909874)
(0.9163775, -0.109641418, 0.10280785, 0.371027917)
(0.9101112, -0.113481373, 0.102749936, 0.385048181)
(0.9165991, -0.111237742, 0.102527775, 0.370081425)
(0.9105354, -0.118288405, 0.100538276, 0.383177638)
(0.9153336, -0.104457371, 0.106101036, 0.3741597)
(0.9099664, -0.09673443, 0.11073035, 0.3877403)
(0.9146659, -0.108437911, 0.104964957, 0.3749801)
(0.9179792, -0.122141652, 0.0982703343, 0.364333034)
(0.913479567, -0.110624976, 0.1042708, 0.377418756)
(0.911711931, -0.0935995057, 0.112273194, 0.3839471)
(0.914825439, -0.109101154, 0.10515219, 0.374345183)
(0.9162669, -0.126181975, 0.09749521, 0.367461115)
(0.9148244, -0.109214582, 0.105138347, 0.37431854)
(0.9207686, -0.113536514, 0.102088422, 0.358988136)
(0.9144355, -0.11742691, 0.10135562, 0.373825759)
(0.9165862, -0.0998066142, 0.10826309, 0.371735781)
(0.9115708, -0.1120846, 0.103959046, 0.381664932)
(0.9142504, -0.09483154, 0.111491695, 0.377786726)
(0.918603361, -0.107475907, 0.105525009, 0.3653508)
(0.9141699, -0.121930435, 0.09979351, 0.3734535)
(0.9091924, -0.111538664, 0.105198823, 0.3871193)
(0.9152914, -0.104779176, 0.107714862, 0.373711616)
(0.9099608, -0.0955243856, 0.112613395, 0.387510836)
(0.912882268, -0.111179054, 0.105167121, 0.378450751)
(0.9160574, -0.125441432, 0.0982339457, 0.36804)
(0.915653646, -0.107308909, 0.106450684, 0.372466654)
(0.913338959, -0.0905737355, 0.114239849, 0.38020727)
(0.9132073, -0.108664721, 0.106457911, 0.378036)
(0.91924715, -0.112759277, 0.103547052, 0.362695634)
(0.913264751, -0.10890463, 0.1063966, 0.377845317)
(0.9185544, -0.117376305, 0.102196671, 0.363368362)
(0.913310468, -0.109499507, 0.106787935, 0.3774522)
(0.9195714, -0.111361958, 0.105112441, 0.361854076)
(0.914605141, -0.102021143, 0.109924465, 0.375507325)
(0.9168873, -0.118707992, 0.102759242, 0.366969347)
(0.913581, -0.104884043, 0.109740548, 0.377261251)
(0.9179008, -0.117587954, 0.10391134, 0.364463449)
(0.9122177, -0.127231434, 0.100963488, 0.376135)
(0.9169054, -0.113438345, 0.106084771, 0.36764425)
(0.9113194, -0.105782442, 0.110486962, 0.382230043)
(0.917315364, -0.110188231, 0.107730187, 0.367131144)
(0.9111469, -0.1159663, 0.106336266, 0.3808618)
(0.91752404, -0.113055617, 0.106433079, 0.366114616)
(0.9149732, -0.09709611, 0.11353983, 0.374840051)
(0.9154032, -0.11503958, 0.10579206, 0.370959342)
(0.921665847, -0.114691183, 0.104637288, 0.355568439)
(0.9156333, -0.113144875, 0.106383786, 0.370804965)
(0.9198318, -0.0987056, 0.111796245, 0.362861156)
(0.9150622, -0.11170318, 0.107133411, 0.37243253)
(0.9152735, -0.129662052, 0.09934145, 0.368230045)
(0.9189723, -0.113521256, 0.105431147, 0.362611532)
(0.913489461, -0.124705911, 0.1017594, 0.3736715)
(0.9166394, -0.107981384, 0.108222738, 0.36932373)
(0.91332674, -0.124082044, 0.101588771, 0.37432307)
(0.9174236, -0.108893894, 0.107180543, 0.367407769)
(0.917224765, -0.12680535, 0.09976245, 0.3642342)
(0.9162857, -0.109265387, 0.107670739, 0.369984567)
(0.9133264, -0.1260486, 0.100978956, 0.37383154)
(0.918707848, -0.114441685, 0.104720034, 0.363197863)
(0.915071, -0.100355327, 0.111231118, 0.374434859)
(0.91428405, -0.118489556, 0.103591524, 0.373247623)
(0.916937232, -0.101196989, 0.110712171, 0.369767547)
(0.91735816, -0.119209, 0.102990083, 0.365562916)
(0.9231001, -0.12325234, 0.0997348949, 0.350354254)
(0.9176832, -0.1162744, 0.103887714, 0.365438282)
(0.91500777, -0.10053578, 0.11119663, 0.3745513)
(0.9194308, -0.11252927, 0.105547421, 0.361723542)
(0.9167054, -0.129779339, 0.09884302, 0.364744216)
(0.918121934, -0.111647591, 0.106267296, 0.3650949)
(0.9131096, -0.124167353, 0.101918489, 0.374734372)
(0.9171436, -0.108986445, 0.107703656, 0.3679261)
(0.913289845, -0.124904245, 0.101561442, 0.3741468)
(0.9157833, -0.107563324, 0.108669966, 0.371432245)
(0.915664732, -0.125472888, 0.101074427, 0.368237168)
(0.920013, -0.110580757, 0.106366165, 0.3606024)
(0.913702846, -0.11556115, 0.105227806, 0.3751265)
(0.9165056, -0.0989762247, 0.111894153, 0.371080667)
(0.9158574, -0.117239423, 0.10433463, 0.3695597)
(0.920396447, -0.127798215, 0.09880678, 0.3560551)
(0.9165842, -0.114795521, 0.104931168, 0.36835447)
(0.916063, -0.09673532, 0.112507664, 0.372576147)
(0.9157373, -0.114731669, 0.104712725, 0.3705366)
(0.9213153, -0.104519576, 0.107822768, 0.358647466)
(0.915270448, -0.110726252, 0.106198162, 0.372480363)
(0.9212841, -0.11355783, 0.103902, 0.3571338)
(0.9149672, -0.114953995, 0.104556844, 0.3724089)
(0.9211422, -0.109615363, 0.105700359, 0.358202457)
(0.914980054, -0.112192631, 0.105787583, 0.372871935)
(0.921121955, -0.114660688, 0.10343051, 0.35733676)
(0.9163354, -0.104555108, 0.108436696, 0.370997429)
(0.9203219, -0.117420621, 0.10238526, 0.358799726)
(0.9147683, -0.110794641, 0.106422283, 0.373627841)
(0.9203674, -0.116932467, 0.10290277, 0.358694077)
(0.9154505, -0.107070938, 0.107992776, 0.3725905)
(0.9154565, -0.1250587, 0.100262545, 0.369116873)
(0.919123054, -0.10879311, 0.1064533, 0.363379449)
(0.916433752, -0.126096889, 0.09954765, 0.366522878)
(0.916826665, -0.1081288, 0.107208841, 0.369111627)
(0.9162103, -0.126531318, 0.09952613, 0.3669372)
(0.91965723, -0.110381491, 0.105656944, 0.361777574)
(0.9141661, -0.121596254, 0.101971976, 0.372983277)
(0.917203367, -0.104911864, 0.108670443, 0.3686764)
(0.916914, -0.1229839, 0.100985341, 0.365985841)
(0.9193202, -0.105349511, 0.107761212, 0.363509625)
(0.9146223, -0.118866958, 0.102904126, 0.3724883)
(0.9181416, -0.102920622, 0.1091512, 0.366754919)
(0.918333948, -0.121065773, 0.101541415, 0.36289832)
(0.9156534, -0.105493583, 0.1086705, 0.372344822)
(0.917326331, -0.122317687, 0.101128481, 0.365135252)
(0.9172628, -0.104262114, 0.10881909, 0.368669152)
(0.91119653, -0.112074271, 0.106473729, 0.3818685)
(0.917385459, -0.115567565, 0.103718549, 0.366456747)
(0.919577062, -0.131585956, 0.09637251, 0.357457072)
(0.918097556, -0.114637621, 0.103836045, 0.3649291)
(0.9163558, -0.09756427, 0.111301154, 0.372001946)
(0.9188076, -0.113726564, 0.104135267, 0.363338321)
(0.91411376, -0.1028524, 0.10958118, 0.376575738)
(0.9178518, -0.116467029, 0.1031763, 0.36515522)
(0.923758447, -0.110563785, 0.104451604, 0.3514769)
(0.917608, -0.109488122, 0.106123239, 0.367077351)
(0.9140779, -0.125621051, 0.100054376, 0.37238434)
(0.9201435, -0.117599428, 0.102234639, 0.3592414)
(0.914160669, -0.11322739, 0.105308, 0.374699771)
(0.919922054, -0.105092295, 0.107905664, 0.362015724)
(0.9147674, -0.117110193, 0.103911631, 0.372408569)
(0.9194746, -0.12731047, 0.09867371, 0.3586391)
(0.91670233, -0.112237595, 0.105745807, 0.368615568)
(0.9204275, -0.09707604, 0.111516975, 0.361874849)
(0.916496634, -0.11221201, 0.105836444, 0.369108379)
(0.9193361, -0.127441585, 0.0988315344, 0.358904153)
(0.916856468, -0.111945309, 0.106048763, 0.36823377)
(0.92287, -0.113789819, 0.10399688, 0.3529131)
(0.9167947, -0.110952012, 0.106233887, 0.3686344)
(0.9161473, -0.128961429, 0.09865579, 0.366483569)
(0.91932106, -0.112167485, 0.105054438, 0.362257928)
(0.917923748, -0.1301821, 0.09768436, 0.3618376)
(0.919215858, -0.111907177, 0.105151512, 0.362576962)
(0.915949345, -0.128450245, 0.09886361, 0.367101341)
(0.918684542, -0.111134872, 0.105665982, 0.364008784)
(0.9146102, -0.126523077, 0.0998078957, 0.370834917)
(0.917935669, -0.109978773, 0.106126823, 0.366109222)
(0.9168304, -0.127951965, 0.0986902, 0.365117133)
(0.9197493, -0.110777132, 0.1053364, 0.3615159)
(0.9139305, -0.120041139, 0.102376036, 0.3739523)
(0.9201931, -0.115892507, 0.102674022, 0.3595435)
(0.9140047, -0.121234708, 0.101650611, 0.3735838)
(0.9197879, -0.112011351, 0.104538478, 0.361269385)
(0.919048369, -0.13027145, 0.09700951, 0.3591221)
(0.917859256, -0.11300303, 0.104500622, 0.365847439)
(0.9167474, -0.130898371, 0.0970170349, 0.364729553)
(0.9195107, -0.113401957, 0.103804439, 0.361752272)
(0.9150846, -0.101483814, 0.109535486, 0.37459746)
(0.9175252, -0.117405027, 0.102425843, 0.365886033)
(0.923435569, -0.110248446, 0.104251988, 0.352481931)
(0.917147636, -0.112055048, 0.104613885, 0.367885768)
(0.921248257, -0.123877972, 0.09872516, 0.355259418)
(0.9169324, -0.112492166, 0.10440582, 0.3683476)
(0.922263145, -0.119996637, 0.100147292, 0.353556216)
(0.917122245, -0.111923754, 0.104536623, 0.368010879)
(0.922432661, -0.119557649, 0.100191705, 0.35325)
(0.9168859, -0.113363408, 0.103712641, 0.3683922)
(0.922896266, -0.116073817, 0.10129723, 0.352885485)
(0.917098761, -0.11150258, 0.104468815, 0.3682165)
(0.922873437, -0.115600146, 0.101688929, 0.352987975)
(0.916822255, -0.112460963, 0.10408897, 0.3687207)
(0.923018, -0.111682057, 0.103391431, 0.353376478)
(0.917007, -0.109095022, 0.105734207, 0.368804365)
(0.919583559, -0.124428526, 0.09869018, 0.35936597)
(0.914950848, -0.113598809, 0.1042705, 0.372944832)
(0.9212056, -0.11089389, 0.104380764, 0.3580328)
(0.9158167, -0.102238, 0.108918004, 0.372778624)
(0.9186902, -0.117197663, 0.101972245, 0.363145262)
(0.9125488, -0.114482537, 0.104290448, 0.378512651)
(0.918975, -0.111639343, 0.104379378, 0.363492131)
(0.9248919, -0.113381468, 0.102594115, 0.348129541)
(0.9191841, -0.108178996, 0.105711512, 0.3636249)
(0.9146073, -0.122058526, 0.100552574, 0.372134984)
(0.920618832, -0.113893539, 0.102774411, 0.359063476)
(0.914983153, -0.10754817, 0.106501296, 0.374027759)
(0.921003938, -0.110902451, 0.103982389, 0.358664036)
(0.914742351, -0.114848055, 0.10339836, 0.373316258)
(0.9209467, -0.110070951, 0.104229376, 0.358995467)
(0.914707363, -0.116048813, 0.102982938, 0.3731456)
(0.9202408, -0.1061594, 0.106258452, 0.361381024)
(0.9146119, -0.116582446, 0.102974638, 0.373215616)
(0.920860052, -0.116690218, 0.101738207, 0.357839823)
(0.9147014, -0.121121667, 0.101114295, 0.372057647)
(0.9195718, -0.107805587, 0.105737887, 0.3627467)
(0.9152483, -0.09535751, 0.111460894, 0.375238627)
(0.918540061, -0.110124521, 0.104706749, 0.3649566)
(0.9162974, -0.127648056, 0.0977613851, 0.366807461)
(0.9201292, -0.111848094, 0.10367059, 0.360700339)
(0.9150523, -0.124682084, 0.09928128, 0.370509028)
(0.918224931, -0.10804148, 0.105794169, 0.366056919)
(0.9160154, -0.125566825, 0.0987138748, 0.3679733)
(0.919723749, -0.109499432, 0.104797736, 0.3621263)
(0.9199623, -0.1273039, 0.09733117, 0.357756466)
(0.9191706, -0.109695427, 0.104887791, 0.363443077)
(0.912831, -0.109941594, 0.105878495, 0.37873742)
(0.918796, -0.114659317, 0.102844693, 0.3634419)
(0.9219721, -0.09811843, 0.1091714, 0.358359933)
(0.9173966, -0.111694425, 0.104296573, 0.3674645)
(0.9231314, -0.116466045, 0.101151787, 0.3521824)
(0.917072535, -0.115354382, 0.102876492, 0.367542922)
(0.9226918, -0.10579443, 0.1057546, 0.355335534)
(0.9165191, -0.1084795, 0.105674952, 0.370213062)
(0.9226996, -0.105189413, 0.105837487, 0.3554702)
(0.9169493, -0.113358214, 0.103359431, 0.368335277)
(0.923089445, -0.114670686, 0.101575486, 0.352759033)
(0.9171303, -0.11138095, 0.104097784, 0.368279845)
(0.922694147, -0.102433287, 0.106889613, 0.355973959)
(0.91667366, -0.109070376, 0.105201006, 0.369791657)
(0.9224168, -0.114332065, 0.101981081, 0.3545072)
(0.916324854, -0.117939278, 0.1017438, 0.368899971)
(0.9223904, -0.111800335, 0.103153676, 0.355043471)
(0.9171271, -0.103588521, 0.107476786, 0.369589329)
(0.918246269, -0.121080175, 0.09988725, 0.363573849)
(0.9217441, -0.104778081, 0.105992377, 0.3580154)
(0.9204977, -0.122826189, 0.09872227, 0.3575632)
(0.91948247, -0.105261788, 0.106181629, 0.363589525)
(0.91359514, -0.113582216, 0.103638291, 0.376433372)
(0.919973135, -0.114023924, 0.102268517, 0.360817432)
(0.924726069, -0.123432055, 0.09732884, 0.3466603)
(0.920752347, -0.110934153, 0.1032696, 0.359505475)
(0.9168637, -0.09755658, 0.10953588, 0.3712755)
(0.9195524, -0.113331422, 0.102566533, 0.362021565)
(0.918852568, -0.131494209, 0.09507657, 0.359694)
(0.920464635, -0.113366753, 0.102363825, 0.3597424)
(0.9182784, -0.09687004, 0.109602354, 0.367924452)
(0.919743836, -0.114184134, 0.102224246, 0.361363381)
(0.9135183, -0.112619944, 0.10402111, 0.37680307)
(0.9198253, -0.109170258, 0.104417615, 0.362077862)
(0.922701538, -0.09244558, 0.1109244, 0.35745123)
(0.919232666, -0.108460419, 0.1049645, 0.363634557)
(0.916423142, -0.125604168, 0.09814152, 0.3670975)
(0.91912806, -0.108183108, 0.10504178, 0.363959223)
(0.924935937, -0.100559525, 0.107344858, 0.350511581)
(0.919116735, -0.108266838, 0.105172165, 0.3639254)
(0.914366961, -0.121987395, 0.100065805, 0.372879148)
(0.919976234, -0.111414954, 0.103335284, 0.361319929)
(0.9260409, -0.106893659, 0.104098342, 0.3466778)
(0.9202001, -0.103332482, 0.106602572, 0.362201542)
(0.9170884, -0.120146662, 0.100078583, 0.366739631)
(0.9175155, -0.101917483, 0.107756242, 0.369007558)
(0.920698, -0.116575643, 0.1011039, 0.35847348)
(0.9207074, -0.0984113738, 0.10861963, 0.3616832)
(0.91745013, -0.11487975, 0.102238268, 0.366926521)
(0.9201666, -0.129991189, 0.0952521861, 0.3568232)
(0.9222135, -0.111893751, 0.10242027, 0.355685622)
(0.919234931, -0.09660443, 0.109237835, 0.365707427)
(0.917858, -0.114977, 0.10173896, 0.366013765)
(0.9229283, -0.102834389, 0.105886392, 0.355551064)
(0.9208588, -0.120435134, 0.0991266, 0.35733518)
(0.9180995, -0.104988679, 0.106088631, 0.367172629)
(0.9203329, -0.121045172, 0.09895737, 0.358528823)
