(0, 0, 0, 0)
(0.9195255, 0.09973517, -0.229501575, 0.3030754)
(0.913769662, 0.101283759, -0.229540452, 0.319496036)
(0.9122936, 0.0833702758, -0.2361671, 0.324029)
(0.91519165, 0.100259811, -0.230247542, 0.315211445)
(0.916658163, 0.0826658458, -0.23625347, 0.3115902)
(0.9156867, 0.101150282, -0.229785755, 0.313823074)
(0.9169887, 0.08353974, -0.235639185, 0.3108489)
(0.914245844, 0.0997597948, -0.230065614, 0.3182332)
(0.915956855, 0.08264231, -0.235866815, 0.313942879)
(0.9167239, 0.101472095, -0.228958592, 0.311285347)
(0.9128463, 0.0881994739, -0.233357266, 0.323228568)
(0.914878547, 0.106016, -0.226828679, 0.316712052)
(0.9173832, 0.121497467, -0.220930308, 0.307955056)
(0.9140339, 0.106009737, -0.2269705, 0.3190429)
(0.9088627, 0.09695799, -0.231069878, 0.333428144)
(0.903438151, 0.104693882, -0.229041964, 0.346956164)
(0.903479457, 0.0861716345, -0.236882836, 0.346678376)
(0.904804945, 0.104288429, -0.230879441, 0.342267)
(0.9108249, 0.101292029, -0.232839972, 0.3254587)
(0.9070646, 0.0858809352, -0.2403777, 0.3347788)
(0.9023405, 0.07197713, -0.248610064, 0.34466517)
(0.905251563, 0.08781686, -0.2474284, 0.334046543)
(0.90462, 0.06810429, -0.2599218, 0.3308551)
(0.908374548, 0.0801681057, -0.2606633, 0.316991359)
(0.9128407, 0.08875427, -0.261532843, 0.300740778)
(0.917381167, 0.09349638, -0.263460219, 0.283299983)
(0.921375036, 0.0850305855, -0.2696954, 0.266650259)
(0.915713847, 0.0725761652, -0.277856827, 0.281062931)
(0.9115687, 0.0801033452, -0.279157251, 0.291027635)
(0.9154032, 0.0929761752, -0.274729848, 0.2791344)
(0.9232709, 0.09468468, -0.271773666, 0.254449934)
(0.9296309, 0.09110839, -0.270354748, 0.233225167)
(0.9265946, 0.07378622, -0.2753585, 0.245266646)
(0.9212673, 0.068684034, -0.278387964, 0.262771964)
(0.916610241, 0.060938444, -0.2815436, 0.277210265)
(0.9154771, 0.04004733, -0.288049757, 0.278074)
(0.919821143, 0.03739326, -0.29074958, 0.260759383)
(0.9148513, 0.0406546071, -0.290385246, 0.277616084)
(0.910827041, 0.04871873, -0.287783265, 0.291892648)
(0.9158093, 0.05959265, -0.284818739, 0.276803583)
(0.921028256, 0.0544357, -0.2864227, 0.258274466)
(0.921782136, 0.03466756, -0.2916547, 0.2530875)
(0.917506337, 0.0252557769, -0.292780727, 0.2679993)
(0.921034634, 0.0419387519, -0.287255764, 0.259654552)
(0.91803, 0.050396096, -0.2827183, 0.273407221)
(0.9135618, 0.042593535, -0.283891469, 0.2880909)
(0.9175344, 0.03233016, -0.28751424, 0.2728021)
(0.920340836, 0.01926914, -0.291307658, 0.26027137)
(0.9214675, 0.0396032743, -0.284744, 0.261247247)
(0.921958, 0.059605293, -0.278247565, 0.262714773)
(0.9171372, 0.0531743728, -0.279559731, 0.279066533)
(0.920403361, 0.04260006, -0.28358984, 0.265743881)
(0.9154866, 0.0328705944, -0.28605172, 0.2810308)
(0.9202903, 0.0379378423, -0.285646468, 0.2646366)
(0.918190956, 0.0197778344, -0.290222943, 0.2688955)
(0.921465039, 0.0373545364, -0.2857591, 0.2604773)
(0.9234949, 0.05597695, -0.28102687, 0.25504455)
(0.9188845, 0.0451971255, -0.283918679, 0.270182639)
(0.9166226, 0.0265306067, -0.289269924, 0.2746308)
(0.919366658, 0.04467585, -0.2846004, 0.2679021)
(0.922575355, 0.061337512, -0.2801369, 0.258100152)
(0.9267854, 0.0546385832, -0.282349169, 0.241583228)
(0.922042251, 0.04864519, -0.283875436, 0.258624017)
(0.917156, 0.0463710837, -0.283810079, 0.275910169)
(0.9202365, 0.03352053, -0.2876406, 0.2632566)
(0.9208021, 0.0527421124, -0.2819644, 0.264268428)
(0.918441951, 0.03477929, -0.286588222, 0.270410746)
(0.9215714, 0.051664222, -0.282395124, 0.2613237)
(0.9232194, 0.03544765, -0.287239373, 0.252790332)
(0.918339431, 0.0304524284, -0.288036883, 0.269740731)
(0.9171529, 0.04831734, -0.2826618, 0.276763767)
(0.9218286, 0.0595319346, -0.279758066, 0.2615788)
(0.9256924, 0.0503809564, -0.282626539, 0.246328071)
(0.9207666, 0.0442724079, -0.2840958, 0.2636633)
(0.9162537, 0.0499017872, -0.2819016, 0.280214965)
(0.9201607, 0.04002404, -0.2848316, 0.265656561)
(0.924808741, 0.03886508, -0.285577834, 0.248321682)
(0.92112416, 0.0486696474, -0.2826794, 0.263161123)
(0.9159639, 0.0466493, -0.282909542, 0.280706435)
(0.9204234, 0.05761429, -0.2802878, 0.266345948)
(0.916354239, 0.06618663, -0.277310848, 0.281092256)
(0.92094, 0.0594806932, -0.279438823, 0.265038878)
(0.9252228, 0.0529699437, -0.2814973, 0.248829842)
(0.9217624, 0.0372993574, -0.2853592, 0.259870857)
(0.9169386, 0.0347608551, -0.2850414, 0.277068019)
(0.9218695, 0.04330273, -0.282904327, 0.261240274)
(0.9220048, 0.02443903, -0.287700444, 0.257950127)
(0.923595667, 0.0438011736, -0.282599449, 0.25532344)
(0.9188651, 0.0396818332, -0.2831264, 0.271940678)
(0.9232535, 0.0522248149, -0.27998054, 0.257849783)
(0.922030151, 0.03334039, -0.284786284, 0.260087848)
(0.9200631, 0.04871616, -0.279848784, 0.2698059)
(0.923532844, 0.06518701, -0.2751452, 0.2591)
(0.927628338, 0.05655235, -0.277782321, 0.243196592)
(0.9245163, 0.0405044258, -0.281858146, 0.253347367)
(0.920043349, 0.04213655, -0.280337, 0.2704736)
(0.924890339, 0.049772393, -0.278508037, 0.2540351)
(0.92234844, 0.03205311, -0.28348285, 0.260544449)
(0.919337034, 0.0462460034, -0.279830843, 0.2727185)
(0.9182218, 0.06480913, -0.274509251, 0.278052539)
(0.9225212, 0.0568727963, -0.276959777, 0.2627044)
(0.92667985, 0.06848396, -0.274, 0.24798876)
(0.923714757, 0.05203692, -0.278727025, 0.257593572)
(0.921988249, 0.0328082144, -0.28423208, 0.2609089)
(0.9176577, 0.0385478, -0.281978667, 0.27732)
(0.920871258, 0.0558642, -0.2769777, 0.268623948)
(0.9257817, 0.06150776, -0.27556473, 0.251413941)
(0.926302135, 0.0428660177, -0.280777454, 0.247569725)
(0.9213863, 0.03819, -0.2816585, 0.265061021)
(0.9163921, 0.0337923132, -0.282002866, 0.282060057)
(0.9210868, 0.0470866151, -0.278218329, 0.268284231)
(0.9255429, 0.0587998331, -0.275039762, 0.2535076)
(0.9292527, 0.05054536, -0.277646542, 0.238426074)
(0.924436033, 0.0479409173, -0.27809155, 0.2564857)
(0.91951704, 0.04662198, -0.277804822, 0.2741154)
(0.921962261, 0.06477576, -0.272420228, 0.267538279)
(0.925731838, 0.05396269, -0.2755752, 0.253311664)
(0.921635449, 0.0411531851, -0.278924048, 0.2666383)
(0.92372036, 0.0592579581, -0.274192721, 0.26085937)
(0.9214589, 0.0410786234, -0.278859258, 0.267326623)
(0.9250988, 0.05610916, -0.274870962, 0.255910039)
(0.9222187, 0.03905067, -0.2793195, 0.264515638)
(0.9254935, 0.0540840663, -0.276054382, 0.25363487)
(0.9210168, 0.0448838621, -0.278422922, 0.2686898)
(0.9244374, 0.0609385669, -0.274300456, 0.2578005)
(0.9289926, 0.0663125, -0.2731646, 0.240741387)
(0.924497664, 0.05805597, -0.275498778, 0.2569709)
(0.921932757, 0.04048332, -0.280289948, 0.264270276)
(0.9176615, 0.04660403, -0.277694076, 0.280377477)
(0.9225418, 0.05658126, -0.2750052, 0.264739871)
(0.9273113, 0.060382735, -0.2743809, 0.247310862)
(0.923586249, 0.04602215, -0.278353125, 0.2595957)
(0.91858685, 0.0470326021, -0.277694046, 0.2772582)
(0.921859145, 0.0358523168, -0.2812485, 0.2641772)
(0.9205506, 0.0528791249, -0.275853783, 0.271468461)
(0.925207, 0.06194111, -0.27362147, 0.25551194)
(0.9245222, 0.0426282324, -0.2791699, 0.255940676)
(0.9198752, 0.0467332453, -0.277803659, 0.272892952)
(0.924369156, 0.0437146053, -0.279167056, 0.256313384)
(0.921512, 0.0568203479, -0.274904132, 0.268356)
(0.926042438, 0.0533082858, -0.2761771, 0.251654148)
(0.9212914, 0.054547105, -0.275595337, 0.268875569)
(0.925109148, 0.0459184125, -0.2784795, 0.253995448)
(0.9207266, 0.0496088043, -0.276596516, 0.2707322)
(0.925484538, 0.05782555, -0.2744322, 0.254600883)
(0.922620535, 0.04093945, -0.2787486, 0.26342836)
(0.924385667, 0.05954631, -0.274025053, 0.258603)
(0.9200407, 0.0479885563, -0.276990026, 0.2729446)
(0.923813164, 0.06263653, -0.272925377, 0.26107043)
(0.9265613, 0.0484437719, -0.2767473, 0.250096738)
(0.921852052, 0.0510577932, -0.275593221, 0.267638147)
(0.916820943, 0.0448058657, -0.2768237, 0.284254342)
(0.921914041, 0.0509268828, -0.275385171, 0.267663836)
(0.9268056, 0.05457338, -0.274559736, 0.2503401)
(0.9221398, 0.04641184, -0.276293218, 0.2667698)
(0.9185737, 0.0582048073, -0.272518277, 0.2803004)
(0.9199526, 0.0408341847, -0.2775288, 0.273857147)
(0.9248796, 0.0453325137, -0.2767289, 0.2568342)
(0.925180256, 0.06460354, -0.271547973, 0.2571567)
(0.922017455, 0.0481688119, -0.275978655, 0.26720655)
(0.917785645, 0.0353017, -0.279044539, 0.280280977)
(0.922406733, 0.0457980037, -0.2767547, 0.265471816)
(0.925153, 0.06277713, -0.2724787, 0.2567221)
(0.9224704, 0.0453407653, -0.2772804, 0.2647795)
(0.924881, 0.062896125, -0.272687525, 0.257450432)
(0.9218101, 0.04656424, -0.276955068, 0.267196417)
(0.9222308, 0.06580197, -0.271384835, 0.267415076)
(0.9213524, 0.0467981957, -0.276700139, 0.268991917)
(0.9256702, 0.0571764745, -0.2743366, 0.2541751)
(0.9221561, 0.041763708, -0.278449118, 0.26523602)
(0.917845249, 0.049153924, -0.2758947, 0.28111577)
(0.9222966, 0.0435490273, -0.277954727, 0.264978647)
(0.9240114, 0.0623748526, -0.272770762, 0.2605922)
(0.923289359, 0.0431259759, -0.278136641, 0.261375338)
(0.9229302, 0.0619243, -0.273099244, 0.264163077)
(0.922437, 0.0430389233, -0.278482646, 0.264016777)
(0.9194028, 0.0562535, -0.274284333, 0.276228458)
(0.924375534, 0.059183374, -0.27381897, 0.258940935)
(0.926903546, 0.0448557623, -0.2779544, 0.248151332)
(0.9223502, 0.0480212532, -0.276652783, 0.2653813)
(0.9178719, 0.03611024, -0.279440165, 0.279500484)
(0.9215027, 0.0517554171, -0.275265932, 0.269040316)
(0.920613348, 0.0326995775, -0.280527949, 0.269640356)
(0.9231107, 0.0507338457, -0.275937349, 0.262966126)
(0.925305545, 0.06839561, -0.2714601, 0.255814731)
(0.92300427, 0.0503534451, -0.276385844, 0.2629422)
(0.9230496, 0.03153012, -0.281603962, 0.260162383)
(0.9224875, 0.0501335, -0.276483029, 0.2646896)
(0.9183008, 0.03602873, -0.280160069, 0.277373433)
(0.9205492, 0.0544623, -0.275316417, 0.2717053)
(0.9182458, 0.03639199, -0.28042534, 0.277239859)
(0.9220186, 0.0517408028, -0.276422739, 0.2660731)
(0.9266709, 0.05132504, -0.277002215, 0.248830661)
(0.9219671, 0.0470915474, -0.277646154, 0.265841365)
(0.9171495, 0.049348332, -0.276351959, 0.2828976)
(0.9217057, 0.043878857, -0.278339565, 0.266571462)
(0.9221773, 0.06299598, -0.272792876, 0.26684162)
(0.9245301, 0.0475183353, -0.277282536, 0.257100224)
(0.9195967, 0.0434221253, -0.277931869, 0.274244964)
(0.922067761, 0.0295911934, -0.282346338, 0.263051152)
(0.9209101, 0.04660462, -0.277184546, 0.270039558)
(0.9237334, 0.06369879, -0.27262643, 0.2614072)
(0.922859669, 0.0444424152, -0.278156, 0.2626485)
(0.920623839, 0.06017466, -0.2736182, 0.27196297)
(0.922113, 0.04312935, -0.2786036, 0.265004843)
(0.9216654, 0.0616822354, -0.273086578, 0.268611342)
(0.921900332, 0.0428233147, -0.278286129, 0.266125351)
(0.918304, 0.0534343049, -0.2747362, 0.2799689)
(0.921982646, 0.04309813, -0.278254, 0.265829682)
(0.92489326, 0.0598406866, -0.273962915, 0.25677973)
(0.920669436, 0.048093725, -0.276869476, 0.270920962)
(0.924752831, 0.04097521, -0.279301, 0.255233645)
(0.920472264, 0.0475401469, -0.277134567, 0.271416783)
(0.924284756, 0.0401277468, -0.279991478, 0.256305128)
(0.9202724, 0.04742165, -0.277402043, 0.271841854)
(0.924607337, 0.0418195352, -0.279351354, 0.255568653)
(0.9220251, 0.0559172928, -0.275050372, 0.266627759)
(0.923638344, 0.039118994, -0.279932052, 0.2588435)
(0.920078754, 0.0496656336, -0.276555538, 0.272956938)
(0.9218537, 0.0337269939, -0.2813792, 0.264336884)
(0.919248939, 0.04801391, -0.2768153, 0.2757705)
(0.923556, 0.042033527, -0.278905183, 0.259787351)
(0.920379162, 0.05423374, -0.27494204, 0.2727046)
(0.922956049, 0.0398665443, -0.279222369, 0.261911541)
(0.9182025, 0.041303277, -0.278150678, 0.2789812)
(0.922193944, 0.05447723, -0.274861068, 0.2665372)
(0.922505558, 0.07293404, -0.269658446, 0.266361535)
(0.923928559, 0.054595165, -0.2749723, 0.2603183)
(0.91948545, 0.0428686067, -0.2778594, 0.2747778)
(0.924363136, 0.04652843, -0.277361453, 0.257795751)
(0.9200711, 0.0354304351, -0.27973783, 0.271957129)
(0.924795449, 0.0434962362, -0.278151, 0.255916923)
(0.9202359, 0.03394706, -0.280103862, 0.271211177)
(0.9225353, 0.0524127744, -0.275029242, 0.265594453)
(0.9196625, 0.0355397165, -0.2792636, 0.273805916)
(0.923628747, 0.0502150431, -0.275423944, 0.261782557)
(0.91881156, 0.04640877, -0.275931031, 0.2783769)
(0.923695445, 0.0534527041, -0.274427235, 0.261952639)
(0.9204895, 0.0374263227, -0.278453946, 0.271591336)
(0.925309062, 0.04294752, -0.277524024, 0.2548317)
(0.9205513, 0.0418385342, -0.277119249, 0.2721028)
(0.9208766, 0.06114264, -0.2714687, 0.2730433)
(0.92098856, 0.0423480645, -0.276898474, 0.270765781)
(0.9258534, 0.04581349, -0.276648045, 0.25330323)
(0.9210926, 0.04365179, -0.27678892, 0.270315915)
(0.92474854, 0.03609993, -0.279765, 0.255477041)
(0.9199892, 0.0405208, -0.2784406, 0.2728528)
(0.920092762, 0.05991675, -0.2732194, 0.274208754)
(0.923184, 0.0469411165, -0.277405024, 0.2618669)
(0.9270192, 0.0400017351, -0.2799663, 0.246280789)
(0.9229227, 0.0465935431, -0.277813137, 0.262417078)
(0.920463562, 0.06151065, -0.273257047, 0.2725689)
(0.9235296, 0.04825468, -0.277348369, 0.2604659)
(0.922897041, 0.029123012, -0.282882631, 0.2595964)
(0.920415759, 0.0434456542, -0.278664082, 0.27072823)
(0.92418313, 0.03510032, -0.281537622, 0.255715)
(0.921679, 0.04891501, -0.277247816, 0.26692462)
(0.9260596, 0.0588056333, -0.2748706, 0.2517969)
(0.922785163, 0.0428714827, -0.278860539, 0.262423962)
(0.9179232, 0.0370281674, -0.27967754, 0.2789739)
(0.922850966, 0.0433528721, -0.278380126, 0.262623459)
(0.917976737, 0.037228357, -0.279567033, 0.278881937)
(0.922677636, 0.0460828133, -0.27796483, 0.26320678)
(0.9268378, 0.0564408675, -0.27580747, 0.248428047)
(0.9224941, 0.04573495, -0.278314918, 0.263540626)
(0.917581439, 0.0395351835, -0.279182166, 0.28024745)
(0.922198832, 0.05048967, -0.276310176, 0.265806)
(0.921868, 0.0315237045, -0.281646639, 0.264273822)
(0.923303246, 0.0506272428, -0.276894659, 0.261299521)
(0.9216178, 0.0316729024, -0.282375544, 0.264351338)
(0.9196081, 0.0482356139, -0.277671367, 0.273665875)
(0.9228703, 0.0378411077, -0.281312227, 0.2602729)
(0.920506358, 0.05333088, -0.276921332, 0.270441)
(0.9249306, 0.049924, -0.278447866, 0.253925025)
(0.920764446, 0.0561876968, -0.276189, 0.269731969)
(0.923076153, 0.0407240354, -0.280649662, 0.259822428)
(0.9192773, 0.0501606949, -0.277537346, 0.27456525)
(0.9205739, 0.0330793373, -0.282696337, 0.267454982)
(0.919323146, 0.05026692, -0.277537316, 0.2743924)
(0.9236813, 0.0437351726, -0.2796653, 0.258238882)
(0.92031765, 0.0548033565, -0.2761526, 0.2715728)
(0.921431541, 0.03718615, -0.281382978, 0.265339077)
(0.9237311, 0.0551734, -0.2769012, 0.2588484)
(0.9197877, 0.041131217, -0.280559927, 0.2712651)
(0.922047, 0.0593593568, -0.2754581, 0.2653837)
(0.9243413, 0.0433181226, -0.2797216, 0.255875856)
(0.9200891, 0.0483988151, -0.277650863, 0.272036076)
(0.922337234, 0.033886198, -0.282282174, 0.261653572)
(0.9191954, 0.0466047935, -0.278410971, 0.2745818)
(0.923669755, 0.04281389, -0.280100524, 0.257962674)
(0.9202065, 0.05345541, -0.2768084, 0.2715505)
(0.924693942, 0.0499448366, -0.278466761, 0.2547604)
(0.920300066, 0.0386938751, -0.281162, 0.26925528)
