-10,-4,8,3,2,0,1,0
21,3,-3,-2,8,-3,0,4
3,5,7,5,5,2,1,-1
-35,-12,-1,-6,-10,-5,-2,-6
1,5,-5,2,6,1,-4,-5
10,10,-4,-3,1,-1,-2,-1
7,-1,-4,-20,-12,-1,-2,1
-1,-6,6,7,-7,4,-1,-1
-13,-15,-1,13,19,-5,-5,-3
16,4,-13,-8,-12,-1,-4,1
-10,2,2,-17,-13,-4,-1,-4
-3,-1,-1,9,3,2,-2,4
18,11,4,6,11,3,2,-2
-30,-13,-5,9,-4,-3,2,-1
14,0,-4,-1,-1,-1,-1,0
-10,1,0,-14,-37,-1,-2,2
-3,-7,-8,-5,35,0,-1,-3
3,-7,2,-8,-8,-3,-2,-1
6,0,4,15,2,-1,3,0
1,0,-6,-3,-2,-3,0,-4
2,8,18,-11,-8,0,-1,1
3,-6,5,13,-13,1,3,3
-8,-5,6,6,15,5,2,0
3,-5,-11,-3,0,-6,-3,-5
-14,-1,-4,-7,-2,-1,0,-1
-1,-1,-4,-11,5,-2,-4,-3
12,7,-1,0,-8,-1,-2,4
11,2,1,1,0,-2,-2,0
-10,1,-1,1,15,3,0,-3
-14,1,16,10,0,-1,3,2
9,-2,-7,4,3,-1,-2,-1
-5,-2,-2,-18,-3,-2,-3,-5
-1,-5,-12,-17,-34,-5,-2,2
10,0,2,27,52,8,4,3
-20,-2,3,4,-6,-3,-3,-6
9,8,2,-8,19,-1,2,4
-1,-3,-1,-2,-25,-2,-3,-2
8,-3,-14,-9,-17,-2,-2,-1
-23,0,10,-13,21,6,-3,-3
6,4,12,17,-9,-2,0,1
-4,-5,-4,0,5,0,0,0
7,2,0,-10,-12,-1,-2,0
8,-3,-10,-2,8,-3,0,3
-5,5,-3,-7,-2,-2,-4,-3
-17,-9,1,0,4,1,-1,-4
-29,-11,0,15,9,-3,-2,-4
5,-4,-6,0,-16,-3,1,2
12,6,10,-9,7,3,5,7
2,-3,-3,-6,2,-3,-5,-6
-17,0,2,3,-20,-3,-1,-8
4,3,-5,5,11,0,-1,-1
19,1,-3,-7,-24,2,3,2
-20,4,1,18,62,5,16,1
2,-8,0,-8,-9,-8,-19,1
10,2,2,4,-13,-7,-12,1
-19,-2,-11,-19,-4,19,8,-11
8,-9,-3,-3,-29,-8,37,-8
19,2,2,4,11,-8,-68,-2
-22,-7,-2,0,-9,-4,12,0
-2,-5,6,7,3,-3,-6,2
18,5,-2,-4,-10,3,-11,-4
-21,-4,-6,-14,-2,4,24,-1
20,3,-1,0,-7,0,-6,3
-6,-2,-14,-1,7,-5,-9,-4
-12,-3,5,9,7,-1,-3,3
17,5,1,-2,-19,-2,13,-1
-7,-2,-1,-8,11,1,-2,0
-2,-2,1,5,13,-3,13,-3
12,3,-1,-3,-20,-7,-22,6
-15,-8,-4,-11,-6,0,22,-3
4,3,4,-3,-39,4,-19,-1
-2,-6,6,10,39,-1,-10,-4
15,4,-7,14,41,1,-4,12
-14,29,3,-10,-3,13,41,-2
-14,-46,-20,-21,-16,-37,-59,-14
12,1,8,24,-25,-20,84,-21
20,12,-3,2,2,-3,-17,11
-25,-3,4,6,1,13,30,-5
17,11,0,-11,12,8,6,9
4,5,-6,-15,-3,2,-13,16
-4,-10,1,4,-20,-13,-56,-15
17,-1,-3,3,5,2,92,28
-5,4,-1,1,5,10,72,4
7,-7,-1,-5,3,-2,-128,5
-24,7,-3,-4,-10,3,15,-6
7,-11,-6,-5,0,-3,33,-15
7,5,6,8,2,-2,-58,-15
-20,-8,-7,0,-7,-16,31,14
20,0,2,-7,-8,14,-23,-13
-41,-13,-1,-2,-3,-11,-116,-21
-9,-2,1,5,9,0,127,-1
-2,6,3,0,-1,8,17,11
-51,-8,1,-8,-8,-17,78,15
63,5,-3,-1,0,3,-105,16
-102,3,6,6,7,1,-68,-43
76,-7,-9,-1,-1,4,71,22
-21,8,-2,-8,-6,0,-18,-16
72,17,-3,5,12,-8,82,26
-61,3,1,-2,1,-4,-49,-27
-63,-8,1,3,-3,-10,-52,26
64,1,-2,-9,1,48,60,3
76,-9,2,-3,-6,-32,66,-38
63,24,-3,3,6,3,-3,47
-82,-28,-8,-15,-16,5,24,-73
-13,-21,-2,-2,3,-9,25,15
-116,-24,7,3,-5,2,16,-13
64,28,1,-15,0,8,-41,-28
127,-3,-11,7,-5,-35,-24,-11
29,-9,-7,-6,-2,33,61,36
27,3,9,0,5,18,-78,-6
24,62,0,1,1,-10,26,12
-115,-79,-7,-11,1,12,-24,43
1,3,-15,-1,-9,-27,-39,-60
-65,2,6,11,5,10,51,34
13,4,8,6,-1,0,22,11
-34,35,6,2,3,4,26,26
38,-6,5,-5,-4,-7,6,-42
63,-14,-5,-14,-1,-3,-88,-4
-15,-17,-5,9,-4,14,73,-21
63,29,-5,3,-5,-10,-54,49
20,12,4,2,-2,-19,28,37
-40,26,2,1,-4,-3,41,-59
111,-72,-12,4,1,2,9,75
68,43,13,-7,1,-21,20,-37
-39,-38,-7,9,0,14,0,-4
13,0,6,7,1,-11,-104,-32
-3,-12,-3,-2,0,6,84,37
-19,-19,-2,-4,3,9,20,-19
-13,16,12,-4,6,-8,-10,-28
-34,-11,-4,-4,-7,4,92,-11
-2,13,6,7,6,7,-29,22
83,12,2,7,2,13,-11,44
41,-4,-2,-1,16,17,3,-42
71,11,6,3,-16,11,5,77
42,1,-10,-16,-5,17,20,-7
-7,44,6,4,0,1,81,-20
-14,-70,-3,-2,-5,-26,-68,3
98,27,-12,-8,7,-6,-39,29
-13,6,12,16,-9,-29,-74,-28
71,-21,-5,-15,-6,5,-1,18
-13,15,-4,14,-8,-9,-48,-14
5,-2,-8,-14,1,-3,3,57
13,20,13,3,3,-7,-18,-14
-78,-23,-9,12,4,5,-9,-23
121,24,6,-8,-6,-12,-66,33
-22,12,-1,-2,-9,5,42,-10
-10,-49,-18,-18,0,12,-18,-62
32,38,10,0,-2,2,2,30
-10,-1,1,-3,3,2,29,48
36,22,-6,-2,-2,-5,-43,-12
-74,-31,-7,-3,8,-7,1,-21
-108,-20,5,7,10,4,8,-26
-44,35,3,-1,-26,-1,52,14
-99,-50,-9,-6,-3,-15,58,-17
-33,21,-7,-2,12,21,12,46
75,-2,0,2,-29,5,-63,11
-93,62,-7,-4,16,-13,22,6
-2,-67,1,11,-4,6,-3,-1
-45,-18,-1,-2,2,-10,110,62
84,8,-4,-5,8,17,84,-19
-16,-8,3,-2,-6,-6,-36,2
-20,-4,-6,-5,2,2,37,-17
51,14,-6,8,-7,-27,-101,20
15,-4,-1,-7,14,17,17,-5
-47,56,2,-3,-4,2,-31,4
-55,-90,-12,-27,-9,-24,-68,-22
10,37,3,24,-8,15,5,27
-13,-45,-2,0,-4,-21,-52,-43
-26,-60,-6,-5,0,-5,-4,-37
16,55,-1,-6,-2,6,-26,11
-24,7,8,-6,-5,-12,17,-24
23,-3,-4,0,5,-4,-19,-6
-22,-16,-1,-5,6,13,28,21
61,17,-4,-9,-18,-1,-11,-6
58,5,7,6,-12,-12,0,-48
-49,39,-3,10,4,-13,-12,2
116,-55,4,0,-2,21,38,14
-4,5,-1,6,10,19,67,-30
-32,-11,-11,-17,7,6,92,5
-64,4,6,1,-12,6,3,1
15,32,-2,-9,10,1,37,64
-6,2,-5,5,-16,-33,0,16
-10,-7,5,-1,14,-13,-29,-33
-49,-48,-8,-15,-17,14,-11,-22
-86,49,8,10,-2,-11,-42,-32
-22,-43,5,4,7,2,0,-7
37,9,-5,1,8,0,-28,-15
36,-8,-1,-11,3,-15,-25,14
101,21,2,9,-10,-13,74,0
17,19,8,7,5,23,27,61
-52,-17,-15,-16,-8,-4,62,-1
45,26,1,7,2,7,28,19
-9,-14,-1,1,3,4,-12,12
-30,23,1,5,5,-13,-44,-19
53,40,4,-1,-7,6,-1,14
-62,-56,-8,-5,6,-12,-66,-6
24,2,-2,-3,4,1,26,-4
35,19,0,5,-9,-7,0,0
22,-3,3,-6,-10,5,-34,5
-31,-18,-3,-1,-5,-22,40,-5
23,23,1,3,2,-6,-41,-4
46,-53,-8,-13,2,6,24,12
-54,-3,-2,7,9,25,64,16
-43,23,11,7,41,-20,77,-33
31,-27,-4,-12,-68,-5,18,0
64,34,2,4,12,7,-1,-11
-8,28,3,20,0,-24,-24,0
61,-39,-3,-9,-9,3,-11,-42
-126,-48,-20,-17,13,-4,-87,-67
-19,18,1,11,3,-7,-4,-5
57,-8,11,-5,-6,-6,-34,-11
22,10,-6,0,0,11,3,18
2,0,-2,-2,1,2,-49,3
-19,-29,5,-6,-6,-6,-19,-11
-32,17,-11,-7,2,0,-16,-28
50,-5,4,-2,-8,9,-14,10
91,33,5,7,10,5,15,37
-84,-44,-17,-10,1,-2,40,-27
-33,-31,-1,5,-23,-11,-52,-19
33,53,1,-11,-7,3,33,17
-106,-12,-1,1,18,2,39,5
-42,-1,4,14,-14,-23,-25,-37
102,0,-2,-12,-9,9,-36,4
29,3,0,4,-9,5,12,12
14,5,4,-3,0,-9,-14,12
-12,48,-5,-16,2,6,-18,-26
-33,-68,-3,12,9,-1,7,-28
-1,17,-5,6,-15,-3,-7,19
29,-7,0,3,11,12,-16,1
14,22,-5,-9,2,-6,8,5
2,11,1,-15,-5,-6,18,23
-1,5,3,13,10,14,75,3
-49,-7,-2,1,3,-5,2,-17
76,14,3,6,-8,1,-44,17
-87,-41,-3,-28,-9,-1,15,-31
-72,5,-3,16,-2,-9,-11,-24
32,77,5,2,-4,-3,20,-3
-19,-81,-6,-5,4,2,0,-4
94,11,9,6,9,3,-4,15
20,18,1,-6,-6,-1,-76,-1
12,-16,-10,2,-7,-4,27,-16
62,39,9,6,8,1,-33,33
-21,-40,-7,-6,-2,3,-3,-17
-75,-9,-9,-9,-1,-4,18,-16
100,-19,-2,6,2,-2,33,27
-35,-30,2,0,-5,6,-29,3
-64,20,5,3,1,-6,-21,-19
8,-7,-8,-6,1,3,25,4
29,-24,-4,3,12,-3,5,-1
-2,33,0,-14,-12,2,6,9
31,12,-5,17,0,6,10,5
-108,-44,5,-8,-3,4,-12,-17
21,-4,-6,-3,-11,-12,20,1
-28,24,5,8,5,-9,27,-19
17,-10,-9,-23,0,0,-4,23
111,52,7,17,-6,0,-21,2
-32,-25,1,3,6,5,-35,-20
69,-12,-4,6,2,4,4,16
-55,5,5,-2,2,1,-34,2
-26,-3,-7,-18,2,-4,-19,-18
9,-5,1,-3,-8,0,-10,15
-44,5,-4,0,0,10,26,6
110,21,-7,1,-1,-9,-45,5
-61,-42,4,-1,6,6,2,-10
32,43,1,2,0,-6,-29,2
-10,-39,-5,-3,1,-21,52,2
11,7,-6,-8,-14,-6,9,19
85,-22,7,5,0,5,51,61
-79,-27,-8,9,-5,7,-50,-47
-46,13,7,-2,1,5,-13,-6
-84,-3,-2,10,11,1,43,-25
22,4,-2,-3,6,13,-4,-6
70,19,1,-13,-21,-7,4,20
-27,-13,-3,-4,0,0,-10,2
88,13,5,6,-6,-4,20,-1
-35,-6,-2,-6,5,-11,-69,-21
37,-9,-3,-9,7,9,34,12
50,37,-1,7,4,31,-9,-8
-7,34,2,-8,-21,-25,-29,-2
21,-51,-17,-9,-5,-16,11,0
-46,-11,3,0,3,4,-65,-10
16,7,-2,14,8,-2,27,13
-17,20,-1,10,9,11,31,23
-74,15,1,-16,-3,-2,11,-31
-68,-6,-3,-2,-1,-8,42,4
7,15,12,0,-4,0,-13,-3
-46,-33,-5,-4,12,-8,-13,-4
0,47,4,16,-9,-6,2,38
-70,-58,0,-12,1,0,-5,-31
-18,3,-5,-4,-2,5,11,-18
63,46,4,4,4,7,16,16
76,-54,-8,-8,0,-9,-10,21
34,8,0,5,-12,9,98,13
37,-12,4,3,5,3,2,-5
-71,-10,-3,-5,-4,-13,83,-17
25,40,-2,1,4,-4,-11,-19
-60,-4,0,4,-13,-14,11,10
-35,-4,-3,-11,-1,3,-43,11
11,-20,-3,9,-5,7,-1,-11
-11,17,2,9,6,4,4,2
-39,-20,-2,-24,0,-12,-35,-33
-24,2,-4,-3,-3,-4,12,4
11,24,1,16,-7,1,-29,8
-77,-38,5,6,-3,-1,-1,-7
48,-16,-12,-2,5,2,-78,18
-4,12,4,-16,-6,-2,58,24
66,-17,-8,-15,1,5,-7,12
-16,8,3,16,-5,-11,-32,-21
83,34,3,6,0,18,98,8
-33,-28,-10,-1,-5,-8,-2,-9
-22,-10,3,-8,4,4,-4,-8
117,40,8,-5,0,9,13,12
-31,37,-1,14,5,-15,-42,-6
7,-69,-15,-3,-2,-5,20,11
-48,-18,8,-5,-3,3,7,-13
-31,17,-4,-15,-5,2,4,17
77,4,2,11,2,1,54,6
-9,21,3,9,-4,-7,32,-21
22,-12,-6,-12,3,0,-15,3
-82,-4,-3,8,0,3,44,-12
21,10,5,0,4,-2,-7,-14
0,11,-5,-3,3,-16,-4,-1
15,-14,-6,-8,-10,8,3,0
25,0,-5,-7,-16,-2,5,-4
63,11,2,6,5,-14,2,13
-91,-11,-2,-1,6,8,-32,-29
24,29,-3,4,-14,-13,-33,-14
44,-50,3,0,3,3,6,-9
-46,-19,-3,1,-3,-1,-7,5
-12,24,-2,-4,5,-3,-40,16
27,1,3,-7,4,2,62,15
6,17,-4,2,2,2,18,10
-48,-33,1,-4,1,-3,-30,-6
99,32,-1,11,-6,2,12,10
-86,1,-1,0,4,-5,17,15
16,-20,-2,-7,-3,-3,-20,4
14,-9,-3,-11,3,11,-20,6
-5,4,1,-1,2,-11,-5,-8
-1,-14,-3,3,-8,22,8,8
-3,17,1,-4,1,-8,-18,-14
21,10,-2,-5,-7,0,-20,-10
46,26,-3,-1,1,-1,6,0
-1,-54,-4,5,15,-5,-23,-19
-11,5,-4,-4,-3,-5,-21,-11
17,-13,0,-3,-6,-3,39,3
-34,22,0,-6,-3,-20,29,-31
14,23,3,4,0,3,-26,-9
109,-24,-9,-4,-8,-11,61,17
-68,-15,0,-4,2,0,-11,2
20,6,5,-2,-3,1,-13,-21
2,8,-4,2,1,-3,12,9
-59,-8,1,3,15,12,-21,-19
-14,9,-3,-2,-24,-8,17,16
19,-3,3,1,3,16,-14,19
-12,-6,1,-3,-3,-7,9,-11
31,25,1,2,-3,2,-12,25
-49,-11,3,-2,31,30,-11,-20
105,-4,-11,-23,-4,15,-71,15
-90,-30,0,5,-29,-56,9,-35
-9,44,-4,21,-7,-8,8,7
62,-44,5,-2,-16,-1,-8,-9
-33,-14,2,1,5,-7,3,0
20,24,-1,-9,31,23,-13,3
-1,-7,-4,-11,-13,-10,-7,-21
-6,29,-3,3,1,-9,22,21
-17,-14,-5,-5,-6,-2,15,-1
21,-3,-2,1,6,6,-22,-6
-46,-4,-8,-2,10,2,60,-14
6,2,5,-3,-4,5,-73,-3
-4,-8,4,-1,1,-15,12,10
34,15,4,3,-25,4,6,22
16,4,4,-2,3,-3,39,-11
24,20,-9,-12,3,1,30,13
-13,-71,-9,19,2,-10,-5,-5
-53,3,0,10,-2,-11,-6,-14
10,1,2,-10,-9,-11,-40,-3
46,24,5,1,4,2,68,1
-97,8,2,-5,1,19,10,-1
74,2,-12,-10,0,-5,2,11
20,-7,0,-2,1,16,-40,14
-51,-2,-5,1,2,-3,-2,-20
24,1,1,-8,-7,-5,2,-9
63,23,11,10,14,7,23,25
-12,-47,-3,3,-15,1,-18,-8
-44,32,-15,-1,-5,-11,22,-21
15,-41,-8,-2,4,4,24,6
9,2,2,-7,-7,-3,-5,9
49,16,8,1,18,3,23,33
8,1,-1,-5,4,-4,41,-29
3,5,-7,-14,-32,-9,10,-10
-47,-4,-2,15,7,0,0,-7
-43,8,-5,-2,8,4,9,-5
25,-21,10,15,-5,-1,-16,17
-76,20,0,-10,1,-10,-46,-27
9,-33,-8,-11,-3,5,-11,1
18,62,0,1,-10,-7,-21,-1
-7,-67,-3,-6,3,1,-20,1
37,14,7,6,-1,1,2,5
16,7,-3,-4,2,3,8,11
-67,-7,-3,-5,10,-4,-11,-8
17,-12,0,0,-21,7,23,2
54,27,-2,13,17,6,13,-1
-23,-12,-2,-22,-26,-9,14,11
-12,6,-4,5,11,12,-45,-22
-28,11,3,7,-8,-24,-24,16
78,-1,2,4,8,4,7,24
-10,0,0,-3,15,2,2,-12
17,-18,0,-12,-11,-16,-10,1
-34,-2,-10,-10,-20,-2,-3,12
-28,4,3,17,5,4,9,-25
47,6,-3,-2,10,8,-42,-3
-31,-22,0,-2,-1,0,30,22
12,8,4,6,9,0,-19,9
-9,11,-5,-7,-4,3,16,9
-42,23,3,3,2,0,2,-21
3,-55,-2,3,-7,-1,-68,-14
4,25,0,-17,5,1,42,10
2,-50,-9,-1,-6,-5,-16,-5
27,7,4,12,7,3,17,8
0,16,1,-1,0,3,18,2
8,-1,4,-2,2,-9,-41,-30
0,37,-1,-6,-12,-2,10,11
-11,-36,-10,-15,1,-4,-48,-1
24,66,7,6,-9,-20,15,-5
-87,-108,-9,4,11,12,-10,-36
-20,32,5,7,5,3,8,10
-16,-9,5,4,-1,8,16,-5
9,-6,-4,-15,3,-16,-10,-7
24,41,3,-2,-3,25,9,6
2,-26,-4,-4,-1,-7,-12,-7
-24,-6,-3,0,-2,0,1,-9
-41,-37,-7,-3,9,10,14,0
45,18,-4,-1,-11,-11,0,9
3,8,1,-7,0,3,5,6
67,23,4,3,-5,-4,5,-6
-42,-60,4,3,2,4,8,-13
10,8,-1,-4,-4,-8,-11,-3
7,32,1,1,-18,2,43,15
-11,-14,-3,1,0,-1,3,-4
-26,13,-9,-4,-2,-5,4,-2
10,-1,-5,-7,14,6,5,10
-2,-18,3,6,5,-5,-6,-13
-2,12,4,6,-13,-6,-44,-6
-11,-3,2,-9,2,5,-20,-9
18,3,-2,4,-1,-16,3,-8
-12,3,1,6,-1,0,-9,1
61,1,-4,-5,2,3,10,-2
8,7,4,2,-3,3,3,5
-20,-4,-6,-9,-4,-6,-8,-6
23,17,-2,-6,1,0,-17,1
-39,-42,-10,4,2,-2,20,-1
45,26,7,4,2,6,19,49
-16,-38,-2,4,9,1,-21,-28
59,27,-1,-4,-14,-3,1,11
-40,13,6,0,-1,-5,25,-3
45,-10,-10,-5,-10,6,7,7
38,24,7,5,3,-7,-58,3
-58,-40,-3,-1,-3,4,-2,-8
-60,-9,-5,-6,-2,-2,15,-15
14,9,-2,-5,-3,-3,-10,-9
18,22,0,11,-12,-5,19,9
-6,-11,-2,-2,7,-1,-10,0
39,5,9,-6,-3,-2,7,20
-48,-18,-9,1,1,2,27,-12
-60,4,-5,1,5,3,-9,-22
37,-10,-2,-10,-1,-3,13,20
-9,9,-3,-3,0,4,-13,-1
78,33,10,11,0,-9,-3,13
12,-38,-7,4,-3,-9,-64,-24
-10,8,3,-2,-8,-3,24,6
-6,-2,3,-2,11,0,6,8
-15,6,-6,-8,-25,1,19,-14
39,8,-4,-9,-2,-2,12,25
-24,-2,0,1,8,0,-5,-14
-39,-1,-3,13,3,22,0,-3
81,18,7,-4,1,-3,-7,13
-70,-32,-3,-6,-1,1,8,-7
-3,2,-4,-1,0,0,-20,-4
33,-7,-1,-6,-6,-9,17,29
-105,-39,-13,0,3,-2,-19,-20
67,19,-2,-3,5,9,32,2
-44,-10,5,-2,-7,-9,37,6
25,7,-1,-1,3,2,44,-18
0,7,4,11,5,-3,12,15
-80,-12,-4,-8,-4,-5,-9,-5
-33,-16,-15,-3,-6,4,-10,-33
-28,6,1,-4,0,-10,-72,-7
-41,-2,5,-14,-1,0,37,-1
92,-6,9,26,5,14,36,13
41,9,2,-11,2,-8,-37,-21
-8,-9,0,-5,-5,-7,-8,-7
19,1,-3,7,3,17,8,10
12,32,1,10,-4,2,-14,2
23,-2,5,0,-1,1,12,15
-5,-16,2,-10,-5,0,-61,-23
-4,37,-4,-5,0,-2,-14,-13
-22,-15,-3,-3,3,-2,24,4
-60,-25,-7,-3,7,-2,-54,-41
93,4,0,-2,-11,-4,21,21
26,8,3,3,1,-15,-20,-3
62,27,-1,-13,5,8,10,13
-17,-5,3,4,-2,-4,-10,3
-35,-12,1,13,3,0,8,8
-42,-45,-7,-3,-10,8,-3,-11
64,19,-5,-14,-1,-13,5,4
-7,-12,-7,-2,-2,13,28,-1
-6,24,1,15,3,-2,76,29
-26,-6,-1,-2,6,4,74,-14
-44,-10,2,-9,-7,-1,24,-9
43,20,5,9,-10,-2,-3,31
-39,-4,-16,-6,-8,-14,-45,-17
34,-7,6,2,4,-1,20,-5
0,15,9,-6,1,-3,-12,-2
-18,33,1,5,0,-5,-9,3
-2,-54,-10,-1,2,8,11,14
27,-5,-2,-4,-1,-2,-36,-6
-39,10,-1,-1,-2,2,-29,-8
0,-5,-2,-2,0,-4,4,-8
-26,32,5,-1,1,-4,-43,-24
18,-33,-10,-17,-5,-3,-32,-6
15,6,1,6,0,3,31,14
16,-16,-1,17,4,8,-17,-3
53,19,0,-1,-2,-8,4,-2
62,13,-1,-12,-5,11,-58,3
-46,46,5,-18,-3,-1,11,-14
-31,-81,-7,19,7,-5,23,7
15,12,1,4,2,4,3,-3
-22,-3,1,2,-10,-3,68,11
4,2,-3,-5,-7,-15,-21,-7
-5,23,1,-6,2,3,-10,-15
-39,-24,-3,-5,-1,-6,19,-21
11,21,1,4,8,2,-48,-15
-24,-13,1,0,-2,5,64,14
-48,-18,-9,-12,2,-25,-60,-32
-5,5,1,-6,-6,5,9,2
6,58,-2,3,-2,-13,-18,10
-37,-70,0,7,4,7,55,-13
56,21,11,-2,-6,-14,2,7
-14,-23,-5,4,10,6,68,-2
2,19,3,-1,-19,4,9,8
10,1,-5,-7,-1,-4,-43,7
-10,6,0,-2,-1,-4,-16,-20
27,10,-4,-4,-2,-4,-31,-8
-15,-14,1,2,7,5,37,12
-32,-4,-4,6,4,1,-29,-14
29,6,2,-9,-17,2,31,23
-50,3,-2,-14,0,-2,-20,-17
13,-19,-1,3,4,-1,-23,-22
-2,-8,-3,13,-1,0,-26,6
18,22,0,6,8,8,-11,6
10,-2,1,-7,-8,0,-10,6
-22,-32,-5,-5,5,-5,-4,8
62,35,0,-5,-7,-5,54,16
14,-10,-4,6,-4,0,9,-23
-54,-14,2,2,2,-7,-8,-12
-22,-5,-5,-4,0,15,18,3
-5,12,5,2,1,5,50,31
29,-10,-4,-8,5,2,23,4
-62,82,0,3,-4,-4,6,-19
1,-47,1,4,2,-12,-12,-19
-5,-6,6,5,-4,-4,1,6
-27,5,-13,-12,3,2,12,3
65,6,1,-2,8,25,-23,10
-85,-9,-2,0,-21,-8,17,-35
64,3,-8,-8,-14,-2,-23,11
5,-2,6,0,8,4,25,9
-7,-19,-6,2,3,-3,3,3
30,18,-2,6,4,-9,-13,4
7,-7,-6,-20,1,-3,-19,-14
-4,7,0,11,-8,3,-4,3
40,-10,1,-10,-2,-6,17,10
-7,-2,4,2,8,2,-2,5
-22,0,4,22,4,-2,-4,-12
-17,1,5,0,5,-5,-42,6
37,2,-2,-2,-7,-4,4,0
-68,-5,0,-10,0,0,13,-7
-25,-12,-11,-16,-2,1,-6,6
73,2,0,3,-3,-7,2,-15
-27,-8,-3,-2,-11,-12,3,-2
30,0,-8,-4,-3,-8,13,16
8,-4,0,0,6,3,-30,-3
-17,3,3,-2,2,3,-6,3
59,-18,0,6,-5,-13,10,10
-27,-8,-2,-10,-5,18,13,8
6,11,10,-5,1,-2,-6,-5
2,19,0,12,2,2,25,20
-8,-4,3,4,14,11,-61,-28
-42,-24,-9,-1,-16,-18,1,-12
-55,-9,-1,-5,-13,-6,3,-16
-22,-7,-5,-21,-4,3,10,7
12,-4,0,6,4,5,30,14
-9,5,-4,4,7,-10,-50,4
-38,-5,5,-5,5,4,21,-15
-10,-5,-2,-16,-10,-4,17,-27
0,-9,-2,17,6,3,8,14
48,29,3,5,-5,-2,-16,2
8,-9,-2,-9,-2,-6,-17,3
39,-1,-2,5,0,2,4,13
9,1,9,-12,1,0,10,22
35,-2,-11,-8,-6,8,4,-11
44,57,2,16,1,0,-4,-11
-25,-87,-11,-9,-2,1,25,-9
5,9,-5,-10,-8,-1,0,-6
27,20,5,6,6,4,23,10
50,-5,-4,-3,-6,-11,-6,-1
-29,32,-5,-2,-4,0,-19,9
1,17,3,6,-2,-2,-16,-1
-31,-33,-4,-3,8,10,2,-3
-15,-15,-8,-2,11,26,-11,-8
-20,7,-1,-2,-15,-2,14,3
-17,-19,5,-1,-2,-6,-2,-11
41,22,11,2,2,-5,15,1
22,-5,-3,3,3,1,0,2
-56,-4,-1,-20,5,-9,4,8
2,0,-5,3,-24,8,-38,-7
25,7,2,18,7,-4,-1,-12
-3,-13,-2,-5,-2,-2,7,1
36,26,2,-8,2,1,-5,2
-76,-28,-8,-6,0,-8,33,-21
3,-1,0,12,2,1,16,8
-31,55,3,12,-4,-2,-28,-6
74,-42,1,-3,1,-14,-22,23
-68,-11,-7,-15,4,3,23,1
35,26,2,-3,-1,-11,-11,8
-17,-49,-8,0,-9,-10,20,-9
19,36,1,4,2,5,-2,11
0,4,-5,-4,-2,0,6,12
40,-13,-5,0,2,-5,16,8
-46,20,7,-7,2,0,38,4
-16,-1,1,12,4,3,-3,-30
11,-12,-8,-9,-4,-7,22,2
-58,9,-1,-7,1,4,18,-10
-18,11,-6,7,0,3,-5,6
25,-39,-4,0,-2,5,2,0
-12,11,4,8,-2,-3,10,-4
33,-18,5,-9,-4,-3,-40,-3
13,4,1,-3,-4,-6,-8,7
-3,10,-5,7,9,1,16,-10
-22,-15,1,-5,-9,-3,-21,-14
-13,17,-2,-10,-1,3,30,3
-9,-37,4,9,11,-1,-18,10
-43,17,2,-2,-6,-1,-1,-15
76,14,-7,-6,-10,-2,5,0
-16,-5,3,1,-2,1,-8,3
15,-26,-4,2,-2,-18,-8,-4
-28,-13,-4,-27,3,7,7,-5
10,13,5,28,6,2,-65,1
48,8,3,-6,-1,-4,-7,5
-61,0,-1,2,-1,-2,-10,-21
4,2,2,7,-5,-8,-17,-10
20,-17,-5,-10,-1,-2,84,20
17,-3,-11,-6,0,-1,-22,5
54,15,2,-4,-1,2,6,6
-104,1,-1,2,-4,-2,-7,-5
39,-10,-2,-6,-1,-1,-24,9
-40,6,3,0,-1,7,41,-6
32,38,1,4,-1,-2,4,8
-3,-61,-4,3,-4,2,6,9
6,21,3,-2,2,-5,-7,-12
-27,-1,5,1,-2,-1,-18,13
14,-24,-1,-8,-9,-13,-88,-38
27,42,-4,-1,9,-2,44,-1
-15,-9,-2,10,8,7,11,-14
1,-12,0,-9,-16,-19,-35,-15
-17,-4,-6,1,-3,17,28,15
30,9,0,3,-3,-1,-28,2
-3,-15,0,-9,1,-6,-8,1
-34,3,-9,-6,4,8,19,-7
48,6,-1,5,-4,-7,-27,16
-99,-21,2,-6,-6,-1,16,-5
23,21,-6,0,1,0,63,-19
-4,-36,3,13,4,2,7,-2
-53,7,-11,-12,0,0,15,1
104,-22,3,1,-2,1,-31,6
-48,14,1,-6,-7,3,0,15
-45,-24,0,-4,-2,-5,-62,-7
-1,1,-1,0,2,4,8,-14
15,22,7,12,3,0,29,19
-17,-20,4,-4,0,-2,-28,-10
9,28,-7,-5,-5,3,-16,-20
3,-27,-8,-3,-1,-4,71,11
-10,19,20,-5,-3,3,-57,3
17,-6,-4,4,2,0,-16,6
-20,20,5,12,1,-4,34,-8
20,-38,-1,-3,0,-14,8,3
6,-7,-16,-12,-2,19,71,-9
-36,15,5,0,-2,-10,-80,-7
-41,-15,-2,2,0,3,67,-24
-8,10,-3,-3,-1,2,-18,-10
8,21,-1,-2,0,-9,-25,-6
14,-8,2,6,0,0,-2,18
51,10,-1,9,4,3,-62,20
-60,-23,0,-10,-5,-1,1,-22
-16,-2,-8,0,-2,-8,0,6
-11,58,2,-10,-4,-2,19,-20
35,-89,-18,3,-4,-5,9,24
-19,2,15,-11,0,1,-39,-15
31,10,-6,2,-2,0,-56,2
16,0,-1,3,1,-5,20,13
-66,20,2,9,1,3,-34,-3
21,-2,3,3,2,1,-10,6
-56,-17,-1,-1,-1,0,10,-18
24,-16,-13,-16,-2,2,29,-7
19,14,-5,-10,-3,-5,66,9
6,-12,-5,7,-2,2,30,-8
-8,-1,7,5,-1,-9,16,-5
34,-30,-18,7,5,4,3,10
-45,15,3,-9,-1,-7,22,-20
21,13,-4,-2,-2,12,38,25
54,21,-6,-1,-3,-24,-77,3
-76,-33,4,-7,-3,9,2,-31
-13,9,3,-3,4,-4,-18,4
0,12,2,7,-1,-5,-17,-12
-3,-4,1,4,4,-1,12,2
32,11,3,1,0,-6,28,35
1,0,4,-6,-3,5,16,-9
-81,-57,-14,-20,-7,-4,5,-8
33,14,7,11,-1,3,33,14
2,7,-1,11,-1,-3,-37,-1
58,-22,-6,-7,-3,-3,9,7
22,31,-3,0,-2,-1,7,12
18,5,-7,-14,1,7,29,10
-35,-22,-1,4,-3,-4,-22,-8
12,25,1,-10,-3,-4,-16,-27
39,-3,10,13,2,-1,15,7
6,-1,-1,8,1,-3,-96,-23
-12,2,1,-2,-1,-4,38,0
48,26,1,0,0,2,7,25
-42,-5,-3,-7,1,-2,2,2
4,-33,-10,-6,-4,9,31,-15
-10,10,-4,-4,-1,8,-14,-24
32,-3,5,0,1,-7,-37,16
-1,19,-2,0,-1,2,24,5
-7,12,3,4,-3,3,-22,-4
12,-11,0,-1,-1,0,12,7
-4,23,-9,-25,-2,-7,-29,-15
45,7,6,24,0,-5,3,-4
-33,-7,-1,4,-2,-6,105,6
43,-24,3,-4,1,0,-52,1
3,-3,-7,3,-1,-2,41,-13
-45,-10,-8,-9,-2,-6,-1,-7
5,-1,-4,-15,-4,-6,-11,-12
-26,25,6,3,0,3,41,2
-14,-6,3,15,2,-1,-6,-1
5,-12,4,5,0,0,-28,0
-27,14,-2,-1,1,-1,1,-7
-8,3,-9,-20,-5,-1,11,14
-11,4,5,-17,-7,2,-13,-4
-8,-15,-7,20,0,3,16,6
-75,-5,-4,7,-4,-6,-18,-3
49,26,3,-2,0,-7,22,2
-8,-46,-17,-4,1,2,80,5
-3,27,-1,-24,-4,-3,-47,-4
26,-17,1,-6,-1,-3,28,-8
-20,9,2,15,1,-10,-1,3
-20,3,8,18,1,-2,-97,-19
51,13,0,-6,0,11,99,13
-60,-12,-11,-6,-1,-2,-10,-1
-4,-21,-8,-9,-3,-5,-5,6
20,-2,3,-5,-4,-1,-16,5
-3,-14,-10,1,-1,-5,-22,-6
-1,14,11,-5,-2,-1,-17,4
2,2,4,-4,-2,4,6,-3
-12,-3,-6,7,2,-1,-40,-2
-11,60,8,4,1,3,-66,-18
47,-59,-10,9,0,-3,26,14
-19,0,-1,-5,-1,1,-15,-4
19,4,2,1,-1,4,0,14
-35,6,-2,-6,-4,-5,2,-21
36,21,2,-6,-3,2,-6,7
40,5,-2,1,2,-14,-17,4
-37,-12,-1,20,2,-6,23,-18
30,2,-2,2,0,3,38,2
28,8,2,0,0,0,9,7
33,-2,-4,-10,-4,-2,27,9
-26,-20,1,-8,-2,-8,-8,-27
-12,57,-3,-8,-2,-7,59,16
-20,-71,-6,4,2,18,53,-12
-27,20,2,7,1,-2,-19,-22
10,-28,-1,-4,0,7,24,13
14,-8,1,-1,-1,0,-15,-3
26,39,3,-2,-1,-7,48,19
10,-11,-3,-11,-3,-14,-8,-1
-9,11,-3,8,-1,-1,-3,-22
41,-20,5,5,6,2,-9,11
42,35,2,1,4,0,-5,9
-4,-12,-1,-8,-13,5,-21,-2
1,14,-1,-4,-3,-6,17,16
15,-22,-7,-1,-3,-1,-11,24
27,64,13,9,2,1,-36,-7
5,-66,-6,-10,3,0,56,-17
14,18,-4,6,0,6,19,2
-45,-25,0,-7,-1,-2,-15,2
-27,-1,-8,14,-1,-1,14,1
-20,-10,-2,-6,-1,6,37,4
-43,7,-5,-15,-2,5,23,12
7,-18,-4,-8,2,-14,-77,-13
-4,-19,1,1,-15,-25,-60,-16
23,22,0,11,2,-1,14,-15
4,-28,-2,-1,0,1,-38,6
-22,5,-2,-3,3,6,0,-12
-24,-13,-2,-11,2,-14,-61,-8
-20,23,5,6,-5,3,13,24
94,14,-2,-9,-2,-6,-17,6
2,-26,-3,12,-2,2,14,-10
2,-6,-3,2,3,6,12,-7
-33,0,0,-10,2,-9,-21,5
41,23,0,3,-5,-8,49,1
-4,1,4,-4,-9,-3,38,-3
-8,0,-9,-13,3,8,35,7
37,5,2,11,-3,2,-30,-17
35,-5,5,9,5,-1,12,-5
-52,8,-4,3,-2,1,-15,4
-7,-26,-7,-9,-1,2,3,-4
-2,0,-5,-11,-8,2,4,0
-17,-11,-6,-5,2,-5,16,13
52,70,7,10,-3,-12,27,-1
-39,-43,-8,-4,-2,-8,-64,-9
-37,-27,-3,-10,2,0,-11,-14
11,18,-1,7,-12,-1,9,8
-62,-2,-2,-5,5,4,-21,-4
12,6,8,4,0,0,59,4
-8,-5,-7,22,1,3,12,2
-36,-5,-1,-10,-1,1,22,-18
9,-27,-4,-10,-3,0,19,4
39,20,-1,-7,-3,-4,68,3
-67,25,6,1,5,5,-80,-13
-13,-62,-15,-5,3,6,45,3
-16,-16,6,4,-5,2,-32,-9
-9,9,3,7,-1,-5,0,10
31,24,-3,4,0,5,-15,0
-18,13,7,-11,0,3,-54,-3
11,-20,-10,-14,2,-5,-5,-2
10,15,5,-4,-8,2,10,-2
17,10,-5,14,0,-3,10,-12
-18,-2,8,-3,3,7,-11,-11
1,-35,-5,-7,-3,1,16,14
17,32,1,-1,1,2,-19,-2
-8,-10,-3,5,-3,-2,78,18
-26,-1,2,-1,-3,-4,-36,-16
112,26,3,7,2,-2,70,31
-32,-9,-4,-9,0,17,5,-12
37,30,6,-1,0,-8,42,17
-26,-43,-12,0,-3,-11,-1,0
9,2,-1,-12,-1,0,-44,-14
24,-8,2,5,5,2,-22,7
0,4,3,9,-5,-6,-38,-3
-2,17,0,0,-5,-1,3,12
-8,-8,-2,1,0,-1,-3,-1
-79,-14,2,-4,1,-1,6,-11
2,-8,-5,-7,-1,3,-10,9
23,26,3,-1,-2,-1,17,22
-57,-26,-5,4,-1,-2,-27,-30
5,-1,0,-1,-3,-7,42,4
90,-5,-1,-6,0,2,1,10
-42,-9,-5,-6,-5,-16,-117,-38
69,18,6,5,1,6,45,18
-39,-4,-6,0,0,-6,4,-9
3,-30,-2,-5,-1,3,-3,-4
5,20,-5,-1,2,4,20,-2
-21,-2,3,3,-2,2,-15,-9
43,-4,-5,-1,-4,-9,-19,17
-14,1,0,-6,1,-17,-23,-11
-16,12,4,5,2,8,26,25
-15,-23,-2,2,-3,-6,54,-23
1,9,-3,0,2,10,43,2
-99,-41,-8,-8,-9,-5,-13,-29
31,3,3,0,2,5,24,4
24,-1,-1,-2,-1,-5,-60,22
-6,12,3,1,-1,-5,-21,3
4,-7,-4,0,0,4,13,-13
-2,-11,-2,-3,1,1,2,-9
-18,-2,-1,-2,-3,-1,-26,-1
-7,46,0,-2,-3,-4,-20,1
-10,-41,-1,-2,6,3,2,0
49,12,6,4,1,-5,-23,12
10,-9,2,0,5,3,-18,-17
55,22,2,-1,-12,-10,38,15
-39,14,1,-1,3,-2,35,16
1,-11,-3,3,-1,20,68,2
-18,19,-2,0,0,-6,-28,6
16,-19,-4,-10,2,-2,-22,-15
-12,17,3,11,-13,3,-8,10
55,-3,0,5,-2,-6,-14,-2
-41,-20,0,0,1,3,16,-6
-55,-13,-3,-5,2,3,33,-16
20,-38,-2,-6,5,0,-17,0
24,21,-1,0,1,-4,2,12
39,20,-1,1,-9,5,12,-4
21,-26,2,-2,-1,-12,-49,-14
24,24,0,-7,-2,4,2,-2
-71,3,1,3,1,1,-53,-18
-11,-28,-5,3,0,2,10,3
-12,-3,-1,2,-2,-4,-7,1
93,32,2,2,1,0,8,19
-35,-20,-1,-8,-3,-4,-21,-32
-45,0,-4,-9,-2,-4,18,12
-33,-36,-5,-2,-4,7,5,-26
20,12,0,7,0,-12,-20,-3
-17,-11,-10,-9,-2,-6,21,17
-10,8,1,-4,-2,1,-30,-5
7,-8,-5,-1,3,1,-31,6
14,-7,6,12,2,2,-24,2
-37,-23,-10,-6,-4,-3,24,-14
-35,-11,0,-1,8,-6,17,4
-27,22,1,-3,-9,11,-39,-10
1,3,-6,-8,-8,-3,29,-6
10,1,9,2,-2,-6,30,1
26,8,-5,-3,-2,-4,-7,7
35,2,0,1,3,2,22,9
-43,-3,-1,1,4,7,-2,12
29,5,4,6,3,-2,7,4
42,9,1,-5,-3,-2,13,-33
43,12,4,4,1,-7,-78,-2
20,-26,-10,-5,-2,-3,70,6
8,8,1,-8,1,2,27,9
-7,4,-3,-11,-3,-4,-10,-12
39,0,4,25,7,-4,3,11
-38,8,0,0,2,-7,-24,-23
-32,13,-10,-24,-20,-1,-21,-6
-3,-47,1,15,-1,1,26,14
-25,3,-5,4,1,4,7,2
21,7,8,-7,3,6,-8,20
-21,5,4,5,0,0,42,1
-14,6,-4,-6,4,24,-91,-36
-28,-16,-9,-10,-4,-2,32,-2
-29,6,-2,3,3,1,-7,-4
42,4,4,3,4,-1,-28,6
44,47,3,1,-3,-18,91,43
-114,-54,-3,-3,2,3,-44,-32
33,-7,-4,-5,-4,2,-2,3
26,-1,5,0,2,-4,-2,5
-17,-10,-4,2,-6,-8,37,-8
45,80,6,-1,6,3,44,16
-116,-78,-7,-8,-9,-6,-6,-27
51,4,-6,12,-7,-4,-21,6
17,4,-2,-5,1,-4,-44,-6
72,19,1,-8,-1,4,74,35
-80,-7,-1,-4,1,-4,-23,-60
-16,1,-1,2,1,-3,23,-8
10,-2,4,-4,-3,0,-15,11
5,-31,-3,6,-2,-4,42,-4
63,14,6,0,2,14,48,16
31,5,-5,6,1,-1,-11,11
-50,-9,-5,-6,-3,-5,27,9
19,-2,1,-14,-5,2,-3,9
18,8,0,-3,-1,-6,45,1
-18,46,-1,8,-10,2,-43,-6
-11,-50,2,-1,3,6,3,10
-41,-21,-5,8,-2,-11,-34,-28
45,22,3,-2,2,7,-56,12
-48,-10,2,-11,3,2,10,-1
18,29,3,0,7,5,-25,1
-1,9,-1,5,-4,-6,-37,26
-32,-5,0,0,-7,-9,-2,-23
-3,6,0,-2,2,5,-23,-8
36,-9,-4,13,2,-17,14,4
45,-6,-2,-14,-1,-8,12,2
-5,34,4,0,-1,1,-1,28
-47,-44,0,0,1,-2,1,8
-4,-6,-4,-3,-4,-7,4,-25
-28,-2,6,1,1,2,1,-11
26,13,-9,-2,0,-4,-1,9
21,0,1,-3,1,-8,-7,-8
1,-37,-11,0,2,10,28,9
-14,47,4,2,-3,-5,-34,-8
0,-64,-1,-2,0,10,17,8
-13,-3,-3,-5,1,-5,-4,-16
19,29,10,5,-4,3,-40,-1
-10,-9,-7,-4,-6,0,73,-5
10,24,-2,-1,-1,-20,-44,0
16,-4,-3,-2,1,1,3,5
16,10,5,1,-12,-6,-3,-11
-5,-9,-3,0,-1,3,9,-2
-6,4,-1,-1,0,0,-39,-6
29,-10,-3,-2,-1,-10,-29,-13
-103,36,0,-12,0,24,15,-4
80,-24,-7,3,1,4,-22,4
-42,-17,0,9,-2,1,32,-15
47,-2,4,1,0,0,-3,8
-9,2,-3,-7,0,-7,-3,-22
22,9,2,7,4,4,-28,3
-60,-11,2,-15,-11,-12,30,-19
32,29,-7,3,0,0,33,4
9,-8,1,4,0,-5,-4,-6
-33,-8,-2,-7,10,-1,14,5
8,9,-4,-7,-8,-5,-3,7
14,-8,0,1,-14,-4,52,-13
15,-5,-5,-4,1,-2,0,8
-9,-24,-2,3,-3,2,-14,0
-1,18,-6,3,6,3,55,-23
-15,4,4,-2,5,0,16,6
-36,-1,4,3,-1,-3,-14,2
-5,52,5,-6,-6,5,-35,-17
-26,-80,-5,-10,-1,2,-10,-10
-40,3,-10,2,3,-4,2,-2
