(0, 0, 0, 0)
(0.4927765, -0.5129976, 0.0337232873, 0.702045143)
(0.491064, -0.5204016, 0.0168016814, 0.698395252)
(0.494210422, -0.5106928, 0.0339253172, 0.7027076)
(0.4997215, -0.516422, 0.0171595346, 0.6951923)
(0.490599662, -0.5131309, 0.0284300279, 0.703704655)
(0.5014922, -0.5139478, 0.016459424, 0.6957675)
(0.501209, -0.5044975, 0.0323876, 0.7022983)
(0.5006888, -0.511761248, 0.0140452757, 0.698007166)
(0.5060265, -0.5011541, 0.029282527, 0.70137316)
(0.5073275, -0.508219063, 0.0114775989, 0.695845246)
(0.502364039, -0.501602, 0.0264963824, 0.703792334)
(0.504986048, -0.5082189, 0.008784041, 0.697585464)
(0.500408769, -0.5012183, 0.02381128, 0.7055526)
(0.5094928, -0.5040047, 0.009609777, 0.697355)
(0.5145697, -0.49413988, 0.0245474149, 0.700315058)
(0.5156828, -0.5021996, 0.006582356, 0.69413507)
(0.5166543, -0.5097378, -0.011566502, 0.687824)
(0.5168243, -0.5003307, 0.00431470759, 0.6946532)
(0.5105469, -0.4949858, 0.01728963, 0.702874064)
(0.5247348, -0.490829557, 0.0161641035, 0.695326149)
(0.521793544, -0.5001951, 0.000128065367, 0.691040039)
(0.512634, -0.4988323, 0.009233714, 0.6987757)
(0.507752359, -0.507613659, -0.0064739, 0.6960417)
(0.5004253, -0.502549052, 0.00640818, 0.704966664)
(0.512889, -0.494671762, 0.0107769025, 0.7015188)
(0.509524, -0.487289846, 0.0262238774, 0.708693266)
(0.515202165, -0.493952364, 0.009320011, 0.7003505)
(0.519677043, -0.5010115, -0.007889769, 0.6919978)
(0.509109557, -0.5015076, -0.00253908476, 0.6994934)
(0.5226239, -0.496219665, -0.00417887326, 0.693262458)
(0.5300302, -0.485711157, 0.008311396, 0.695042253)
(0.5185988, -0.492108643, 0.002163587, 0.6991993)
(0.531767249, -0.487689465, 0.000786694349, 0.69237417)
(0.519441247, -0.4907146, 0.001582927, 0.699555159)
(0.528101563, -0.481249243, 0.0132108247, 0.699523747)
(0.537623346, -0.4838119, 0.00053703587, 0.69057)
(0.5265558, -0.483644873, 0.00770358369, 0.699119031)
(0.5145329, -0.490828454, 0.00144508842, 0.703093946)
(0.5241056, -0.492987126, -0.0101744421, 0.6943871)
(0.5308911, -0.483331621, 0.002975163, 0.696086466)
(0.518934667, -0.4909561, -0.00355618261, 0.6997544)
(0.530897, -0.485776424, -0.00183719338, 0.6943819)
(0.517980933, -0.4888543, 0.00183196494, 0.7019359)
(0.5143427, -0.498769969, -0.0149765173, 0.6974637)
(0.5220559, -0.48989144, -0.00262339483, 0.6981812)
(0.524804, -0.480760038, 0.0141182737, 0.7023184)
(0.5202297, -0.490380526, -0.00136306963, 0.6992039)
(0.5073565, -0.491885453, 0.00549476035, 0.707536459)
(0.5170786, -0.493503541, -0.004256247, 0.6993325)
(0.514342844, -0.486032218, 0.0133507662, 0.706431746)
(0.5152115, -0.49405545, -0.00308602746, 0.700326264)
(0.5090953, -0.503476858, -0.0183006041, 0.6978525)
(0.5163387, -0.494146138, -0.00493231835, 0.699421)
(0.527959168, -0.487716347, -0.0007609185, 0.6952635)
(0.516816735, -0.496350169, -0.0108470879, 0.697437763)
(0.5261977, -0.487457275, 0.000186161749, 0.696779251)
(0.516245663, -0.4966471, -0.010944766, 0.6976477)
(0.520512044, -0.487194747, 0.005426811, 0.701198339)
(0.5146012, -0.496650755, -0.009790813, 0.6988761)
(0.517461836, -0.487325, 0.00661850628, 0.7033518)
(0.5137455, -0.496547759, -0.0103257522, 0.6995707)
(0.5116051, -0.4887649, 0.00632037967, 0.7066323)
(0.516835451, -0.49450323, -0.00944993, 0.6987548)
(0.51321274, -0.487582475, 0.00728217, 0.706274033)
(0.516265, -0.494576752, -0.008876489, 0.699131966)
(0.510113955, -0.489119321, 0.00679523172, 0.707460046)
(0.509665549, -0.497549355, -0.010176125, 0.7018419)
(0.5163373, -0.488105834, 0.00437254971, 0.7036544)
(0.516849756, -0.4963131, -0.0126823429, 0.697408736)
(0.516738653, -0.4881146, 0.004444311, 0.7033531)
(0.5168734, -0.496564537, -0.0125147188, 0.6972151)
(0.506312549, -0.494917, -0.001468862, 0.706188738)
(0.517002046, -0.495183825, -0.009753546, 0.698145151)
(0.509291768, -0.490920454, 0.004874224, 0.7068205)
(0.512286663, -0.4976975, -0.0109638283, 0.699813843)
(0.505109966, -0.492763, 0.00431316439, 0.7085408)
(0.493921131, -0.5008154, -0.005932931, 0.710767567)
(0.5017489, -0.491189152, 0.007653947, 0.711984932)
(0.51390624, -0.490098625, 0.001978858, 0.704059541)
(0.5084201, -0.484313667, 0.0177220367, 0.711783)
(0.50967443, -0.4922505, 0.0006047696, 0.7056352)
(0.509815, -0.483417064, 0.01799924, 0.7113879)
(0.5151126, -0.4894279, 0.00293444516, 0.7036411)
(0.512757838, -0.4986389, -0.0132479034, 0.698758364)
(0.510099769, -0.491458982, 0.004193578, 0.70586735)
(0.4990281, -0.4999398, -0.006550295, 0.7078052)
(0.5038796, -0.4905445, 0.009304221, 0.710904241)
(0.512121856, -0.49432072, -0.00391128426, 0.7023979)
(0.507073939, -0.4885288, 0.012344053, 0.7099742)
(0.5058006, -0.497221559, -0.004044073, 0.704925656)
(0.49263984, -0.499877334, -0.000342837942, 0.712340236)
(0.5049035, -0.4942571, 0.00271395477, 0.707654655)
(0.5168316, -0.487880826, 0.00775098428, 0.703418255)
(0.5044593, -0.49455002, 0.00334539567, 0.707764)
(0.5173206, -0.4906439, 0.00332988217, 0.701168239)
(0.5042964, -0.49591583, 0.00181429985, 0.7069295)
(0.516612768, -0.490012467, 0.00558963837, 0.702116668)
(0.503622, -0.4951333, 0.00435600569, 0.7079469)
(0.516482651, -0.49015224, 0.006435498, 0.7021075)
(0.504036248, -0.49686116, 0.00216836319, 0.7064501)
(0.5157414, -0.4897395, 0.009389933, 0.702906668)
(0.503474534, -0.497070432, 0.00323019968, 0.706699431)
(0.5157207, -0.4910154, 0.00774457, 0.7020512)
(0.5033886, -0.498050719, 0.002089431, 0.7060744)
(0.5126208, -0.489112228, 0.0143965911, 0.705536544)
(0.5046968, -0.4983775, 0.00140505389, 0.7049107)
(0.514087439, -0.4895809, 0.0134672727, 0.704161465)
(0.5034995, -0.4980789, 0.0036779826, 0.7059689)
(0.510721862, -0.4889641, 0.017856393, 0.706935942)
(0.5046503, -0.4984777, 0.00288511929, 0.7048687)
(0.51473105, -0.4903571, 0.0132853677, 0.703153849)
(0.506904364, -0.5000186, -0.000475696783, 0.7021604)
(0.5060403, -0.492191344, 0.0167828165, 0.7080884)
(0.50344044, -0.5014108, 4.492105E-05, 0.703658164)
(0.5109296, -0.49218148, 0.0141980676, 0.7046324)
(0.5037966, -0.5015717, 0.000105593826, 0.703288436)
(0.5111965, -0.492390156, 0.01421922, 0.7042926)
(0.5004938, -0.50104177, 0.004002192, 0.7060078)
(0.5113202, -0.4936929, 0.0119109983, 0.7033329)
(0.499881774, -0.502037644, 0.00245593255, 0.705741048)
(0.510558546, -0.4940685, 0.0115375612, 0.70362854)
(0.5014029, -0.5030749, -0.000528628, 0.703925133)
(0.511819959, -0.494669378, 0.0100763105, 0.702311158)
(0.500170648, -0.5024494, 0.00233719172, 0.705243647)
(0.5108084, -0.494512022, 0.0115812561, 0.7031348)
(0.498469472, -0.501740634, 0.005208603, 0.706935167)
(0.5113824, -0.496327847, 0.007618243, 0.7014904)
(0.498577654, -0.501010954, 0.006741737, 0.707363248)
(0.5116962, -0.496438563, 0.007255458, 0.7011869)
(0.499093175, -0.5025957, 0.00325082312, 0.705898762)
(0.5111416, -0.4957795, 0.009198402, 0.7020344)
(0.498241842, -0.5019746, 0.00528129749, 0.706929147)
(0.510791957, -0.4964051, 0.008292103, 0.701858044)
(0.497642815, -0.50144583, 0.00695167156, 0.7077114)
(0.5100776, -0.4952172, 0.0114742639, 0.7031707)
(0.497542441, -0.5016479, 0.00668128626, 0.7076414)
(0.5097106, -0.4949492, 0.0125709446, 0.7036068)
(0.497907579, -0.502387762, 0.00548000447, 0.7068695)
(0.5105674, -0.496476322, 0.009211171, 0.7019596)
(0.4984977, -0.5039837, 0.00196553627, 0.7053343)
(0.505552948, -0.49491173, 0.0160706434, 0.7065553)
(0.496014059, -0.503965139, 0.00384915131, 0.707088768)
(0.507765, -0.496840954, 0.0107224034, 0.7037107)
(0.49610278, -0.5043816, 0.002891082, 0.7067339)
(0.5067614, -0.496115178, 0.0126709845, 0.704912841)
(0.494856715, -0.5034247, 0.005274591, 0.708274364)
(0.5064718, -0.4960028, 0.0127452, 0.7051986)
(0.494552433, -0.503484845, 0.005477953, 0.7084425)
(0.506416142, -0.4965762, 0.0123999761, 0.7048412)
(0.493690163, -0.5033919, 0.007318221, 0.709093153)
(0.5047166, -0.495985419, 0.0157939028, 0.706406534)
(0.492592573, -0.5035624, 0.008403543, 0.7097231)
(0.5048326, -0.4975882, 0.0128402449, 0.7052554)
(0.491889477, -0.503903866, 0.008428441, 0.7099681)
(0.504159, -0.497541279, 0.0136964219, 0.705754042)
(0.492788762, -0.5053871, 0.005156359, 0.7083195)
(0.502471, -0.496795356, 0.0165682565, 0.7074198)
(0.491215676, -0.5046425, 0.007430699, 0.7099211)
(0.502635658, -0.4970953, 0.0155043527, 0.7071161)
(0.493645161, -0.505992532, 0.00302208378, 0.7073026)
(0.5027801, -0.497184455, 0.0154044693, 0.7069529)
(0.491339475, -0.504864931, 0.00685150642, 0.709683)
(0.501968861, -0.496792227, 0.0165617336, 0.707778454)
(0.490407079, -0.504549563, 0.007671631, 0.7105432)
(0.50111717, -0.496562332, 0.0170144737, 0.7085322)
(0.49280718, -0.505589366, 0.003551824, 0.7081723)
(0.503545, -0.497579038, 0.0132479453, 0.706174254)
(0.490567476, -0.5037243, 0.009345338, 0.7109979)
(0.5027521, -0.497639, 0.0143873217, 0.706674337)
(0.489435643, -0.5031399, 0.0119556542, 0.712151647)
(0.502212346, -0.498294681, 0.0138718011, 0.7066065)
(0.4891772, -0.5040418, 0.01058527, 0.7117131)
(0.5018688, -0.4983097, 0.014177029, 0.7068339)
(0.488581032, -0.502980351, 0.0131250154, 0.712830365)
(0.499996424, -0.5032319, 0.00475322874, 0.70479697)
(0.4896179, -0.501252, 0.0159945749, 0.7132777)
(0.498633623, -0.5042294, 0.00354746357, 0.7050565)
(0.487990916, -0.50238, 0.0147487931, 0.7136257)
(0.499790847, -0.5020678, 0.00772050442, 0.705745935)
(0.487866223, -0.502039552, 0.0163207669, 0.7139163)
(0.4955306, -0.506253541, 0.002523482, 0.7057978)
(0.4886927, -0.501385152, 0.0176860578, 0.713778436)
(0.49535656, -0.5062631, 0.00254227477, 0.705913067)
(0.49152115, -0.499606073, 0.0190867744, 0.7130473)
(0.497095168, -0.5053283, 0.00310249929, 0.705358148)
(0.493500352, -0.498592436, 0.01978168, 0.7123705)
(0.498075277, -0.505011857, 0.00343372161, 0.7048917)
(0.491381437, -0.5000608, 0.0187257472, 0.7128343)
(0.498201668, -0.504958, 0.00402382668, 0.7048379)
(0.488277, -0.502634346, 0.0161199644, 0.713221252)
(0.496790081, -0.5062816, 0.00292668655, 0.70489)
(0.490398228, -0.5013205, 0.0183024928, 0.7126376)
(0.497865528, -0.505948, 0.00385473622, 0.7043662)
(0.486477971, -0.505593956, 0.0127017135, 0.712427258)
(0.496334583, -0.5078612, 0.00104296452, 0.7040795)
(0.488977462, -0.5033647, 0.01563038, 0.712236345)
(0.497107953, -0.5071378, 0.002148445, 0.704052746)
(0.4903419, -0.5022187, 0.0176493544, 0.712060153)
(0.495114, -0.5083481, 0.0016951263, 0.7045861)
(0.490912467, -0.5020224, 0.0184750836, 0.7117844)
(0.49172014, -0.5099586, 0.00120032078, 0.7057989)
(0.491940171, -0.501781, 0.0185262039, 0.7112437)
(0.498707682, -0.506717563, 0.0034730623, 0.7032183)
(0.493793517, -0.5006656, 0.0196145, 0.71071595)
(0.4972965, -0.507599056, 0.00292614754, 0.703584254)
(0.492888451, -0.5013965, 0.019582849, 0.710829854)
(0.493686318, -0.509324968, 0.00253737136, 0.7048797)
(0.489786059, -0.5028448, 0.0196051653, 0.711949766)
(0.493081272, -0.5096612, 0.002928917, 0.705058753)
(0.488624632, -0.5034392, 0.0194294844, 0.712332368)
(0.493968666, -0.5092683, 0.00333362585, 0.704719543)
(0.4935787, -0.501233, 0.0207718, 0.7104323)
(0.4940029, -0.5092367, 0.00346509763, 0.7047177)
(0.490353465, -0.5025006, 0.0202650428, 0.7117836)
(0.497479945, -0.5072196, 0.005485995, 0.70371294)
(0.489145458, -0.5034746, 0.0191970747, 0.711956143)
(0.500189, -0.5047706, 0.009494642, 0.703510761)
(0.487729222, -0.5061843, 0.0153987855, 0.711098135)
(0.5005909, -0.5041198, 0.0113066938, 0.7036648)
(0.487886935, -0.5058523, 0.0163652971, 0.7112046)
(0.4998379, -0.5057043, 0.008740241, 0.703099549)
(0.487075865, -0.5074532, 0.0138925733, 0.710672557)
(0.5001799, -0.5028765, 0.0150215151, 0.7047763)
(0.4885912, -0.5105153, 0.00702049024, 0.7075335)
(0.5009332, -0.503736138, 0.0130964033, 0.7036649)
(0.4877213, -0.507725835, 0.0136162341, 0.7100401)
(0.5009028, -0.503252864, 0.0143518774, 0.704007864)
(0.487737954, -0.507647038, 0.01402598, 0.710077167)
(0.4978456, -0.50939846, 0.00307673262, 0.701892853)
(0.490171969, -0.505034149, 0.0174469426, 0.710188448)
(0.501629353, -0.5053604, 0.008841343, 0.702068865)
(0.4901879, -0.5048494, 0.0175770279, 0.7103055)
(0.499141276, -0.5080498, 0.004674841, 0.701941252)
(0.488642663, -0.5062524, 0.0154342465, 0.7104215)
(0.498832732, -0.507964432, 0.00448469026, 0.702223539)
(0.491466284, -0.503323257, 0.0191009454, 0.710465848)
(0.500331163, -0.5066095, 0.00610277569, 0.702124059)
(0.4906571, -0.5041091, 0.0178789683, 0.7104999)
(0.499443829, -0.5074348, 0.00471410854, 0.7021706)
(0.489432722, -0.505200148, 0.0161603671, 0.710610449)
(0.5009024, -0.5055364, 0.00747066643, 0.702477038)
(0.4907899, -0.5034058, 0.0186692923, 0.7108863)
(0.5008948, -0.505473554, 0.00718789734, 0.7025306)
(0.491848856, -0.5023568, 0.0197227877, 0.710868)
(0.49877876, -0.5070473, 0.00483935047, 0.702922)
(0.4894167, -0.5040477, 0.01734047, 0.711411536)
(0.501762, -0.5028658, 0.0113362269, 0.7037274)
(0.489082962, -0.50432837, 0.016723033, 0.7114571)
(0.4995937, -0.505886, 0.006296257, 0.7031684)
(0.490451545, -0.5026025, 0.0192612279, 0.7116719)
(0.4974479, -0.507065535, 0.00463018334, 0.7038527)
