(0, 0, 0, 0)
(0.463166326, -0.336569637, -0.07647993, 0.8163017)
(0.469708622, -0.32742548, -0.0604951121, 0.817622542)
(0.4643878, -0.336496621, -0.0771732256, 0.815572441)
(0.46316582, -0.32881695, -0.05998232, 0.820828259)
(0.466534227, -0.335498124, -0.07675012, 0.8147983)
(0.463327348, -0.3286752, -0.060127832, 0.820783138)
(0.46484375, -0.336152673, -0.07751195, 0.815422356)
(0.468041, -0.3271289, -0.06024272, 0.8187155)
(0.471214354, -0.333914727, -0.0773365647, 0.8126974)
(0.466125846, -0.328227818, -0.06244875, 0.81920284)
(0.477225959, -0.330528557, -0.07390583, 0.8108909)
(0.471115142, -0.338945836, -0.0879950449, 0.8095821)
(0.480526775, -0.3287468, -0.07195047, 0.8098411)
(0.485267282, -0.33486256, -0.08859256, 0.8028288)
(0.489177167, -0.3247465, -0.07143414, 0.80631423)
(0.5049415, -0.317442924, -0.06764589, 0.7998051)
(0.495863467, -0.321650445, -0.07232586, 0.8033862)
(0.5139955, -0.315306574, -0.0720633939, 0.7944792)
(0.5298894, -0.315155655, -0.0827168, 0.782976449)
(0.548817, -0.301880866, -0.07255803, 0.7761464)
(0.5790692, -0.2881522, -0.07458451, 0.759002149)
(0.6085369, -0.273575246, -0.07560935, 0.7410282)
(0.6205992, -0.254611433, -0.06173647, 0.739065766)
(0.625411749, -0.253905833, -0.07143732, 0.7343628)
(0.633206367, -0.2343917, -0.0575187057, 0.735392332)
(0.649835944, -0.215886638, -0.05018991, 0.727039933)
(0.6638089, -0.1961174, -0.039087873, 0.7206718)
(0.663655043, -0.199987143, -0.0496312, 0.719099343)
(0.676370263, -0.201745927, -0.060575977, 0.705799162)
(0.676828265, -0.18645221, -0.04694079, 0.7105882)
(0.67027, -0.18806009, -0.05124312, 0.716062665)
(0.6834539, -0.175916791, -0.04579402, 0.7069986)
(0.69635123, -0.174318686, -0.0511465147, 0.6943285)
(0.709205866, -0.162556365, -0.0446820557, 0.6845479)
(0.702649, -0.167654708, -0.04944212, 0.689733)
(0.696666, -0.174863011, -0.0562908351, 0.6934772)
(0.7081023, -0.168490544, -0.0542253852, 0.6835654)
(0.711370766, -0.152945191, -0.03984141, 0.6848153)
(0.708189547, -0.165223718, -0.0521679334, 0.68443197)
(0.7146909, -0.173267186, -0.063294664, 0.6746771)
(0.716247737, -0.158495411, -0.0493213721, 0.6778169)
(0.710872352, -0.171193883, -0.0609186962, 0.679442465)
(0.719993234, -0.160409912, -0.0530944839, 0.6730967)
(0.7104534, -0.164259061, -0.0539939962, 0.6821727)
(0.719958067, -0.154594332, -0.0465868153, 0.674974561)
(0.715643048, -0.1684466, -0.05818781, 0.6753479)
(0.7185088, -0.154303923, -0.04382293, 0.6767681)
(0.7109301, -0.166448623, -0.0529262647, 0.6812283)
(0.719008148, -0.155165762, -0.04308784, 0.6760876)
(0.7140137, -0.168168753, -0.053881906, 0.6774958)
(0.7196306, -0.154513642, -0.040964108, 0.675706446)
(0.7161199, -0.168615967, -0.0532165356, 0.6752103)
(0.724130332, -0.158160433, -0.0440269038, 0.669837356)
(0.715201, -0.155743152, -0.0372337736, 0.680327356)
(0.7182377, -0.167687744, -0.04895, 0.673512757)
(0.713462234, -0.157057256, -0.03585987, 0.6819229)
(0.7213368, -0.160799965, -0.0413956046, 0.672386)
(0.7120404, -0.158746675, -0.035815455, 0.683019161)
(0.7187317, -0.167246655, -0.04556336, 0.6733329)
(0.7097321, -0.164144874, -0.03914932, 0.6839621)
(0.7177149, -0.15451099, -0.0311339945, 0.6782642)
(0.7140541, -0.168925822, -0.0437990129, 0.6779915)
(0.718347132, -0.155395851, -0.0305584446, 0.6774185)
(0.710077345, -0.1665332, -0.0389561057, 0.6830368)
(0.7195168, -0.161558509, -0.0364537761, 0.6744371)
(0.7113926, -0.156013489, -0.0281494055, 0.684681058)
(0.7175189, -0.1647791, -0.0380587429, 0.6756966)
(0.707824051, -0.162616938, -0.0325265229, 0.6866461)
(0.716528237, -0.1558813, -0.0280106384, 0.679340541)
(0.7071896, -0.1641292, -0.0336238444, 0.6868871)
(0.717187762, -0.16138579, -0.0335512981, 0.6771047)
(0.707434535, -0.166381538, -0.0357960649, 0.6859827)
(0.7171623, -0.162287757, -0.03453858, 0.6768663)
(0.706602454, -0.166364312, -0.03608582, 0.686828732)
(0.7135186, -0.1542864, -0.02616501, 0.6829365)
(0.7073971, -0.166427448, -0.036871057, 0.68595314)
(0.7153338, -0.15500012, -0.0270710848, 0.680837452)
(0.7051879, -0.159154758, -0.0282552429, 0.6903486)
(0.714602768, -0.157931611, -0.0296221953, 0.6808253)
(0.705839455, -0.153402448, -0.0225703362, 0.691193759)
(0.711297035, -0.163244128, -0.03384351, 0.6828342)
(0.7021731, -0.160195425, -0.0278870463, 0.693190157)
(0.711756766, -0.159262419, -0.0294390023, 0.683499157)
(0.7166661, -0.169448912, -0.0409048535, 0.6752802)
(0.712505043, -0.15863052, -0.02811219, 0.6829222)
(0.7023091, -0.160966471, -0.0273989532, 0.6928933)
(0.7121759, -0.159749046, -0.0283778012, 0.68299377)
(0.7114529, -0.17376864, -0.04203655, 0.679611742)
(0.7108798, -0.160463423, -0.0276988856, 0.684203267)
(0.7206212, -0.158773273, -0.0280763786, 0.674320161)
(0.711141348, -0.16556491, -0.0318421423, 0.6825338)
(0.7140874, -0.151510835, -0.0180688538, 0.683225453)
(0.7114631, -0.165541127, -0.031322293, 0.6822282)
(0.711794555, -0.1519135, -0.0170491915, 0.685551)
(0.713499248, -0.165319532, -0.0307168867, 0.68018)
(0.7076685, -0.1564935, -0.01949287, 0.6887199)
(0.7131657, -0.166959614, -0.0311109126, 0.68011117)
(0.708442748, -0.156743914, -0.0188404731, 0.6878847)
(0.7157361, -0.16444996, -0.0282046646, 0.6781465)
(0.705849767, -0.1670436, -0.0274604838, 0.6878361)
(0.715880036, -0.161947057, -0.0243971739, 0.678744256)
(0.708695, -0.173382908, -0.03341237, 0.6830617)
(0.7154133, -0.16092205, -0.0220611487, 0.6795596)
(0.710483432, -0.174518168, -0.03424869, 0.680869758)
(0.710679948, -0.1608207, -0.0200022813, 0.6845952)
(0.7099305, -0.1746369, -0.03388352, 0.681434155)
(0.7110932, -0.160542488, -0.01975979, 0.6842383)
(0.7109944, -0.17410402, -0.0336771645, 0.680470765)
(0.7092536, -0.161126778, -0.0198172927, 0.6860063)
(0.714429736, -0.170995787, -0.0314822644, 0.6777606)
(0.7092264, -0.160623133, -0.019467948, 0.6861626)
(0.7168826, -0.167019665, -0.0280294344, 0.676312149)
(0.7084342, -0.162259, -0.0206791218, 0.6865605)
(0.716007948, -0.168267772, -0.0288178567, 0.676896)
(0.7056962, -0.172103837, -0.0297239069, 0.686651)
(0.714944959, -0.165324658, -0.0254781563, 0.678875864)
(0.709321737, -0.155432567, -0.0137613928, 0.6873966)
(0.7116626, -0.168230712, -0.0272431262, 0.6815369)
(0.7213923, -0.1668285, -0.0284349378, 0.671530247)
(0.712291837, -0.165240765, -0.0240662843, 0.6817307)
(0.720945656, -0.156027526, -0.0169419367, 0.674985766)
(0.711398065, -0.1622308, -0.0204459634, 0.6835028)
(0.715572238, -0.173337057, -0.03271402, 0.6758997)
(0.709603667, -0.1645377, -0.02172247, 0.684775949)
(0.719501734, -0.159732834, -0.0192401, 0.675597847)
(0.709999561, -0.166582868, -0.0232709534, 0.683819532)
(0.719329059, -0.16772823, -0.0268598553, 0.673581064)
(0.7105527, -0.164812371, -0.0211278833, 0.683743656)
(0.7180803, -0.171855986, -0.0300862566, 0.673736632)
(0.710775733, -0.165005311, -0.0207498819, 0.6834767)
(0.7178349, -0.172270268, -0.0299710874, 0.6738975)
(0.709718168, -0.16713056, -0.022280572, 0.6840109)
(0.7191702, -0.168880582, -0.0266361088, 0.6734716)
(0.7099004, -0.16745618, -0.0222050287, 0.6837448)
(0.7178995, -0.172858432, -0.0296259634, 0.67369324)
(0.708977342, -0.170089409, -0.0237453151, 0.6840007)
(0.7184801, -0.170352429, -0.0266135782, 0.6738384)
(0.7097679, -0.166372955, -0.0200545657, 0.6842129)
(0.7184276, -0.170201316, -0.0263938755, 0.673941135)
(0.709840357, -0.165761948, -0.0194732342, 0.684302866)
(0.7170802, -0.172715649, -0.0286182258, 0.6746453)
(0.7101317, -0.165227413, -0.01889493, 0.684146)
(0.7193753, -0.167690381, -0.023813108, 0.673655748)
(0.710082531, -0.165917739, -0.0193128381, 0.6840184)
(0.7161927, -0.174751759, -0.0301415827, 0.67499727)
(0.71003896, -0.165820211, -0.0193704329, 0.6840856)
(0.7186761, -0.1696827, -0.0257265624, 0.673832655)
(0.7130657, -0.160004944, -0.0143605405, 0.682443738)
(0.7188293, -0.169441864, -0.0253707059, 0.6737435)
(0.7106048, -0.163763851, -0.0172246788, 0.6840509)
(0.713199556, -0.175995961, -0.0304550566, 0.6778233)
(0.7119165, -0.162812918, -0.01640382, 0.682933152)
(0.718197644, -0.171775937, -0.0269036535, 0.673766553)
(0.7122842, -0.162571266, -0.0155498879, 0.682627261)
(0.7167087, -0.1734773, -0.02749961, 0.6748911)
(0.713303745, -0.161547929, -0.0141816856, 0.681834936)
(0.7138289, -0.175287068, -0.02789197, 0.67745465)
(0.7096786, -0.164339021, -0.0151956556, 0.68492204)
(0.7158288, -0.173433557, -0.02613177, 0.6758899)
(0.708453536, -0.165847436, -0.016525792, 0.685795248)
(0.717082858, -0.169638544, -0.0229443386, 0.675639331)
(0.7083415, -0.1661085, -0.01693038, 0.685838044)
(0.7169987, -0.170614645, -0.02369247, 0.675457)
(0.708221, -0.166657165, -0.0170521289, 0.6858263)
(0.71751, -0.167924821, -0.0207125284, 0.6756861)
(0.7078319, -0.16684112, -0.016731469, 0.6861911)
(0.716186941, -0.171769828, -0.0238596387, 0.676019251)
(0.706759632, -0.170486256, -0.0196410213, 0.686323166)
(0.7157152, -0.17382805, -0.0254730284, 0.675934)
(0.7114532, -0.162688121, -0.0127969151, 0.683522642)
(0.7160305, -0.17338191, -0.024822019, 0.6757387)
(0.706643462, -0.170588851, -0.0193339176, 0.686426044)
(0.714902759, -0.175280377, -0.02661309, 0.6763746)
(0.7110109, -0.163997173, -0.0140518583, 0.683645368)
(0.7159693, -0.174479961, -0.02634617, 0.675463259)
(0.708086252, -0.168137416, -0.0178912636, 0.685582638)
(0.7160829, -0.173422888, -0.0256511122, 0.6756418)
(0.7127265, -0.1614151, -0.0125762261, 0.6825012)
(0.714474857, -0.174199209, -0.0261662, 0.6771231)
(0.7112027, -0.161839932, -0.012909634, 0.6839824)
(0.714283347, -0.173725218, -0.0261040609, 0.6774492)
(0.7112063, -0.161533982, -0.012852828, 0.684051931)
(0.712159753, -0.174907252, -0.0266993772, 0.6793548)
(0.7117138, -0.161320165, -0.012603811, 0.683579147)
(0.715589, -0.172818646, -0.02535342, 0.6763308)
(0.709273338, -0.163870066, -0.0145655852, 0.6854676)
(0.715765953, -0.172210544, -0.0248224176, 0.6763184)
(0.7078705, -0.166353732, -0.01648256, 0.686275542)
(0.714930832, -0.173773, -0.02603422, 0.676756263)
(0.7091749, -0.16422537, -0.0147055965, 0.685481369)
(0.7111713, -0.176764742, -0.0283529218, 0.679842353)
(0.7094959, -0.163485363, -0.0144983949, 0.68533057)
(0.7133931, -0.174671143, -0.0273566879, 0.6780943)
(0.70881927, -0.1637257, -0.0152088376, 0.6859577)
(0.7161322, -0.1707953, -0.0247868672, 0.6762907)
(0.7094756, -0.162412271, -0.0146850394, 0.6856028)
(0.7166049, -0.169814333, -0.02438116, 0.6760518)
(0.7105053, -0.160662472, -0.0135666523, 0.684971333)
(0.714806, -0.1716528, -0.02613303, 0.677425146)
(0.711558759, -0.159508824, -0.0131488089, 0.684155)
(0.71364224, -0.172086447, -0.026890995, 0.67851156)
(0.7127752, -0.158307821, -0.0129762162, 0.6831704)
(0.709283948, -0.171932384, -0.02613069, 0.683134556)
(0.71721977, -0.1609766, -0.0172830131, 0.6777785)
(0.7086312, -0.170397833, -0.02466225, 0.68425)
(0.7169466, -0.160478309, -0.0168523863, 0.67819643)
(0.708326638, -0.1697265, -0.0237764716, 0.6847635)
(0.7169935, -0.160398021, -0.016493611, 0.678174555)
(0.70795995, -0.168610051, -0.0223553665, 0.685466)
(0.7175136, -0.1619093, -0.0181905087, 0.6772213)
(0.7076751, -0.166583583, -0.0203577578, 0.6863173)
(0.7173003, -0.161104739, -0.0174243134, 0.677659035)
(0.707569, -0.166922, -0.0208002534, 0.6863311)
(0.7174488, -0.162312314, -0.0188240055, 0.6771762)
(0.707681835, -0.168066427, -0.0222001933, 0.685891569)
(0.717747, -0.164661691, -0.021573361, 0.6762103)
(0.7079921, -0.168743268, -0.0231139287, 0.6853749)
(0.7170801, -0.161079183, -0.017948607, 0.6778845)
(0.7068305, -0.1644104, -0.0186519139, 0.687758744)
(0.716556132, -0.161916643, -0.01867237, 0.678219438)
(0.7065351, -0.165748581, -0.0199224222, 0.687705338)
(0.7162111, -0.160000786, -0.0167319, 0.6790888)
(0.7072198, -0.168014169, -0.02263292, 0.6863666)
(0.716331363, -0.159965947, -0.017128529, 0.6789602)
(0.706453741, -0.166248336, -0.0211572517, 0.6876314)
(0.716020167, -0.159474134, -0.0169942826, 0.6794073)
(0.7071095, -0.167470753, -0.022861, 0.6866054)
(0.716325343, -0.15912044, -0.0169136915, 0.679170549)
(0.706499934, -0.164225146, -0.0196563359, 0.6881145)
(0.7158619, -0.15752843, -0.0153507851, 0.6800667)
(0.706523657, -0.16531238, -0.0208823625, 0.6877936)
(0.71511513, -0.156079084, -0.0135794627, 0.6812234)
(0.708643258, -0.168344736, -0.0243381932, 0.6847571)
(0.716379464, -0.157152683, -0.0150248762, 0.6796158)
(0.708378851, -0.16761817, -0.0237839352, 0.6852283)
(0.7130649, -0.1540173, -0.0113378493, 0.6838776)
(0.710680366, -0.167841136, -0.0250584111, 0.6827407)
(0.714291155, -0.1537063, -0.0119116809, 0.682657063)
(0.711273253, -0.1673657, -0.0253937673, 0.6822274)
(0.713095069, -0.1529172, -0.011550731, 0.6840894)
(0.709496, -0.16634424, -0.0246356241, 0.6843523)
(0.713735759, -0.152485222, -0.0118132439, 0.683513)
(0.709913, -0.166144788, -0.0250464734, 0.6839533)
