(0, 0, 0, 0)
(0.456242681, -0.363515, -0.08642395, 0.8076078)
(0.469317138, -0.358775139, -0.0864497349, 0.8022146)
(0.4556043, -0.360922515, -0.0846819952, 0.8093136)
(0.46924004, -0.356502831, -0.08730083, 0.803180039)
(0.460846841, -0.352520019, -0.0766657442, 0.810846567)
(0.467336625, -0.3561364, -0.09331041, 0.8037764)
(0.460670829, -0.3507742, -0.0814134, 0.811240852)
(0.468855917, -0.352828681, -0.09678138, 0.8039399)
(0.4640259, -0.34584862, -0.08301046, 0.8112816)
(0.466963738, -0.3508033, -0.10106317, 0.805399358)
(0.4719785, -0.339791328, -0.08546288, 0.808995843)
(0.470354557, -0.3303265, -0.06952721, 0.815363169)
(0.471140325, -0.3361926, -0.0882271454, 0.81068933)
(0.460701734, -0.3335103, -0.081134744, 0.818499744)
(0.47537744, -0.328138739, -0.08383686, 0.811980665)
(0.4892801, -0.319189, -0.07718081, 0.807939649)
(0.495462567, -0.3240852, -0.0936148241, 0.80045104)
(0.486523181, -0.3210297, -0.08477079, 0.808114469)
(0.483260334, -0.312927723, -0.0685678646, 0.814760268)
(0.4830078, -0.320515573, -0.0857386962, 0.8103223)
(0.494815618, -0.31159547, -0.07700918, 0.807549059)
(0.481995881, -0.31755206, -0.08412752, 0.8122582)
(0.4935783, -0.316181, -0.0910751745, 0.805056155)
(0.485759676, -0.311243325, -0.0783583447, 0.8130344)
(0.484486252, -0.31906, -0.0952886939, 0.808946133)
(0.486513317, -0.309274584, -0.0775674954, 0.813410938)
(0.482630819, -0.317869574, -0.09429488, 0.8106386)
(0.494858265, -0.3095563, -0.08554106, 0.807448447)
(0.482095, -0.315515518, -0.09167237, 0.812176466)
(0.4864444, -0.3050323, -0.074592866, 0.815329969)
(0.4862749, -0.313011855, -0.09174627, 0.810643554)
(0.497148871, -0.304257244, -0.0801239, 0.8086103)
(0.4879861, -0.313735485, -0.09305757, 0.8091848)
(0.475956023, -0.3141318, -0.08736297, 0.8167954)
(0.4896258, -0.309208244, -0.08588523, 0.810728431)
(0.47642085, -0.314745545, -0.08876436, 0.8161369)
(0.490044534, -0.3104576, -0.08658108, 0.8099236)
(0.477366537, -0.3179363, -0.09312494, 0.81385833)
(0.489550769, -0.316212028, -0.09791621, 0.8066984)
(0.487998933, -0.3079183, -0.0807529539, 0.812725365)
(0.4951144, -0.312429458, -0.094233, 0.8052141)
(0.483404756, -0.313215226, -0.08851051, 0.812638938)
(0.493728071, -0.314343542, -0.09755602, 0.8049245)
(0.4855813, -0.310610324, -0.08484186, 0.8127323)
(0.497258574, -0.310420841, -0.09106519, 0.8050342)
(0.487955242, -0.3080831, -0.07995327, 0.812768161)
(0.48779887, -0.3165949, -0.09657685, 0.807770252)
(0.492247254, -0.3070351, -0.07946011, 0.810622156)
(0.489502937, -0.316233784, -0.0965274349, 0.8068863)
(0.489295065, -0.30787456, -0.07966903, 0.812069237)
(0.485866368, -0.317079276, -0.09693823, 0.808701158)
(0.4937479, -0.307323724, -0.0822228938, 0.8093235)
(0.482870132, -0.315820515, -0.093339324, 0.811407149)
(0.491996467, -0.306204438, -0.07947509, 0.8110869)
(0.4833976, -0.315487117, -0.0936519, 0.8111868)
(0.48805666, -0.305790424, -0.07696214, 0.813860953)
(0.486243457, -0.31436336, -0.09418259, 0.8098597)
(0.486680269, -0.30535987, -0.07694196, 0.8148481)
(0.488585681, -0.312578, -0.09350174, 0.8092196)
(0.489236027, -0.303483576, -0.07605448, 0.814101636)
(0.4845493, -0.312606424, -0.09258734, 0.8117369)
(0.484629542, -0.303822726, -0.07519019, 0.8168062)
(0.4916178, -0.308272481, -0.08866353, 0.8095793)
(0.484958917, -0.303022534, -0.07427198, 0.816992)
(0.4865981, -0.310651481, -0.09109175, 0.811431)
(0.490002334, -0.3011429, -0.074000895, 0.814699054)
(0.488204181, -0.31010443, -0.09132663, 0.810648739)
(0.490017861, -0.300801247, -0.0742376745, 0.8147944)
(0.493186831, -0.308188051, -0.09092027, 0.8084061)
(0.4918037, -0.300448626, -0.07441934, 0.8138313)
(0.4943923, -0.308031052, -0.0912049338, 0.807697237)
(0.4859475, -0.304558218, -0.07908563, 0.8153801)
(0.491437256, -0.310322553, -0.09400677, 0.808302045)
(0.4897461, -0.30248934, -0.07720343, 0.814056933)
(0.497143179, -0.3072534, -0.09063132, 0.806368351)
(0.489986718, -0.302911669, -0.0771897659, 0.8137562)
(0.4819885, -0.312293172, -0.0913723558, 0.813517749)
(0.4879037, -0.302770585, -0.07510187, 0.815254331)
(0.496714383, -0.306443036, -0.08747355, 0.8072893)
(0.4903823, -0.301476061, -0.07340486, 0.8144011)
(0.494226664, -0.308633059, -0.08935878, 0.807775)
(0.494135052, -0.3003881, -0.07200274, 0.812658131)
(0.491787046, -0.309767276, -0.08885304, 0.808885)
(0.492757171, -0.30091843, -0.07145822, 0.8133462)
(0.4943599, -0.309134871, -0.08837553, 0.807609856)
(0.508016646, -0.302906126, -0.0838090852, 0.801961958)
(0.4954938, -0.307883263, -0.08595485, 0.8076544)
(0.482572168, -0.313628435, -0.08951679, 0.812864065)
(0.495820165, -0.308180034, -0.08622334, 0.807312131)
(0.488235921, -0.3039554, -0.07308772, 0.8147975)
(0.4967385, -0.3079348, -0.08547001, 0.8069213)
(0.5001859, -0.298312426, -0.06823522, 0.810041845)
(0.4951191, -0.307946324, -0.08407832, 0.8080575)
(0.485053658, -0.316883266, -0.0960798, 0.8093681)
(0.4956249, -0.308232754, -0.084644556, 0.807579)
(0.5064324, -0.308797121, -0.0919335857, 0.7998243)
(0.49542582, -0.308177, -0.08340078, 0.8078518)
(0.49108392, -0.317985952, -0.09984867, 0.804830253)
(0.496942937, -0.3084858, -0.08356333, 0.8067846)
(0.507152259, -0.310231745, -0.09220816, 0.7987807)
(0.4948757, -0.311864376, -0.08721881, 0.806369364)
(0.5009602, -0.302124321, -0.0710571855, 0.807905138)
(0.492728144, -0.3117305, -0.08504962, 0.8079664)
(0.5058472, -0.307221144, -0.08348268, 0.801725864)
(0.492516845, -0.312190235, -0.0850177556, 0.807921052)
(0.505380869, -0.307482153, -0.08298174, 0.801972)
(0.492135, -0.311809, -0.0833074152, 0.808478951)
(0.5052655, -0.307494283, -0.08175006, 0.8021664)
(0.492771983, -0.314410269, -0.0869337842, 0.806699753)
(0.504862666, -0.3066558, -0.077746436, 0.8031384)
(0.493289083, -0.314932257, -0.0868099257, 0.8061933)
(0.4995216, -0.305318445, -0.07108577, 0.8075925)
(0.497159, -0.31485635, -0.08825898, 0.8036844)
(0.5085757, -0.306745768, -0.07845172, 0.8006892)
(0.4965496, -0.3145836, -0.0860036761, 0.8044121)
(0.496519268, -0.306209147, -0.06880192, 0.8093026)
(0.4966622, -0.3150501, -0.0859021246, 0.804170966)
(0.487859577, -0.311951756, -0.07408807, 0.811905265)
(0.496943027, -0.315065116, -0.08556042, 0.804028034)
(0.486657351, -0.313458323, -0.07607068, 0.8118631)
(0.4974103, -0.314912736, -0.08496998, 0.8038614)
(0.490380645, -0.310318232, -0.07136366, 0.8112563)
(0.498313934, -0.3146672, -0.08444517, 0.803452969)
(0.487937957, -0.313100427, -0.0750625, 0.8113263)
(0.498549968, -0.3146013, -0.0841095448, 0.803367555)
(0.486305535, -0.315852076, -0.0788301453, 0.8108824)
(0.4994681, -0.313598722, -0.08106552, 0.8035023)
(0.5057463, -0.3192646, -0.09521754, 0.7957539)
(0.5004048, -0.313811779, -0.08024204, 0.8029187)
(0.4908515, -0.3232903, -0.09296765, 0.803682268)
(0.498720437, -0.313817829, -0.078488715, 0.804136753)
(0.49777478, -0.322637737, -0.09561134, 0.7993645)
(0.499702424, -0.313472, -0.0784804, 0.8036627)
(0.495069861, -0.323082358, -0.09481804, 0.8009576)
(0.498979717, -0.313482821, -0.07776818, 0.80417645)
(0.490267158, -0.32297197, -0.09145886, 0.804339767)
(0.4982844, -0.313420057, -0.0767847449, 0.8047263)
(0.498880118, -0.321973562, -0.09372716, 0.7991663)
(0.4978579, -0.314025074, -0.0767026544, 0.8047623)
(0.5045402, -0.319182634, -0.09040801, 0.7971123)
(0.4968233, -0.3152785, -0.07737416, 0.8048473)
(0.504868448, -0.319358051, -0.08980478, 0.7969023)
(0.49711284, -0.315758884, -0.0771763, 0.8044992)
(0.5067351, -0.318779, -0.0878497958, 0.7961671)
(0.495561272, -0.318536133, -0.07997442, 0.8040883)
(0.5070377, -0.3184731, -0.08642689, 0.7962524)
(0.495671153, -0.3184807, -0.07931109, 0.804108143)
(0.506520867, -0.319668323, -0.08780587, 0.7959516)
(0.494553179, -0.3210029, -0.08272038, 0.8034498)
(0.5076366, -0.316280782, -0.0811874, 0.797295451)
(0.494464457, -0.32044825, -0.08135564, 0.8038651)
(0.5073765, -0.316428751, -0.08077437, 0.797444344)
(0.4945026, -0.3196433, -0.0789093748, 0.8044058)
(0.5069919, -0.317977518, -0.08228725, 0.796918)
(0.493934751, -0.323329926, -0.08445524, 0.8027163)
(0.5068451, -0.317326933, -0.08012698, 0.797490656)
(0.493676037, -0.323208272, -0.08388791, 0.802984)
(0.504573941, -0.314473033, -0.07299807, 0.8007391)
(0.4957021, -0.323898137, -0.08635812, 0.8011939)
(0.507037163, -0.315404564, -0.07601609, 0.7985329)
(0.4950848, -0.3232817, -0.08373585, 0.802102447)
(0.5073761, -0.3158413, -0.07550079, 0.7981939)
(0.4947664, -0.3226647, -0.08080778, 0.802847266)
(0.5073961, -0.31605354, -0.07474168, 0.7981685)
(0.495117873, -0.3235663, -0.0820997059, 0.8021364)
(0.5077665, -0.316783816, -0.07608258, 0.7975165)
(0.49607417, -0.3247667, -0.08470214, 0.8007887)
(0.5060134, -0.3154451, -0.07204415, 0.799533963)
(0.495958865, -0.3244166, -0.08353705, 0.8011243)
(0.506625652, -0.31550616, -0.0721702054, 0.799110651)
(0.494412363, -0.322758764, -0.0793069452, 0.8031771)
(0.507517755, -0.317617923, -0.07690981, 0.7972637)
(0.494940072, -0.324478626, -0.0826718, 0.8018188)
(0.5064687, -0.316301256, -0.07308458, 0.7988126)
(0.494016141, -0.3236473, -0.07999718, 0.8029951)
(0.507089, -0.319291443, -0.0789172649, 0.7966716)
(0.494079322, -0.324835777, -0.08194902, 0.802279055)
(0.5060882, -0.317122966, -0.07339326, 0.7986997)
(0.4991501, -0.327081144, -0.08831902, 0.797538)
(0.5071884, -0.317296445, -0.07363221, 0.7979105)
(0.4961303, -0.325859845, -0.0837866738, 0.800406039)
(0.5073341, -0.3173331, -0.07351667, 0.797814)
(0.496428043, -0.325997353, -0.08390517, 0.800153)
(0.507789433, -0.317638069, -0.0740326643, 0.7973551)
(0.4958273, -0.325519949, -0.08218693, 0.8008978)
(0.5078036, -0.317823321, -0.0736454353, 0.797307968)
(0.497359753, -0.326921225, -0.08477235, 0.7991054)
(0.5071405, -0.317771256, -0.0718979761, 0.797910154)
(0.499337882, -0.327596337, -0.0860091448, 0.79746145)
(0.5073092, -0.317814171, -0.07127643, 0.797841668)
(0.499192923, -0.3275632, -0.08525342, 0.79764694)
(0.5092685, -0.3183768, -0.07280001, 0.7962299)
(0.49726367, -0.3259916, -0.08021119, 0.8000152)
(0.5091524, -0.318126649, -0.07166285, 0.796507239)
(0.497033536, -0.325686157, -0.07947421, 0.800356269)
(0.509477437, -0.318680048, -0.07310593, 0.7959469)
(0.496668428, -0.32461074, -0.0770073757, 0.8012604)
(0.509730637, -0.320861578, -0.077167064, 0.7945236)
(0.497409374, -0.3225438, -0.07299315, 0.8020109)
(0.5099199, -0.320477515, -0.07618061, 0.7946523)
(0.497488618, -0.322103769, -0.0719388053, 0.8022338)
(0.5103021, -0.319419742, -0.07388884, 0.79504925)
(0.497717947, -0.321895748, -0.0710406154, 0.8022551)
(0.5090459, -0.3224022, -0.078286536, 0.7942293)
(0.496893167, -0.3236512, -0.0731863454, 0.801867068)
(0.509695232, -0.320388556, -0.0741224661, 0.795026839)
(0.496562958, -0.324677438, -0.07456828, 0.8015294)
(0.5089093, -0.323021024, -0.0785360858, 0.794040859)
(0.497185051, -0.32345292, -0.07238242, 0.801839232)
(0.5099464, -0.321194947, -0.07530933, 0.794428647)
(0.497516066, -0.3233051, -0.07187214, 0.8017393)
(0.5094705, -0.322603375, -0.0772584453, 0.7939761)
(0.49772045, -0.322835863, -0.070859164, 0.801891744)
(0.509343147, -0.3227365, -0.07756274, 0.7939741)
(0.4975125, -0.32325682, -0.07166844, 0.80177927)
(0.5098848, -0.321596056, -0.075558506, 0.7942824)
(0.4977603, -0.322532952, -0.07020419, 0.8020465)
(0.509467244, -0.322210819, -0.07645809, 0.794215)
(0.497175068, -0.323528022, -0.07205952, 0.8018441)
(0.5098162, -0.3212591, -0.07495138, 0.794520259)
(0.496869624, -0.324328274, -0.07337689, 0.8015907)
(0.509749, -0.32083872, -0.07413965, 0.794809341)
(0.4969588, -0.323269546, -0.0713994354, 0.802141368)
(0.509984, -0.3194279, -0.07125234, 0.7954905)
(0.496968448, -0.324514747, -0.0735399649, 0.801439047)
(0.509828448, -0.318568736, -0.0693680048, 0.796101153)
(0.4974053, -0.325668, -0.07598958, 0.800471)
(0.5100682, -0.319244534, -0.07095617, 0.7955366)
(0.4971495, -0.322636873, -0.07021153, 0.8023829)
(0.51021874, -0.319644958, -0.07158763, 0.795222759)
(0.4971464, -0.324878126, -0.07387989, 0.8011501)
(0.5098457, -0.318873167, -0.06924328, 0.795978963)
(0.4967258, -0.3232219, -0.0700653, 0.8024225)
(0.5090093, -0.321869135, -0.07433426, 0.794848561)
