(0, 0, 0, 0)
(0.4729614, -0.459582925, 0.05222082, 0.749909341)
(0.486535937, -0.457565278, 0.04985582, 0.7425842)
(0.473441958, -0.461602151, 0.0478725, 0.748654962)
(0.4861694, -0.462174445, 0.0393113121, 0.7406003)
(0.478744566, -0.456549466, 0.0531128719, 0.7480276)
(0.483674735, -0.463463277, 0.03536664, 0.7416264)
(0.487958044, -0.453920066, 0.05129975, 0.7437889)
(0.480599076, -0.4622637, 0.03745742, 0.744267166)
(0.492570579, -0.45490995, 0.0458501168, 0.7404924)
(0.481603473, -0.460920841, 0.0390057974, 0.7443713)
(0.495268017, -0.455227047, 0.0431180745, 0.7386601)
(0.4828985, -0.458987862, 0.0415737, 0.7445876)
(0.496413082, -0.454877317, 0.04253718, 0.7381404)
(0.483652323, -0.456843376, 0.0446540527, 0.745238662)
(0.497159928, -0.452755719, 0.0460229628, 0.7387328)
(0.4859267, -0.459062219, 0.03879893, 0.7427193)
(0.483967245, -0.467694, 0.0207825471, 0.7393282)
(0.489709824, -0.457863033, 0.03569199, 0.7411288)
(0.4780784, -0.457607567, 0.0399990939, 0.748622954)
(0.491799444, -0.456164181, 0.0341102481, 0.7408672)
(0.48290053, -0.464125335, 0.021039132, 0.7422615)
(0.490989774, -0.454816461, 0.03308582, 0.742277741)
(0.4846842, -0.463530958, 0.0152717149, 0.7416111)
(0.4941408, -0.455032945, 0.0242034867, 0.7403946)
(0.5066409, -0.449632138, 0.0255791768, 0.7351814)
(0.508015, -0.457901329, 0.006651526, 0.729522347)
(0.49585104, -0.460214555, 0.00692287, 0.736400843)
(0.495605648, -0.4683498, -0.0133285355, 0.731331468)
(0.4947481, -0.459958017, 0.000330545881, 0.737335)
(0.5045681, -0.451123625, 0.008313231, 0.7360905)
(0.494177, -0.449618757, 0.01382408, 0.743936)
(0.5088107, -0.4463031, 0.00961172, 0.7360929)
(0.498619825, -0.446491033, 0.0129201747, 0.742870867)
(0.4873418, -0.447767884, 0.0141125564, 0.749535)
(0.491355, -0.454411149, -0.00474570552, 0.7430062)
(0.4958463, -0.445845217, 0.009634801, 0.7451614)
(0.494792759, -0.454887867, -0.009425737, 0.740384)
(0.480991542, -0.453471541, -0.000643226434, 0.7503401)
(0.487959921, -0.45576492, -0.0125003671, 0.7443233)
(0.485807836, -0.44760412, 0.004332681, 0.750748)
(0.4977844, -0.445665926, 0.00223336648, 0.7440347)
(0.485034525, -0.4521331, -0.00123761175, 0.7485423)
(0.4989495, -0.44729048, 0.00201104139, 0.742278039)
(0.486604869, -0.4512053, 0.00307468558, 0.7480776)
(0.493065745, -0.456534564, -0.0104655605, 0.740508437)
(0.4791621, -0.461320162, -0.010813877, 0.746639431)
(0.4905843, -0.455138832, -0.00568175828, 0.743063569)
(0.497708052, -0.4459177, 0.007791149, 0.7438974)
(0.48428604, -0.45140186, 0.00483334344, 0.7494531)
(0.496222, -0.451277554, -0.0008099341, 0.7416951)
(0.484109044, -0.459309131, -0.009652106, 0.7447015)
(0.490576148, -0.4505054, 0.004245024, 0.745896757)
(0.5024634, -0.444796562, 0.009411232, 0.7413488)
(0.4936531, -0.4539775, -0.00311396713, 0.741755664)
(0.4822736, -0.461135447, -0.0120639587, 0.7447285)
(0.471083462, -0.458952874, -0.002465912, 0.753283858)
(0.483297229, -0.450854868, 0.005718587, 0.750413835)
(0.4716221, -0.457107335, -0.000749942439, 0.7540722)
(0.485345721, -0.455251217, -0.00463681947, 0.7464344)
(0.473917842, -0.462877929, -0.0138213225, 0.748969138)
(0.485092163, -0.455107868, -0.005114289, 0.7466834)
(0.485100538, -0.4463927, 0.0121953236, 0.75183934)
(0.4895134, -0.452667, -0.00429424271, 0.7452857)
(0.477993757, -0.451492965, 0.00484026829, 0.753427148)
(0.48987323, -0.451659143, -0.002667934, 0.7456682)
(0.4765693, -0.4539079, 0.000477501948, 0.7528938)
(0.4900092, -0.450715661, -0.00134431967, 0.7461532)
(0.478730083, -0.4495651, 0.00736716, 0.754091859)
(0.492041171, -0.446927041, 0.004500398, 0.747082)
(0.479143351, -0.452447236, 0.000564596, 0.7521388)
(0.492338657, -0.448156774, 0.00170548225, 0.7461603)
(0.478735864, -0.4513567, 0.00343138934, 0.75304544)
(0.489302248, -0.452562362, -0.00632342556, 0.745473444)
(0.479248255, -0.44895643, 0.00566043053, 0.7541401)
(0.4922112, -0.4451689, 0.00527237542, 0.748014)
(0.478396177, -0.4484213, 0.006510134, 0.7549921)
(0.4914513, -0.444719017, 0.007538712, 0.748761535)
(0.4813707, -0.452940553, -0.00361337722, 0.7504092)
(0.481115758, -0.4441993, 0.0140312258, 0.7556572)
(0.4815183, -0.451978624, -0.003332434, 0.750895739)
(0.493292153, -0.444673419, 0.00493064476, 0.7475989)
(0.480309844, -0.445593983, 0.0114615532, 0.755392)
(0.487666428, -0.4506134, -0.00227172975, 0.7477459)
(0.4745795, -0.451191336, 0.00429235632, 0.755766)
(0.486142665, -0.443747818, 0.0126696937, 0.752723455)
(0.474618375, -0.4511699, 0.00366527447, 0.7557577)
(0.486715823, -0.444731325, 0.0107087875, 0.7518025)
(0.477551877, -0.453337938, -0.00195794459, 0.7526122)
(0.478019327, -0.444542736, 0.0158590358, 0.7573821)
(0.485957563, -0.448725134, 0.00241888524, 0.749990046)
(0.487596959, -0.439902246, 0.0203450453, 0.7538708)
(0.484909266, -0.449080765, 0.00399321644, 0.750448942)
(0.478620172, -0.4432307, 0.02059512, 0.7576577)
(0.480663568, -0.450941116, 0.00389625458, 0.752063453)
(0.484486371, -0.441721469, 0.0207076129, 0.754802167)
(0.477176428, -0.4505805, 0.00633442029, 0.7544799)
(0.490303516, -0.445539, 0.0100970734, 0.748996258)
(0.477298617, -0.447826117, 0.0141087184, 0.7559356)
(0.485102117, -0.452530235, 0.000531026861, 0.7482593)
(0.473632425, -0.450616866, 0.0107827233, 0.756637633)
(0.4863712, -0.445289552, 0.0145863248, 0.751629949)
(0.473022819, -0.450416565, 0.0121287545, 0.757117569)
(0.4862255, -0.4454266, 0.0160558317, 0.751613)
(0.4755626, -0.452873617, 0.006095577, 0.7541276)
(0.474069118, -0.444695354, 0.0234229248, 0.759576142)
(0.484010875, -0.448083, 0.0107137617, 0.751558542)
(0.471506864, -0.454172343, 0.00543723162, 0.75589633)
(0.48389864, -0.447627246, 0.0125316866, 0.751874268)
(0.472836882, -0.4552806, 0.00273107085, 0.754412)
(0.4796708, -0.446165442, 0.0177254379, 0.7553397)
(0.491108179, -0.447417438, 0.008481405, 0.7473677)
(0.4831773, -0.4430833, 0.0223874673, 0.7547951)
(0.4825024, -0.451975733, 0.005722991, 0.750251)
(0.4695992, -0.453185, 0.011113056, 0.7576124)
(0.482629359, -0.449267775, 0.01079025, 0.7517386)
(0.47103712, -0.447147727, 0.0206740648, 0.760102332)
(0.4843963, -0.445080817, 0.01792808, 0.752955437)
(0.493138283, -0.436661571, 0.03183794, 0.751749754)
(0.485805959, -0.4456038, 0.01838624, 0.7517258)
(0.472467065, -0.450113744, 0.0159167778, 0.7575745)
(0.485559, -0.4455114, 0.0178676751, 0.751952648)
(0.496337861, -0.447240978, 0.008073576, 0.7440155)
(0.48573485, -0.445293576, 0.0185640585, 0.751951158)
(0.477663547, -0.454192549, 0.0054140524, 0.752008855)
(0.475062758, -0.446465343, 0.0231185183, 0.7579246)
(0.4845502, -0.449977219, 0.0107572693, 0.7500772)
(0.4759109, -0.4456087, 0.0247841962, 0.757844)
(0.487115473, -0.447611958, 0.0149338813, 0.7497594)
(0.4751445, -0.447014064, 0.0229704827, 0.757554233)
(0.4825723, -0.451912761, 0.008479309, 0.750218034)
(0.473489434, -0.447857767, 0.0220419113, 0.758119643)
(0.48627013, -0.4468505, 0.0176075231, 0.750703633)
(0.497845352, -0.447588354, 0.00997318048, 0.7427753)
(0.4856492, -0.44736892, 0.01739174, 0.7508019)
(0.4791199, -0.4413421, 0.0330077372, 0.758005)
(0.486358464, -0.446841, 0.018097477, 0.7506405)
(0.47432515, -0.446419269, 0.02574977, 0.7583288)
(0.486633539, -0.4466662, 0.0190083422, 0.750543654)
(0.473153, -0.45153752, 0.0161644462, 0.75629276)
(0.483826458, -0.443800241, 0.0262648631, 0.7538325)
(0.48622328, -0.4514659, 0.009274033, 0.748117268)
(0.486405432, -0.442949951, 0.0270791445, 0.752643168)
(0.4782402, -0.4517681, 0.0141750313, 0.75298804)
(0.487558872, -0.443264037, 0.0271114185, 0.751710236)
(0.4772759, -0.4508805, 0.016621029, 0.754081)
(0.484293044, -0.441764265, 0.0311887451, 0.754540861)
(0.481215626, -0.450744, 0.0140049728, 0.75170815)
(0.485460371, -0.441795915, 0.030226605, 0.753811)
(0.4880835, -0.4496941, 0.0130450446, 0.7479168)
(0.477843374, -0.4468855, 0.0244159922, 0.7558856)
(0.490683258, -0.4461631, 0.0191484261, 0.748199046)
(0.479566365, -0.444134176, 0.0295844786, 0.7562313)
(0.4894618, -0.447479635, 0.0181587413, 0.7482375)
(0.476699829, -0.4474732, 0.0253415667, 0.7562293)
(0.487617075, -0.449316949, 0.0156422723, 0.7483977)
(0.477074, -0.44652763, 0.02715721, 0.7564892)
(0.487759918, -0.449129879, 0.0166515186, 0.7483952)
(0.47473833, -0.4501704, 0.0224343613, 0.7559542)
(0.487047136, -0.4500797, 0.0166133214, 0.748289645)
(0.47372818, -0.4508639, 0.0225843415, 0.7561701)
(0.48658216, -0.4489015, 0.0202558357, 0.749209464)
(0.473085, -0.4520946, 0.0216074958, 0.7558665)
(0.486772776, -0.4491394, 0.0211192053, 0.7489192)
(0.4740099, -0.45426926, 0.0179672688, 0.754076362)
(0.4866118, -0.4480093, 0.0239962973, 0.749613762)
(0.4751373, -0.455102772, 0.0153752575, 0.7529207)
(0.486395985, -0.4475677, 0.02463944, 0.749996662)
(0.474277079, -0.4541015, 0.0176448487, 0.754017055)
(0.4873115, -0.4483281, 0.0224171989, 0.7490172)
(0.4742202, -0.450201124, 0.0253750253, 0.7561682)
(0.487212777, -0.4489449, 0.0209626015, 0.748754)
(0.4748665, -0.448089957, 0.0289896838, 0.756886244)
(0.4871713, -0.44793725, 0.0224365685, 0.7493416)
(0.473771065, -0.4496929, 0.0254899524, 0.7567479)
(0.487059265, -0.4472724, 0.0231744647, 0.749789)
(0.474104315, -0.4524031, 0.0195953, 0.7550977)
(0.487282425, -0.44798252, 0.0218144916, 0.749260664)
(0.474085182, -0.453511477, 0.0175350048, 0.754495263)
(0.486016244, -0.4467947, 0.0248140246, 0.7506977)
(0.4743774, -0.4539534, 0.0164047889, 0.754071057)
(0.486738861, -0.447788447, 0.022709474, 0.749703348)
(0.473283976, -0.452304482, 0.0207480155, 0.755640447)
(0.486450344, -0.447985917, 0.0226551164, 0.749774337)
(0.4729618, -0.451757818, 0.0220279731, 0.756132841)
(0.4863568, -0.448616683, 0.0214094818, 0.749494433)
(0.473082185, -0.450660765, 0.0245150775, 0.7566354)
(0.486103684, -0.449401945, 0.02039264, 0.749216437)
(0.473366737, -0.4497958, 0.02661779, 0.756900966)
(0.486382842, -0.448984027, 0.0218820088, 0.7492438)
(0.473240644, -0.450814426, 0.0257890876, 0.7564024)
(0.486222953, -0.450249374, 0.0206919555, 0.7486218)
(0.472847283, -0.454551131, 0.0191517733, 0.7546071)
(0.4853578, -0.4485224, 0.0245594922, 0.7501016)
(0.472337157, -0.453771472, 0.02017962, 0.75536865)
(0.485045254, -0.4477231, 0.0257333, 0.7507416)
(0.474446118, -0.45532456, 0.0158109833, 0.7532134)
(0.484469235, -0.4473171, 0.02721671, 0.7513031)
(0.477300018, -0.45635587, 0.0125600072, 0.750843763)
(0.4832356, -0.447450548, 0.0281609762, 0.751983)
(0.4797944, -0.456582874, 0.0115413545, 0.749130368)
(0.482214838, -0.447695, 0.028881412, 0.752465248)
(0.477673233, -0.456616074, 0.0126467133, 0.7504466)
(0.484438926, -0.4481484, 0.027111616, 0.7508308)
(0.475091845, -0.45742017, 0.0135390032, 0.7515791)
(0.481890947, -0.4488321, 0.0280322563, 0.752027333)
(0.472035438, -0.4569678, 0.0164825525, 0.7537183)
(0.483432859, -0.449349046, 0.0264305379, 0.750786)
(0.47149843, -0.4557028, 0.0200084746, 0.754734337)
(0.483636379, -0.4488871, 0.02823335, 0.7508656)
(0.472922117, -0.456513673, 0.0182970036, 0.753395855)
(0.4840151, -0.4490821, 0.0278826021, 0.750517964)
(0.484719485, -0.457647115, 0.010432791, 0.7453169)
(0.4828955, -0.450002, 0.02811523, 0.750679553)
(0.476206779, -0.4589343, 0.0137815494, 0.7499444)
(0.4808422, -0.449820518, 0.03026176, 0.7520216)
(0.476154745, -0.45876658, 0.0139277177, 0.7500773)
(0.48532632, -0.450558662, 0.02618804, 0.748845339)
(0.492519021, -0.4560953, 0.0114683118, 0.741127968)
(0.483655751, -0.45229727, 0.0248829, 0.7489227)
(0.482920319, -0.460920185, 0.00756135071, 0.744502)
(0.4812531, -0.452856243, 0.02493877, 0.7501298)
(0.48504737, -0.4597816, 0.007967415, 0.7438189)
(0.484197527, -0.451775879, 0.0255007949, 0.748866439)
(0.4935567, -0.4558197, 0.0129199838, 0.740583)
(0.4817831, -0.455225438, 0.0211761855, 0.7484694)
(0.484964341, -0.44599846, 0.03799576, 0.751299739)
(0.479855269, -0.454827249, 0.02224055, 0.7499176)
(0.491286546, -0.447742552, 0.0309170876, 0.746463835)
(0.4817495, -0.45639497, 0.0190066937, 0.7478368)
(0.486491054, -0.4473957, 0.034890186, 0.7496307)
(0.47900182, -0.456029534, 0.0204621032, 0.7497837)
(0.488753438, -0.447427839, 0.03231369, 0.748254061)
(0.4864617, -0.4565187, 0.0154329389, 0.744787)
(0.491951644, -0.4474578, 0.031361, 0.7461781)
(0.48127678, -0.4553683, 0.021218434, 0.748706937)
(0.470053941, -0.462667346, 0.0112149436, 0.7515733)
(0.4796501, -0.454060256, 0.023423193, 0.7504774)
(0.492398858, -0.4481597, 0.0287908651, 0.7455652)
(0.4802942, -0.4548062, 0.0224793218, 0.749642253)
(0.493332982, -0.4531667, 0.0190386083, 0.7422263)
(0.480070859, -0.455053359, 0.02197466, 0.7496503)
(0.483003557, -0.445868939, 0.0389260463, 0.752591)
(0.484448224, -0.4541068, 0.0217825547, 0.7474105)
(0.485338271, -0.4455154, 0.0395743959, 0.75126344)
(0.484958172, -0.4543236, 0.0225718468, 0.7469245)
(0.472027242, -0.454635441, 0.0290324837, 0.754754245)
(0.485227048, -0.45296365, 0.0257178843, 0.747473836)
(0.4886697, -0.460275739, 0.009135077, 0.7411239)
(0.484068781, -0.453810215, 0.02599871, 0.7477017)
