-7,-18,-2,-2,-2,-1,0,1
2,8,-2,-5,-3,-1,0,1
-2,-4,-3,-2,-1,0,-2,0
-1,-2,2,0,0,0,2,-1
0,-1,1,7,-1,0,0,-3
-1,-6,-4,-5,-3,-2,-1,-1
-1,-2,-5,-5,-6,0,1,0
1,-2,0,0,0,-1,0,0
0,9,-1,-6,-2,0,-1,-1
-2,-8,-3,2,-1,1,0,-2
0,3,-1,0,-1,-3,-1,-1
-3,-3,1,-1,0,-1,-4,-1
1,8,-1,-1,0,0,1,1
1,1,1,1,1,-1,-4,1
-1,-2,1,2,1,0,2,2
-2,-2,-1,-3,-3,-3,-7,-4
-3,-19,-3,-4,-1,-1,1,-1
-1,3,1,2,0,0,0,-3
-4,-4,-2,1,-1,-2,0,-4
-5,-12,-5,-3,0,-1,0,0
3,11,-3,-4,-2,0,-2,-6
-2,-6,-3,-3,-2,0,-3,2
2,-3,1,3,-1,0,1,0
-1,4,1,3,-1,-2,0,-2
-3,-1,0,-1,-2,-2,1,-1
-2,0,-1,-4,-3,-2,2,-3
-1,4,-1,0,-2,-6,-20,-4
-2,-3,-1,0,-4,-2,-2,-1
0,2,0,0,0,-1,2,2
-5,-18,-1,0,-1,-2,-3,-3
3,21,-1,-3,-2,2,6,0
2,2,2,-1,-2,0,0,3
1,-5,-3,-1,0,-1,-7,-1
2,-7,0,2,1,0,1,2
-4,-10,-2,2,1,0,0,2
0,3,-3,-5,-3,0,-2,-4
-1,6,2,3,-2,-2,6,1
0,4,-3,-4,-2,-1,-3,0
-2,-6,-1,0,-1,1,7,-1
0,-1,-2,-1,1,0,4,-1
-2,-3,0,-3,0,-2,-2,1
0,0,-7,-1,-1,-1,1,-1
3,19,1,-3,0,-1,-3,-1
-3,-9,-2,0,-1,0,-1,-1
-1,-2,-2,0,-2,-1,-2,-1
1,8,3,2,-1,-1,1,1
-2,-5,1,-3,-2,-2,0,-4
-4,-19,-7,3,2,-1,-2,-1
2,14,-5,-4,-1,-1,-2,-3
-3,-6,-2,-3,0,-1,-2,-1
1,-7,1,-1,-1,1,20,0
0,2,1,1,-4,-5,-9,-2
0,-7,0,3,1,1,0,-2
-2,0,1,0,0,-4,-5,0
-1,-8,-4,-3,-3,0,-6,-1
3,6,0,-1,0,3,12,3
-4,-3,-3,-1,0,-3,-4,-1
1,5,-2,-2,1,-1,-1,0
-2,-4,0,0,-3,-3,-6,-1
-1,-1,-1,-2,-2,0,-2,-3
-1,-3,-2,-2,3,8,9,3
-1,-1,0,1,1,-1,1,-2
-2,-7,-2,-2,-2,-2,-7,-2
0,3,0,-4,-10,-19,-4,0
2,-1,0,1,5,27,5,3
2,26,1,1,-1,-11,-1,-1
-3,-6,-5,-2,7,13,2,-1
0,3,2,0,1,0,-1,1
-1,-4,-4,-6,-7,-18,-1,-2
0,-10,0,-3,-5,-2,-5,-2
-1,4,0,4,-4,-13,-16,-6
-1,3,-2,-9,-2,7,4,3
-1,-3,3,8,6,1,-9,-2
1,-6,-3,-3,6,0,6,3
-1,-4,-2,-5,-12,-20,-1,3
-2,2,2,0,11,38,-4,-2
-3,-1,-5,-8,-14,-19,-3,-4
-2,-5,2,6,-1,9,-4,-5
-5,5,-3,-8,-1,-12,-9,-7
-2,-2,-2,-3,-1,-12,9,1
-1,1,3,6,2,-4,-11,-1
-1,1,0,-8,-1,1,-1,-3
-5,-24,-1,1,1,-16,-8,-2
13,14,10,18,1,26,25,11
-1,-2,-2,-1,26,-8,-4,-2
1,-4,0,4,-42,-19,-4,0
4,-2,2,17,46,23,11,3
-7,-9,-12,-41,-74,0,-20,-12
-2,-3,1,6,5,2,2,-1
-3,7,0,-1,1,-6,-4,-2
1,4,1,6,-1,-26,7,3
-1,0,0,18,33,-13,-5,2
0,0,-4,-5,13,12,1,-4
-6,-9,-4,-24,-17,22,-5,-6
1,5,-1,-14,-22,-5,13,1
-4,-8,-6,-7,-20,-9,-2,-5
-3,-2,0,0,7,11,3,2
5,14,5,17,19,-12,7,5
-1,-3,-2,0,7,32,-1,0
-3,-4,-3,-4,0,-23,-5,-1
0,0,3,8,1,19,4,4
-6,-9,-1,0,-9,-30,-8,-5
-2,-3,-12,-11,-5,15,-3,-4
-3,-1,0,0,6,-7,-12,-8
3,0,3,-7,-18,-10,-3,-3
7,17,-3,1,11,-4,5,5
-13,-7,0,-5,-14,-4,-23,-10
0,-1,-1,6,14,21,12,4
-2,2,-1,-5,-7,-5,-6,-3
-1,-6,1,1,-6,11,-1,0
-1,6,2,-3,-7,-32,-14,-4
2,2,-1,3,11,7,1,-4
0,-2,2,0,-10,-11,-5,6
-12,-14,-11,-4,7,1,3,-8
1,-2,-3,7,22,10,7,-7
4,-2,2,-3,-22,8,26,9
-1,-7,-11,-12,4,18,-2,-8
-3,-8,-4,-4,-10,-27,-23,-6
1,2,3,-2,0,22,9,1
-1,-1,1,3,18,18,19,6
-1,6,3,1,-15,-32,-12,0
2,0,1,4,6,46,3,-2
3,-8,4,6,-3,-8,1,4
-1,-1,-3,1,8,-9,-2,-1
-2,-5,-6,-2,-13,-17,0,-1
-2,-8,-4,-4,0,0,-7,-2
4,6,2,-3,-8,2,16,9
-3,-5,0,-1,2,-4,-21,-6
3,-6,-6,3,5,2,5,1
-9,-17,-2,-5,-2,-6,0,-8
3,15,-5,-2,2,21,10,1
-6,-4,-2,-7,-10,-44,-15,-3
3,5,10,4,4,-2,-21,-4
2,2,5,9,-10,-28,24,11
-3,-8,-2,-5,-9,8,-6,-5
1,10,4,5,2,-8,-4,-5
-1,0,5,0,-5,-12,-8,2
12,11,-4,-4,8,-9,-6,3
-17,-3,1,-4,-6,-35,-22,-16
1,13,3,-1,-12,42,3,-8
-11,-18,-10,4,30,42,25,-6
4,38,6,0,-15,7,-3,8
2,-4,-6,-9,-5,15,-10,5
-7,-14,-2,4,4,-45,-28,-10
4,6,-1,-9,-26,-36,-22,2
-11,-12,2,8,26,37,0,-3
7,0,-2,2,-3,-5,18,-10
8,4,2,-2,-7,-24,-19,0
-14,-1,-1,2,-3,-10,44,10
-8,-3,1,2,4,1,-12,-7
0,-4,-4,-4,-6,-1,-12,-1
8,2,8,9,15,28,25,14
2,11,2,1,-16,-28,-15,-11
-3,-16,-11,-11,-2,4,10,3
1,6,9,0,-5,-11,0,7
0,-1,-7,1,11,8,0,-1
2,-1,-4,-6,-2,26,10,-6
5,0,2,-3,-7,-36,-18,-2
-3,2,2,1,7,18,8,2
-9,-20,-16,-4,-8,-30,-6,0
2,-1,1,3,15,40,16,2
-1,-7,-2,-2,-1,9,-1,-6
1,-1,2,1,4,-27,-9,-4
-4,1,2,-6,-32,-19,-21,-12
-1,2,-1,-6,1,4,2,3
1,6,5,5,6,-18,12,-1
-10,-3,-3,9,20,-14,-3,-9
10,0,-7,-14,-13,3,1,17
6,-3,-4,-4,15,22,10,5
3,-2,3,-2,-22,-22,-17,-5
2,2,-2,0,-3,-9,-7,2
-13,-7,-2,0,1,-15,-9,-8
2,0,3,0,5,11,1,-6
3,2,-1,-3,7,-4,3,3
-3,-4,-4,-7,-4,54,12,4
6,5,3,3,4,-33,-14,-5
-10,-2,1,6,6,37,-7,-3
-7,-8,-6,-1,-11,-1,23,6
-2,-9,-7,-14,-33,-34,-14,0
4,0,6,0,17,33,19,-1
-8,1,-6,-4,-22,-36,-14,-12
-6,0,-5,-4,7,4,7,-3
9,4,0,5,15,18,-17,9
-7,-7,-5,-2,-1,16,18,-3
-4,1,1,0,0,-20,-11,1
-7,-10,-4,2,-8,-17,-26,-9
-1,-3,-12,-6,-7,-18,-8,-3
-7,22,4,-2,-7,35,1,-9
1,-1,4,5,6,15,-5,-4
-6,-3,-5,-22,-49,-42,-3,-4
4,-3,2,5,10,19,-3,4
-13,-11,-6,-13,-2,5,22,6
3,3,1,2,14,-24,-37,9
0,1,4,2,6,31,13,-7
11,-1,3,4,-17,-52,-31,-8
-24,-7,-3,6,32,33,6,-8
15,-1,-4,-5,-7,-17,-13,11
7,2,6,11,16,8,22,6
-7,1,1,3,2,27,29,2
8,-6,-1,5,3,-26,-3,2
-1,-2,3,-2,-14,16,-12,-3
-4,-2,-10,0,22,39,6,11
-6,-4,-3,-16,-18,-6,-3,-20
1,-12,-19,-11,-12,-18,21,2
2,1,2,5,7,5,-16,-11
-9,-6,1,1,2,-27,-50,-9
0,4,4,2,-15,-22,22,7
1,4,3,-5,-2,5,-12,0
-5,-11,-12,-9,-2,51,39,6
5,3,1,3,17,24,3,-6
-2,-5,-2,2,7,-9,-22,-4
7,5,10,15,19,-17,8,5
0,-4,-1,-7,-42,-56,15,-2
2,2,6,13,12,19,23,2
-8,-4,0,-4,1,24,7,0
-2,-24,-9,-8,-6,-4,8,-6
3,9,-5,3,1,-15,-7,13
-21,-5,5,0,-7,-14,-8,-20
-4,-5,-9,-4,7,-11,3,5
-4,1,3,3,-5,-1,-30,-5
1,2,3,-5,-4,-3,19,2
6,-7,-17,-8,-3,1,-12,2
1,3,3,1,8,44,33,12
12,6,2,3,-6,10,-12,2
-4,-8,-4,-4,7,22,-18,-8
6,8,8,2,5,36,36,12
-1,-1,-1,-6,-12,-34,-3,-2
-6,4,-4,3,-3,3,-20,-10
0,-7,-1,7,16,18,-29,-3
12,5,1,8,5,-2,-8,-14
1,5,1,-12,-17,4,3,-5
2,6,4,-2,-2,-19,27,6
-16,-8,-15,-16,-18,-19,-6,-17
5,-8,-9,-9,6,-6,-13,11
-13,-10,-3,4,-10,-28,-23,-7
1,-1,-4,-5,1,26,7,-2
-16,-5,1,-7,-11,-8,15,8
-5,-1,-2,-1,-10,-16,-3,-4
14,8,1,6,2,12,8,11
-3,-14,-4,1,-2,-10,-2,4
-13,-4,-1,8,0,-44,-19,-15
5,-1,3,-5,-13,5,-10,4
2,-5,-8,4,18,41,34,6
-3,2,-1,-7,-6,-12,-9,-1
1,1,7,7,9,10,2,-4
-2,2,-2,-2,8,-9,0,0
-8,-2,2,2,-3,-24,-24,-10
-5,3,-5,-2,6,14,0,6
0,-4,-1,-3,-9,35,60,16
3,3,-6,-7,-12,-20,-36,-15
-4,-12,-3,3,21,9,15,8
4,4,4,4,-5,-15,-13,-7
11,12,5,-7,-2,-32,2,-3
-9,-6,1,11,-15,-23,-5,-1
-6,-2,-1,-12,-18,-3,13,0
14,-1,1,0,5,20,-10,-4
-20,-3,-6,4,10,2,1,1
2,-3,3,-3,-1,2,-33,-3
-3,-1,-4,-2,-14,-46,-27,-3
1,-6,-1,-4,-3,14,23,10
-3,-3,-2,-2,-9,-3,-17,-9
3,2,-1,7,15,17,5,5
1,8,7,7,30,54,4,-9
-4,-4,-10,-9,-19,-28,-30,-8
-1,-5,-2,3,21,10,25,-8
-12,-13,-12,-15,-27,-32,28,8
29,13,11,4,-19,5,20,12
-18,-2,8,7,16,16,20,2
-4,-4,-6,-2,0,-22,-55,-48
17,4,-1,-4,19,40,9,5
-24,-1,-1,4,14,26,6,-2
-2,5,7,-2,-20,-75,-25,8
10,3,0,-4,-8,5,19,8
-11,-10,-10,-5,3,-1,-18,-10
-3,-1,-1,2,-23,-34,-49,-13
5,6,0,-2,-7,5,7,2
1,0,3,-7,-13,-48,0,10
1,9,4,7,17,54,48,9
4,-4,-2,3,11,-3,-8,10
-10,3,3,5,-6,-30,-30,-21
5,-5,-8,-3,-2,9,11,15
9,7,7,13,27,-12,3,0
-3,-3,-7,-21,-36,9,6,3
-3,-7,-7,1,21,9,19,-3
-8,-1,1,1,-24,4,-21,-4
1,2,0,-3,1,-31,-10,0
1,0,1,3,1,19,31,2
4,-3,-4,3,8,-6,-10,6
6,0,0,-4,7,22,4,10
-4,0,3,3,-5,-3,15,-1
2,3,0,-2,8,0,3,0
-2,0,0,-4,-5,13,-15,-5
-1,1,1,7,-6,-8,-2,-1
-9,-2,-3,-11,-20,-38,-10,-2
-5,-4,2,3,3,0,-12,-9
-2,-5,-3,1,17,49,10,-2
4,3,-2,1,3,-23,-6,-3
6,-2,-1,-7,-13,2,11,6
18,-3,-3,-1,5,-8,-22,1
-24,-3,-2,-5,-10,-1,1,-5
-8,-4,0,2,-2,-32,-13,-4
-9,-1,3,3,0,44,-15,-14
3,-1,-3,12,18,-17,8,-3
13,2,1,-13,-14,17,13,9
4,-2,-8,-4,1,-9,-14,6
-2,7,-4,-2,-1,2,6,12
-12,-1,2,16,41,20,-4,-1
-5,-3,-5,-11,-31,-34,23,-1
8,6,5,3,2,-7,-26,-6
2,-4,-3,-2,-10,-8,-9,-9
-5,-6,-9,-12,-6,-3,3,-2
4,5,2,3,3,-17,-1,2
4,-4,0,4,22,97,27,4
-11,-9,1,-4,-8,-23,-26,-7
6,0,-1,-6,-13,-21,-22,-2
-19,-6,-4,-1,4,32,4,-7
1,0,-5,-6,-5,-12,-7,-4
8,2,2,3,-9,-33,21,7
-10,-2,-3,-2,2,12,-15,-5
14,3,9,7,-1,-22,-8,0
5,-6,-10,-5,-1,16,29,13
-12,-6,-4,3,21,27,14,-8
-2,-4,-1,-9,-33,9,-11,2
11,4,-2,5,5,-5,15,-3
-5,9,2,-5,-9,-7,3,-9
4,-3,-6,-11,-7,13,10,12
-8,-3,-2,3,13,-27,-12,-9
3,0,-2,2,-1,2,-26,-7
-14,-5,5,-1,-21,-16,18,2
5,0,-4,-9,1,-4,12,1
3,3,2,5,-7,34,13,3
-8,-2,-6,-6,22,-25,-19,-1
1,-3,0,-10,-16,2,4,-4
-3,4,2,1,-4,-6,-2,2
-3,-7,-4,-2,-1,3,31,20
5,-3,-3,6,34,-6,-37,-5
1,0,-1,-5,-34,-2,1,8
-5,-2,-1,-1,0,6,-19,-4
3,9,5,3,6,30,14,-2
-6,-5,-3,5,11,0,-3,-1
9,8,8,4,25,3,-13,0
-15,-6,-3,-1,-17,-43,-14,-10
-5,-6,-1,-5,-5,-8,2,-4
0,1,2,2,-6,27,10,0
4,-5,-1,0,3,-7,1,3
7,1,1,0,-6,12,10,9
-7,-4,-6,-2,1,-34,-21,-13
9,-10,-1,-5,-17,14,23,9
-2,12,4,9,4,-18,-23,-5
-2,-5,-4,0,9,4,-1,-6
3,0,-1,-5,0,36,8,9
-3,1,1,5,-21,-26,7,1
-7,-9,-7,-6,20,13,-14,-8
-1,0,-1,2,15,33,9,3
7,1,2,2,-9,-43,-1,-4
-11,1,2,-3,-14,-16,-15,-21
2,-1,0,8,14,18,31,4
4,3,-1,-2,-20,-36,-32,3
-4,-10,-6,-1,7,27,1,-14
2,7,1,2,-6,-10,9,11
-2,-2,-4,-5,-4,-15,-18,2
0,-2,1,-5,-2,15,8,5
-1,-3,-6,-2,-21,-81,-12,5
2,-4,-6,-4,14,22,-18,-10
0,0,2,7,-1,-3,19,2
3,0,-4,1,7,39,-4,-1
-3,2,3,3,5,-17,-13,-3
-6,-6,-6,-14,-16,3,18,-3
-1,5,2,-1,-10,12,-6,0
-5,0,0,0,-4,-3,-29,-16
-4,-5,-1,2,12,10,32,-3
4,-3,-3,4,-1,-13,-19,3
-8,-6,-3,-9,-4,-2,-10,-7
-4,1,2,0,2,-9,17,3
0,4,-2,-4,-15,8,-17,-8
25,5,0,-1,10,33,7,8
-21,-2,3,2,-9,-33,9,1
-7,1,2,7,12,12,2,10
-4,-7,-8,-5,-1,-38,-2,-8
4,2,1,0,-1,1,-18,2
-3,-10,-10,-17,-41,-4,-8,-2
1,3,5,3,10,-19,-23,-6
7,4,2,-1,-5,4,2,-13
-10,4,1,1,6,-1,7,4
1,-4,1,4,13,-13,13,1
8,4,-1,-2,0,12,3,2
-13,1,1,-6,-9,-4,-9,-1
-7,-7,-5,-4,-12,-15,-16,-6
5,-1,-2,1,22,17,-11,0
-1,-5,-5,-3,-13,0,20,0
15,-1,-1,0,8,14,-11,8
-18,-7,-6,-7,-5,18,63,11
2,1,-1,2,14,21,-14,2
-2,-8,-3,-1,-2,-25,-10,-5
-2,3,0,-2,-3,48,2,7
6,2,3,2,25,-10,-3,5
2,0,2,0,-23,-19,-13,-8
-3,0,0,-1,2,-12,7,0
0,-1,0,2,11,12,-15,-4
-3,1,-4,-9,-39,-22,6,-1
6,1,-2,2,29,-11,4,1
9,4,3,6,-2,38,-4,5
-23,-9,-4,-4,-2,6,6,-8
-7,-2,0,4,7,-14,13,-11
0,-3,-1,-3,-4,-10,-40,0
-6,-1,-1,-4,-15,-29,9,-2
8,0,-2,3,13,3,-3,5
1,2,0,-1,-10,-12,-30,-4
-13,-8,-5,-4,-5,46,42,-2
-3,-1,2,0,14,4,31,3
3,5,0,7,-8,-20,-13,2
3,1,1,-4,-15,-15,-35,-13
-11,-3,-7,-11,-16,-19,-8,1
4,4,3,2,6,9,-4,-8
-5,-10,-6,-8,-4,3,16,8
13,3,0,2,6,23,6,2
-14,-8,-3,-1,8,-23,-39,-13
-2,-2,-2,2,23,67,33,6
-4,0,0,-3,-33,-30,-13,-3
2,2,-1,-2,2,0,-10,0
8,3,1,1,2,13,15,-4
-11,-6,-7,-4,-14,-50,-11,4
0,1,3,6,17,20,3,1
-1,4,3,10,20,20,6,5
5,0,-5,-22,-53,-27,18,1
-10,-11,-3,-5,-1,-3,-23,-10
18,3,0,-2,-3,-2,7,5
-10,-2,-1,-2,-3,-33,-6,-4
-1,-2,7,15,38,61,27,4
12,8,0,-5,-7,7,-18,-2
-15,-4,-2,2,1,-29,-19,-9
-8,-11,-9,-5,-5,17,24,-3
6,4,2,4,12,-8,8,4
3,-1,-2,-6,-20,-23,-3,3
-16,4,8,1,2,-8,1,-3
-9,-3,-5,-8,-15,15,-13,-15
6,0,2,9,12,-41,-25,3
-5,-4,-6,-14,-26,29,21,-1
13,1,-2,-9,-10,-43,-32,2
-9,-3,-4,0,7,22,20,-3
-2,-4,2,6,8,11,1,-13
-2,3,-3,3,16,-18,19,2
5,-3,-3,-4,-18,0,-8,0
2,1,-3,-14,-19,1,-2,6
7,3,-2,5,2,-13,-4,1
-3,-8,-3,3,2,5,-11,-3
3,9,4,-1,17,56,41,5
-7,-7,-7,6,3,-22,-12,-2
6,4,3,2,-6,-9,-13,4
7,0,-3,-6,6,5,5,2
-13,-6,-3,-3,-4,-26,-1,-14
14,0,4,11,19,22,-2,10
-10,1,0,-9,-27,-25,8,-5
7,-5,-2,0,6,-1,-1,4
-6,-2,-1,3,-4,-10,-9,-18
0,4,-1,-4,6,3,9,8
2,0,2,13,46,19,45,3
-5,2,0,-2,-39,-9,-17,-5
5,1,-2,-11,-19,-25,4,4
-7,-11,1,3,-1,24,-22,-5
2,0,-3,-6,2,39,7,3
-1,5,6,5,6,-34,-16,-5
-15,-9,-7,-1,4,-10,-11,-9
2,2,5,-2,-5,4,14,5
-10,-5,-4,-6,0,10,-8,2
8,2,0,1,4,-16,-32,-13
-5,0,-3,3,10,25,2,-2
2,4,5,0,0,-5,21,9
7,0,-4,-7,-15,3,-5,2
-8,-5,0,5,9,21,7,3
2,1,-5,-9,-3,-22,-9,4
-5,-2,-3,-1,-3,-8,-14,-14
-1,1,2,5,12,-7,13,-1
-1,-2,-2,-5,-40,-10,1,-2
-1,-5,-2,0,15,2,-5,-3
2,-5,-3,-10,-16,-21,0,4
3,4,2,1,-10,-12,-3,-4
-17,-9,1,5,21,14,-8,-2
9,3,6,7,2,11,10,6
0,2,1,0,12,17,-17,2
0,1,-2,-7,-11,-3,-3,-2
-4,-9,-5,3,-1,-19,-8,4
14,2,-3,-9,-2,-3,5,1
-16,2,2,-1,-1,-39,-8,-9
-3,-3,-7,-4,2,75,18,4
-1,2,1,5,18,-10,1,-6
6,1,1,-1,-16,12,9,6
3,-1,-4,-14,-32,-34,-21,-7
-3,-9,-4,1,1,-24,-16,-5
1,5,-10,-6,5,41,8,-10
-15,-9,-4,10,38,23,-4,-9
1,0,5,12,-27,4,24,9
-9,-8,-9,-34,-47,-21,-21,-4
5,2,2,-5,-5,-11,2,3
1,6,-3,-3,2,11,3,-2
1,-2,-1,4,19,6,18,-1
0,2,3,11,11,6,-17,-9
-1,1,-3,-8,-3,7,8,5
-2,-2,0,-6,-14,-38,-19,-3
0,-16,-8,-2,5,14,1,3
5,10,1,3,0,-5,0,2
-3,-3,2,-2,-3,-15,8,-1
-1,-7,-10,1,4,33,-6,10
15,0,-3,-3,2,-8,33,5
-23,-4,3,8,5,-5,-12,-5
9,2,1,4,15,-2,-6,2
0,7,7,-4,-37,-43,-7,-5
-1,8,0,-3,0,17,-8,-2
20,2,-5,-5,5,-7,1,4
-12,-17,-6,-3,-5,-20,-2,-8
-6,-34,-30,-3,5,20,33,4
-5,-1,2,2,5,-4,-31,-7
2,2,5,11,37,-1,-9,-1
2,12,7,2,-48,-10,-17,-6
8,0,3,-8,11,30,8,7
-12,2,3,3,-8,-4,6,-10
2,-7,-6,-2,7,14,22,4
-7,-8,-3,1,9,-11,-9,-1
-4,6,8,5,-3,-10,-4,-1
6,7,0,3,28,1,-1,5
-1,3,2,-6,-41,-23,4,0
2,0,-6,-10,-31,5,-17,-1
-5,1,2,-9,-2,6,7,-1
-3,-2,-4,-5,4,-44,-32,-10
2,-9,-4,0,-16,-6,-17,-10
6,7,-1,6,23,20,47,10
-1,-1,6,5,-4,-11,-15,7
1,0,3,8,17,22,-10,-1
-4,-18,-4,-12,-19,15,0,-4
4,9,10,-3,6,-4,-1,-6
-13,-7,-20,-2,-2,-11,-2,-6
3,-15,0,-5,-6,-3,11,3
14,0,-9,6,-2,-19,8,8
-25,-7,-4,-3,5,-16,0,-11
5,8,11,3,13,25,11,1
-8,1,1,-5,-22,1,-19,-11
4,5,12,0,8,5,22,3
-1,-8,-11,-4,9,-1,-2,0
6,3,5,4,-8,-15,-6,-8
2,1,-4,4,30,9,5,-1
-11,4,6,4,-25,-24,-31,-9
1,2,-8,-17,-13,25,0,-1
3,5,4,3,11,8,23,6
-4,-3,-5,-10,-10,-16,-32,-6
-8,-1,-3,8,32,43,-3,-2
-1,-5,5,23,54,-22,14,3
-1,-1,-9,-36,-83,8,-14,-7
2,3,1,-2,10,18,13,7
-4,1,-5,-3,-5,-23,1,7
2,-8,2,7,9,8,-7,1
13,20,5,7,16,-2,10,2
-8,-3,-5,1,-11,1,28,0
-5,-2,-1,-2,24,-5,-31,-2
6,4,-1,-11,-46,-26,-4,2
-3,-15,-5,-1,13,-4,-2,4
-5,3,0,-2,-13,-10,-4,-4
4,6,6,3,-4,-7,14,-3
-7,-8,-11,-5,13,14,-5,-5
-11,-9,-2,0,1,-13,-29,-9
8,4,0,0,2,8,2,5
-1,-3,-1,-4,-4,-37,9,2
0,-1,-2,-2,-9,21,0,-1
9,3,3,2,5,2,-5,6
1,1,1,1,-1,-19,-1,-2
-9,-6,-1,-1,7,11,-6,-10
4,6,2,-4,-20,-13,-22,4
2,8,6,8,4,-3,2,-3
-10,-5,-6,-5,-2,11,-5,1
1,0,-3,-3,-3,-52,-6,-4
-4,7,7,3,-9,18,9,2
-4,-1,3,3,15,6,17,1
16,1,-3,-2,-1,2,-1,7
-3,-4,-2,-1,-6,1,-9,-7
-6,3,2,-2,2,-8,-3,-6
8,-4,-6,0,-6,26,12,1
-26,1,5,4,4,-21,7,-5
-1,-5,-4,1,-2,-7,0,3
8,3,-1,-4,-10,-4,-16,5
0,0,-1,-8,3,6,-3,-2
4,1,0,-2,-12,-18,-7,-9
-11,-6,-7,-7,-1,6,-8,-7
0,-3,2,7,5,-7,7,-1
7,0,4,9,11,-10,1,3
-7,-7,-1,-3,-11,7,-2,-2
2,7,3,-2,-5,19,3,-10
-10,-10,-7,-2,3,3,0,-5
21,4,-3,6,6,-4,10,13
-7,-5,-1,-4,3,0,-21,-13
-3,3,3,7,9,-11,9,4
-5,-5,-2,-8,-23,-12,8,-2
-9,-2,-5,1,-8,-27,0,-7
8,13,8,4,0,22,1,1
7,1,-1,-2,5,6,-8,5
15,-10,-13,-6,6,2,10,-2
-26,-19,1,5,3,0,-2,0
5,3,-2,-10,-17,4,-2,0
0,8,2,2,2,-17,41,4
8,1,2,5,15,16,-9,3
-4,3,-1,-12,-30,16,-2,-5
-1,-9,-5,-1,3,-21,-8,-4
7,-5,0,3,-5,12,6,7
-21,-17,-3,-1,10,1,-3,-6
-1,11,0,5,11,20,0,-8
1,-7,-2,6,4,10,11,9
-4,-6,-2,-5,-12,-14,11,6
-1,2,0,0,4,48,16,3
-9,-5,-2,-6,4,0,-10,-5
12,6,1,3,1,-16,13,-9
3,7,3,5,3,42,16,16
-1,4,1,-1,6,-21,-1,-9
-1,-1,2,0,4,-16,-5,-3
9,7,-8,-8,-15,3,7,1
-28,-12,-3,-2,-4,-47,-36,-16
1,5,-2,-4,-7,15,-5,1
8,16,9,3,-10,-9,9,5
-10,-15,-1,10,2,-6,-4,-5
5,2,2,-1,10,12,18,5
8,2,-4,-8,-6,-6,-2,4
-5,-15,-5,-9,-5,-24,-15,-1
3,25,3,9,-4,37,-1,-2
6,0,-2,-5,12,17,1,-6
1,4,1,5,0,-4,9,9
3,0,-2,-4,0,-22,-21,-9
-7,-12,-4,-6,-16,-5,-9,-1
1,-2,-5,-4,10,-12,-27,-10
1,8,8,4,-21,-24,-25,-3
-7,-13,-10,6,13,-6,13,-1
6,0,1,2,11,-1,29,21
11,1,2,-7,-23,-12,-17,-7
-22,9,1,2,18,44,34,3
3,-9,2,8,10,22,20,12
-9,-13,-11,-2,-5,-22,0,-8
10,8,2,3,17,43,-12,9
-4,-7,-2,-9,-24,-49,-56,-14
4,4,3,-1,7,36,5,4
-4,2,3,-6,4,8,13,-4
-7,-6,-2,3,-8,5,10,-2
1,-17,-8,-4,0,-21,-17,0
-15,6,-5,-14,-13,-23,-2,-20
11,-2,2,11,32,22,22,13
-7,1,-4,-18,-40,-12,-24,-7
4,-9,-3,-2,3,-2,24,9
-3,0,1,-2,-12,0,-22,-12
1,3,3,-6,4,-19,-28,-1
-4,-10,-2,3,-1,13,-2,-6
-1,4,-2,-2,-8,-21,15,-3
8,-5,-4,0,16,11,-5,5
-3,0,0,2,1,30,6,-2
-8,-3,-2,0,10,-7,4,-5
2,7,3,0,-20,-18,-3,-8
6,7,2,5,6,-10,20,11
-12,-6,-2,1,-7,-17,-15,-4
-3,-3,-2,-7,12,5,-14,-7
4,-6,-8,-6,-14,-9,10,1
-7,-2,-1,0,-7,-14,-16,-4
-1,-8,2,-6,-8,-7,-48,-11
10,28,-2,5,11,-4,14,-2
-1,9,1,-7,-2,-2,-26,-9
0,-4,4,12,17,10,40,8
-10,-9,-5,-13,-26,4,-10,-4
2,-6,-6,-6,-3,-2,12,10
1,9,7,7,38,64,4,9
-11,3,-4,-2,-9,3,-31,-26
-4,-5,4,13,8,-18,7,-2
-5,-2,5,0,-7,-18,-21,-7
11,-13,-13,-6,-6,23,35,3
-5,-3,-1,-7,1,-15,-24,-3
-2,1,1,3,-21,-12,-3,4
0,0,-2,-10,-21,-31,-8,-4
0,-4,5,14,21,12,-9,1
-1,-8,-2,-2,4,21,9,3
-3,0,-10,-14,-14,-15,5,-3
-8,5,3,5,-6,8,30,0
5,2,4,2,9,-12,-45,-1
-5,-4,2,2,1,0,5,0
12,-10,-4,-1,11,1,2,5
-7,0,-4,-2,-11,3,-32,-2
-2,-1,-1,-1,10,-15,16,-1
1,11,2,-2,-7,4,8,5
-1,2,-3,-1,-10,-19,5,2
-6,-21,-5,1,25,-9,-14,-15
-8,-4,-1,-8,-48,7,5,-1
7,1,-4,-3,10,-20,-17,-2
5,7,3,4,-8,27,14,-2
1,-1,2,2,1,-2,14,10
3,-3,-1,-4,8,-4,10,1
-3,-6,-2,2,-1,10,17,4
-3,9,2,-1,15,-17,-43,-4
3,-5,0,7,-4,13,5,6
-4,-3,-3,-2,10,6,10,-2
-6,2,-1,-5,-16,17,-1,-2
7,-1,-2,0,17,23,-11,-3
3,7,4,2,-11,-15,0,4
-11,-1,1,-6,3,10,1,-5
-9,-20,-13,-5,-10,-2,-1,1
-6,0,0,-4,12,27,79,18
10,-27,-16,-17,-20,12,-9,4
12,3,-1,3,10,-16,-11,-7
-16,3,4,0,-10,-11,17,-6
4,-6,-9,-4,10,-11,-21,-8
-6,-4,-3,-10,-17,13,1,3
-6,4,-1,3,2,-15,12,-1
17,12,4,1,-4,33,-2,4
-1,6,2,6,7,-15,6,-9
-3,-4,0,3,11,-20,-41,-2
-7,-2,3,3,-7,10,18,4
2,10,4,-4,-9,-29,-36,-12
-3,-9,-9,-9,-16,3,5,2
0,10,-5,-7,-2,5,26,-1
3,-1,8,12,11,10,-8,0
12,-7,-5,-13,-41,-54,-16,14
0,-2,3,3,5,54,17,-8
-20,-5,-2,-2,1,8,6,-4
-3,-6,-1,4,12,4,2,2
-11,0,-9,-4,17,6,-15,-24
4,1,5,-5,-29,-32,-25,0
14,4,-5,1,16,17,-5,-4
-13,22,0,-3,5,-7,9,-8
3,-4,0,-5,-17,-20,-13,0
1,3,0,-7,-2,-30,5,-4
-1,2,7,10,8,20,-4,-1
2,-12,-11,-1,-2,-13,-1,1
1,2,0,0,3,13,10,5
-8,0,0,-1,-1,-15,-14,-6
-3,3,3,4,-2,-11,2,8
-2,1,-1,-8,-19,-15,-30,-12
18,7,1,7,7,-10,-8,10
-28,-10,-3,0,9,33,26,1
5,3,6,6,11,2,6,-4
-1,-3,-3,-6,-11,14,-1,0
6,4,1,3,25,14,8,10
5,-4,-2,-7,-15,-16,-24,0
-8,-6,-2,-4,-8,5,23,-3
-2,-5,-3,1,4,-33,4,0
-2,-3,1,6,6,26,14,-2
8,1,1,-1,7,-20,-10,3
-4,-4,-7,3,25,11,-2,-7
2,-7,1,0,-41,-6,20,3
-10,-11,-8,-5,12,6,8,-7
-2,2,-3,0,0,-33,14,5
3,1,0,0,-4,8,-19,-7
7,2,0,-6,0,31,-8,8
-8,-3,0,-3,-8,-7,-6,-13
4,-1,-4,1,-1,0,3,4
21,1,7,6,0,-14,19,13
-23,0,2,1,5,-9,-5,1
-14,-12,-9,-7,-7,-16,-9,-11
1,-2,-2,0,-2,-16,-7,-1
-3,1,-3,-1,-9,54,-6,-2
26,7,1,-2,-5,-25,2,9
-12,-5,-3,-3,15,23,-19,-7
4,11,3,4,14,28,9,2
-4,-1,-1,-1,-13,-21,-3,-2
2,-2,-1,-4,-5,3,-24,-12
-2,2,2,4,1,-10,30,8
5,-3,-6,-3,-10,-2,-44,-6
-8,2,6,3,18,5,13,-6
-3,1,0,-5,-13,-4,-18,3
1,-14,-3,0,-5,-23,23,8
-1,3,-2,-5,-1,23,-6,-1
-3,-1,-6,-7,-16,-19,-9,-7
9,2,5,5,18,-31,0,-7
-26,-1,-4,2,4,-2,-34,-8
1,1,-2,-12,-27,-17,8,1
6,-3,-1,-4,-12,-18,-6,7
-6,-7,-4,-1,3,-4,0,-1
12,4,1,7,4,12,15,8
-12,-12,-3,4,9,-13,-28,-16
1,9,-4,-12,-13,-24,17,7
-1,2,1,-2,-10,-13,-16,-5
9,2,2,0,13,15,8,4
3,-2,-1,3,-1,2,-6,0
4,-8,-2,4,14,-30,-7,-6
-12,-6,-7,-8,-21,29,10,-2
9,6,5,3,-6,-6,-1,2
-6,6,4,4,-13,0,15,-3
4,-3,-3,-2,14,26,-12,-2
-11,-2,-2,3,16,-2,-10,-5
2,0,-1,-1,-18,-8,-3,-8
-7,-11,-3,-4,5,13,7,3
-3,2,2,-3,-8,-9,7,1
23,15,-7,1,-1,17,-26,4
-19,-1,0,0,3,-6,0,-4
1,5,-1,-1,4,-17,-4,0
-12,-5,-2,0,-7,11,8,-1
11,-8,-3,-2,10,-5,2,-2
-1,2,-2,3,23,19,-11,-20
-1,3,-2,-15,-34,1,9,-3
-5,-3,0,-8,-6,-10,6,-2
-8,-4,1,2,7,-3,6,-4
11,4,1,-5,-6,-14,-9,-7
-7,-10,-5,1,11,19,4,0
7,10,2,6,10,8,12,5
1,-7,-1,0,-8,-5,-7,2
-6,-4,-1,2,3,53,12,2
2,9,8,1,-6,-15,-22,-3
2,-16,-10,-4,-17,-10,-14,-3
-7,6,5,15,17,-24,19,3
0,-5,-4,-7,-5,-5,-12,12
6,-1,2,-4,-7,6,5,-3
-10,8,0,3,9,11,8,4
2,-3,-3,-9,0,-10,-39,-10
21,4,3,5,8,26,53,20
-22,-13,-3,1,5,-26,0,-9
4,0,1,-1,4,12,-19,-15
-5,-2,1,4,8,31,10,2
2,2,-7,-8,-26,-55,-39,-7
11,6,2,3,6,19,18,12
-2,-4,1,-1,16,-5,18,3
0,5,2,-5,-31,40,12,-3
-6,-16,-5,-5,3,-2,0,0
-1,-1,-4,-2,7,8,-2,-5
0,-2,0,0,-1,-21,11,3
-3,-4,-1,2,7,9,-9,0
11,-1,-1,-8,-18,-27,4,3
-28,-29,-7,4,21,12,-3,-8
3,18,-1,-3,-33,-25,0,1
6,1,0,-5,1,6,4,-1
-11,4,1,-2,-4,-34,-20,-10
2,-2,-1,5,23,39,-11,-5
-1,-6,-2,-5,-19,-1,-23,-1
-8,-13,-4,-7,-10,-25,3,-1
0,0,0,5,4,19,8,-2
5,11,5,6,0,-25,-3,-2
-13,-13,-11,-6,0,21,-6,-2
1,11,4,4,11,-23,11,-2
-7,-4,0,-1,-14,6,-5,-4
10,9,0,-5,-16,12,16,0
3,3,4,1,-6,-10,-3,1
-13,-14,-4,-2,6,2,9,-5
8,4,2,4,6,-5,11,3
-9,0,0,2,14,8,-14,-3
-12,-25,2,3,-1,-13,12,-2
14,12,-4,-3,-9,-12,5,3
-14,1,2,0,-11,-17,-34,-4
16,7,-2,3,19,48,35,22
-6,-3,-6,-11,-23,-9,-20,-26
1,-7,-1,5,5,-9,5,0
5,6,2,3,8,3,-12,0
0,-1,-1,-1,-10,-23,-6,4
3,8,1,5,5,2,-5,-1
-13,-7,-3,-4,14,5,0,-3
9,1,-6,-12,-35,-2,-12,-10
-9,-4,-2,-1,4,-17,-7,-5
2,0,-5,1,12,21,-8,5
-4,-2,-2,-6,-25,-12,3,3
-2,-4,3,6,40,-15,-12,3
-4,-1,2,-9,-36,20,7,0
4,2,-8,-3,1,-50,12,3
2,-1,-1,-3,3,1,-12,0
-3,-3,-3,0,7,-1,10,-3
12,1,-2,3,-9,-21,-24,-6
-8,1,7,2,5,-2,38,11
-4,-6,-2,-7,-14,-30,-25,-11
-1,-5,-2,3,36,6,-16,-9
0,-2,-10,-19,-51,-14,6,4
0,-1,5,4,6,11,-10,-4
3,10,-3,3,1,-1,-1,2
-14,-20,-9,-2,0,25,29,2
1,-2,0,2,14,-5,-5,1
9,19,-3,3,5,-6,-2,0
-8,-8,-7,-8,3,16,-8,-3
-2,6,0,-1,-26,-1,33,5
-9,-1,1,-1,9,-1,-5,10
-3,-5,1,-1,12,-2,-5,4
4,1,2,2,-3,4,7,-4
-11,2,-2,-9,-16,-3,-13,-5
9,-4,5,5,-3,-8,6,-1
-4,5,2,1,2,1,10,1
2,-8,-2,5,33,6,-18,-1
4,1,2,-4,-21,6,23,4
6,-5,-5,-6,9,-14,-11,-6
-19,0,-1,2,-33,1,-22,-10
-6,0,1,4,15,20,47,12
4,1,5,-3,1,-5,-41,-3
-4,3,-7,-5,-2,-31,-10,-16
15,-19,-3,0,8,26,5,4
-11,1,3,6,-9,15,36,-1
-10,-1,-1,-8,-17,-29,9,0
8,0,0,4,10,1,-17,-4
5,-4,2,-2,9,17,1,3
-3,9,3,0,-4,4,5,-4
9,-11,-8,-2,-5,-35,-19,3
-5,-1,0,15,60,2,-7,-2
12,-3,-13,-36,-87,-36,-8,-2
-14,1,1,2,15,49,-8,3
0,9,-1,2,-8,-22,5,3
-6,0,0,-3,-1,37,2,0
15,-1,2,9,29,-3,20,-2
-24,-9,-5,-8,-17,-13,-4,-4
-5,-9,-8,-8,4,7,-4,-10
1,1,3,7,1,-9,6,7
1,7,1,-5,-10,-1,-30,1
2,-2,2,-6,-24,-14,26,0
-1,1,2,8,6,21,12,0
-3,-1,-7,-8,-14,0,8,-2
-11,-4,-2,7,13,-4,-14,-9
16,2,3,2,4,5,7,11
-13,-1,1,-1,-7,-14,-14,0
6,0,1,-2,-13,-5,-1,-5
-8,-3,-1,4,9,2,-16,0
-1,-3,-2,-2,14,-42,-10,-6
0,1,-2,-6,-19,40,3,-2
-2,-3,-2,-5,-16,-18,-30,-9
-3,3,1,9,21,2,16,8
-1,-1,-7,-6,-12,-20,-28,-2
5,0,-2,1,14,31,28,8
3,5,2,-4,-3,-10,1,5
-6,-1,3,2,3,12,-1,-1
1,-3,0,1,-2,3,-7,-11
2,3,0,-2,10,2,12,0
-17,-9,2,4,3,32,-3,-10
15,8,-4,-5,2,5,20,15
1,-6,-1,0,-16,-20,-17,-5
7,-1,1,3,-4,-30,-14,0
-15,-5,-5,-3,1,24,6,-8
-4,-15,-6,-2,-1,2,3,-11
8,-2,-3,-6,1,12,-4,5
-6,-5,0,1,-7,-33,0,-3
2,7,1,4,12,3,17,6
-14,-3,0,4,15,-7,-25,-9
3,1,-2,-5,-28,13,17,4
9,-3,3,2,8,-15,-10,-2
2,14,-6,-3,-13,0,21,1
12,-3,3,3,14,-11,-24,4
-25,-2,-4,-4,-8,-21,-50,-19
-3,2,0,-3,-3,3,-8,-2
-1,-8,-1,-4,-10,-13,9,6
-4,-1,-1,-3,10,39,13,-12
11,5,-2,2,-20,-26,-8,1
4,5,2,-1,6,29,-1,1
-13,-2,2,3,5,-23,-3,-2
2,-2,-5,-3,-7,-18,-15,3
1,-6,1,7,17,9,17,4
-7,2,-3,-6,-9,5,-10,-9
12,0,-1,-6,-16,8,17,3
-15,-6,-3,-7,0,2,3,-7
6,0,2,4,14,-8,8,0
0,-1,-2,2,-7,18,5,10
-1,-3,0,1,18,-11,-19,-6
5,4,1,-6,-34,-8,2,5
-10,-3,-4,1,9,8,12,-6
-6,6,0,7,10,-7,-23,-6
3,-7,-2,-10,-9,-14,0,2
-7,-3,0,3,17,25,12,-5
8,4,2,-6,-23,-5,-5,3
-3,6,1,0,9,-11,-2,0
-4,-1,-6,-5,-15,-24,-14,-11
18,2,0,0,4,18,-11,12
-17,1,0,-1,-5,-12,7,-2
2,-14,-1,-8,2,33,4,-5
-1,-4,-5,9,-1,5,-7,11
-3,-1,1,-3,4,-31,11,3
4,-3,2,4,21,15,3,-8
1,-2,-6,-10,-31,-3,15,4
-1,-1,-4,-11,-12,-22,-15,-5
-2,-2,0,3,5,8,13,-1
3,-2,-2,0,26,25,-7,4
-11,11,5,1,-16,-9,6,-3
3,-2,-6,2,9,10,-24,-5
-9,-1,-2,-5,-7,-25,-14,-12
2,-3,0,-6,-7,-3,6,3
-2,-16,-8,2,8,-24,-12,-6
8,3,2,0,-6,-4,16,2
-22,1,-8,-3,-10,6,-3,0
1,-7,-6,0,-5,8,-5,3
2,-2,1,-1,11,-8,18,8
-11,3,5,3,7,13,17,-8
-1,-2,-1,-4,-8,-3,-15,-6
2,-1,1,2,6,-13,-15,-1
-3,1,-3,-1,-7,5,2,-10
1,5,3,-5,-2,9,-12,2
5,-4,-4,3,-2,-3,7,1
-10,1,-3,-4,0,35,7,0
5,0,-3,3,8,-16,-9,2
0,-3,-5,-6,-3,-1,21,3
4,4,7,3,-6,-15,6,-3
-2,-4,-10,-6,-9,14,22,6
-3,-8,2,-1,7,-7,-16,-2
2,4,6,3,3,13,-6,0
2,1,-1,-2,16,11,-9,4
1,3,1,-5,-13,-12,-27,-6
-2,-1,-5,-3,-4,7,11,-2
-1,-4,-4,-4,3,-10,0,-2
6,-2,-2,-3,-1,-4,0,-2
-5,-3,4,5,-3,-9,-2,-4
1,-1,-3,4,10,14,-5,4
1,0,4,-1,-7,-15,-9,7
6,15,5,4,-7,-25,20,4
10,-7,-8,0,30,22,-6,-2
-10,-6,0,-5,-37,-18,5,-2
-11,0,-2,1,10,14,15,3
-11,-3,0,-3,-5,6,-11,-10
5,-1,1,-1,3,-35,-7,-7
2,-1,0,2,12,25,-4,8
6,-3,-3,2,3,19,5,-7
