(0.171020508, 0.593322754, -0.720947266, -0.31463623)
(0.16986084, 0.5887451, -0.7249756, -0.31451416)
(0.1687622, 0.5933838, -0.7213135, -0.314880371)
(0.167785645, 0.5863037, -0.7277832, -0.3137207)
(0.1687622, 0.5913086, -0.723693848, -0.313293457)
(0.167602539, 0.587768555, -0.726989746, -0.312927246)
(0.166687012, 0.5888672, -0.7264404, -0.31262207)
(0.166687012, 0.5888672, -0.7264404, -0.31262207)
(0.1673584, 0.5904541, -0.7248535, -0.312927246)
(0.1673584, 0.5904541, -0.7248535, -0.312927246)
(0.166992188, 0.5869751, -0.727661133, -0.313110352)
(0.166992188, 0.5869751, -0.727661133, -0.313110352)
(0.1673584, 0.5876465, -0.7270508, -0.313049316)
(0.167663574, 0.58807373, -0.7266846, -0.313049316)
(0.167602539, 0.587036133, -0.727661133, -0.3126831)
(0.167602539, 0.587036133, -0.727661133, -0.3126831)
(0.166442871, 0.5864258, -0.7285156, -0.312438965)
(0.166442871, 0.5864258, -0.7285156, -0.312438965)
(0.166442871, 0.587036133, -0.727844238, -0.3128662)
(0.166442871, 0.587036133, -0.727844238, -0.3128662)
(0.166381836, 0.5864868, -0.7282715, -0.312988281)
(0.166381836, 0.5864868, -0.7282715, -0.312988281)
(0.166259766, 0.585998535, -0.728881836, -0.312561035)
(0.1661377, 0.5857544, -0.7289429, -0.312927246)
(0.1661377, 0.5857544, -0.7289429, -0.312927246)
(0.1661377, 0.5857544, -0.7289429, -0.312927246)
(0.165893555, 0.5872803, -0.7277832, -0.3128662)
(0.166015625, 0.5871582, -0.727722168, -0.3131714)
(0.166015625, 0.5871582, -0.727722168, -0.3131714)
(0.16583252, 0.5863037, -0.7283325, -0.313415527)
(0.16583252, 0.5863037, -0.7283325, -0.313415527)
(0.166564941, 0.586792, -0.7277832, -0.313476563)
(0.166748047, 0.585022, -0.7294922, -0.3126831)
(0.166687012, 0.584655762, -0.729919434, -0.31237793)
(0.166687012, 0.584655762, -0.729919434, -0.31237793)
(0.166625977, 0.584838867, -0.729919434, -0.3121338)
(0.164550781, 0.5864258, -0.729064941, -0.3121338)
(0.164794922, 0.587097168, -0.7286377, -0.311889648)
(0.165527344, 0.588806152, -0.727417, -0.311035156)
(0.165527344, 0.588806152, -0.727417, -0.311035156)
(0.165893555, 0.5878296, -0.7283325, -0.3106079)
(0.166015625, 0.5881958, -0.7279663, -0.310668945)
(0.166015625, 0.5881958, -0.7279663, -0.310668945)
(0.166015625, 0.5881958, -0.7279663, -0.310668945)
(0.166015625, 0.586914063, -0.729064941, -0.310546875)
(0.166870117, 0.5862427, -0.729064941, -0.311340332)
(0.166748047, 0.5853882, -0.7298584, -0.311157227)
(0.166748047, 0.5853882, -0.7298584, -0.311157227)
(0.166687012, 0.5857544, -0.7295532, -0.311157227)
(0.166687012, 0.5857544, -0.7295532, -0.311157227)
(0.166687012, 0.5857544, -0.7295532, -0.311157227)
(0.166748047, 0.585693359, -0.729614258, -0.311157227)
(0.166748047, 0.585693359, -0.729614258, -0.311157227)
(0.166015625, 0.5847168, -0.730651855, -0.3109131)
(0.166015625, 0.5847168, -0.730651855, -0.3109131)
(0.165771484, 0.5842285, -0.7313843, -0.310302734)
(0.165588379, 0.5852661, -0.730102539, -0.311340332)
(0.165588379, 0.5852661, -0.730102539, -0.311340332)
(0.165588379, 0.584960938, -0.7302246, -0.3116455)
(0.165588379, 0.584960938, -0.7302246, -0.3116455)
(0.1652832, 0.5840454, -0.731018066, -0.311767578)
(0.164794922, 0.584777832, -0.73046875, -0.311889648)
(0.164794922, 0.585144043, -0.730102539, -0.312072754)
(0.164794922, 0.585144043, -0.730102539, -0.312072754)
(0.164489746, 0.5844116, -0.7307739, -0.311950684)
(0.164489746, 0.5844116, -0.7307739, -0.311950684)
(0.16394043, 0.5841675, -0.7312012, -0.311889648)
(0.16204834, 0.586181641, -0.7307129, -0.3100586)
(0.16204834, 0.586181641, -0.7307129, -0.3100586)
(0.161865234, 0.5862427, -0.730651855, -0.3102417)
(0.161865234, 0.5862427, -0.730651855, -0.3102417)
(0.1616211, 0.5860596, -0.7307739, -0.3104248)
(0.1616211, 0.5860596, -0.7307739, -0.3104248)
(0.161437988, 0.5859375, -0.730896, -0.31048584)
(0.161437988, 0.5859375, -0.730896, -0.31048584)
(0.1618042, 0.5855713, -0.7310791, -0.31048584)
(0.16192627, 0.5848999, -0.7317505, -0.3102417)
(0.162475586, 0.5852051, -0.731506348, -0.309814453)
(0.162475586, 0.5852051, -0.731506348, -0.309814453)
(0.162597656, 0.5845337, -0.7321167, -0.309692383)
(0.162536621, 0.5841675, -0.73236084, -0.309753418)
(0.162536621, 0.5841675, -0.7322998, -0.309936523)
(0.162536621, 0.5841675, -0.7322998, -0.309936523)
(0.162536621, 0.5841675, -0.7322998, -0.309936523)
(0.162719727, 0.5839844, -0.7322998, -0.310180664)
(0.162597656, 0.583374, -0.7328491, -0.310119629)
(0.1628418, 0.583313, -0.732727051, -0.31036377)
(0.1628418, 0.583313, -0.732727051, -0.31036377)
(0.163085938, 0.582519531, -0.7333374, -0.310302734)
(0.163085938, 0.582519531, -0.7333374, -0.310302734)
(0.163085938, 0.582519531, -0.7333374, -0.310302734)
(0.163085938, 0.582519531, -0.7333374, -0.310302734)
(0.163513184, 0.582214355, -0.7334595, -0.31036377)
(0.163513184, 0.582214355, -0.7334595, -0.31036377)
(0.163208008, 0.5821533, -0.733581543, -0.310302734)
(0.163208008, 0.5821533, -0.733581543, -0.310302734)
(0.163085938, 0.581604, -0.733947754, -0.310546875)
(0.163085938, 0.581604, -0.733947754, -0.310546875)
(0.163085938, 0.581604, -0.733947754, -0.3106079)
(0.163513184, 0.5821533, -0.7333374, -0.31072998)
(0.163330078, 0.5814209, -0.7340088, -0.310668945)
(0.163391113, 0.581665039, -0.7338867, -0.3104248)
(0.163391113, 0.581665039, -0.7338867, -0.3104248)
(0.163635254, 0.581542969, -0.7338867, -0.310546875)
(0.163635254, 0.581542969, -0.7338867, -0.310546875)
(0.16394043, 0.580993652, -0.734436035, -0.3100586)
(0.16394043, 0.580993652, -0.734436035, -0.3100586)
(0.1640625, 0.579284668, -0.735839844, -0.309936523)
(0.16394043, 0.5797119, -0.7354126, -0.310180664)
(0.164123535, 0.5794678, -0.735656738, -0.309936523)
(0.164123535, 0.5794678, -0.735656738, -0.309936523)
(0.164672852, 0.5803833, -0.7348633, -0.3098755)
(0.164794922, 0.58026123, -0.7347412, -0.3102417)
(0.164794922, 0.58026123, -0.7347412, -0.3102417)
(0.164794922, 0.58026123, -0.7347412, -0.3102417)
(0.164978027, 0.5800781, -0.734802246, -0.3104248)
(0.164733887, 0.5800781, -0.7347412, -0.310668945)
(0.164123535, 0.5795288, -0.735168457, -0.311035156)
(0.16394043, 0.5791626, -0.7352905, -0.3114624)
(0.163635254, 0.579223633, -0.7352905, -0.3114624)
(0.163635254, 0.579223633, -0.7352905, -0.3114624)
(0.163635254, 0.579223633, -0.7352905, -0.3114624)
(0.163391113, 0.5796509, -0.7349243, -0.311706543)
(0.163208008, 0.578735352, -0.735656738, -0.3118286)
(0.163574219, 0.579284668, -0.7351074, -0.3118286)
(0.163574219, 0.579284668, -0.7351074, -0.3118286)
(0.163452148, 0.5786133, -0.7357788, -0.3116455)
(0.163635254, 0.576843262, -0.737426758, -0.3109131)
(0.163635254, 0.576843262, -0.737426758, -0.3109131)
(0.1642456, 0.577697754, -0.736694336, -0.310668945)
(0.1642456, 0.577697754, -0.736694336, -0.310668945)
(0.164001465, 0.5774536, -0.7369995, -0.3106079)
(0.164001465, 0.5774536, -0.7369995, -0.3106079)
(0.163696289, 0.5779419, -0.736572266, -0.310852051)
(0.163208008, 0.5773926, -0.7368164, -0.311523438)
(0.16229248, 0.577880859, -0.7363281, -0.3123169)
(0.16204834, 0.577331543, -0.7367554, -0.31237793)
(0.16204834, 0.577331543, -0.7367554, -0.31237793)
(0.16204834, 0.577331543, -0.7367554, -0.31237793)
(0.16217041, 0.577331543, -0.7367554, -0.31237793)
(0.16217041, 0.5774536, -0.7366333, -0.312438965)
(0.16217041, 0.5765381, -0.737243652, -0.3126831)
(0.16217041, 0.5765381, -0.737243652, -0.3126831)
(0.16217041, 0.57598877, -0.7376709, -0.3126831)
(0.16217041, 0.57598877, -0.7376709, -0.3126831)
(0.16217041, 0.575927734, -0.7376709, -0.3126831)
(0.16217041, 0.575927734, -0.7376709, -0.3126831)
(0.162414551, 0.576416, -0.7373657, -0.312561035)
(0.162475586, 0.57611084, -0.737609863, -0.31237793)
(0.162597656, 0.576416, -0.7373657, -0.31237793)
(0.162597656, 0.576416, -0.7373657, -0.31237793)
(0.162597656, 0.576416, -0.7373657, -0.31237793)
(0.162597656, 0.576416, -0.7373657, -0.31237793)
(0.162475586, 0.5758667, -0.737915039, -0.312194824)
(0.162597656, 0.5767822, -0.7371826, -0.3121338)
(0.162597656, 0.5767822, -0.7371826, -0.3121338)
(0.162780762, 0.576477051, -0.7373047, -0.3123169)
(0.162780762, 0.576477051, -0.7373047, -0.3123169)
(0.162536621, 0.5765991, -0.7373047, -0.312255859)
(0.162231445, 0.577331543, -0.736694336, -0.312438965)
(0.162231445, 0.577331543, -0.736694336, -0.312438965)
(0.162231445, 0.577331543, -0.736694336, -0.312438965)
(0.16204834, 0.576660156, -0.7371826, -0.3126831)
(0.16217041, 0.575805664, -0.737854, -0.312561035)
(0.162231445, 0.5760498, -0.7376709, -0.312561035)
(0.161071777, 0.576293945, -0.7379761, -0.311950684)
(0.161071777, 0.576293945, -0.7379761, -0.311950684)
(0.161010742, 0.575927734, -0.7380371, -0.312561035)
