(0.4298706, 0.5432739, -0.5050659, -0.5147705)
(0.4298706, 0.5432739, -0.5050659, -0.5147705)
(0.435119629, 0.552368164, -0.4944458, -0.5109863)
(0.43572998, 0.5482788, -0.498352051, -0.511047363)
(0.4328003, 0.5475464, -0.5042114, -0.508605957)
(0.4286499, 0.546264648, -0.510437, -0.5072632)
(0.432373047, 0.5533447, -0.505493164, -0.501281738)
(0.432373047, 0.5533447, -0.505493164, -0.501281738)
(0.432373047, 0.5533447, -0.505493164, -0.501281738)
(0.4343872, 0.554443359, -0.5050659, -0.498840332)
(0.4321289, 0.552368164, -0.5091553, -0.498901367)
(0.4321289, 0.552368164, -0.5091553, -0.498901367)
(0.433288574, 0.5534668, -0.507873535, -0.49798584)
(0.433288574, 0.5534668, -0.507873535, -0.49798584)
(0.429443359, 0.5529785, -0.511535645, -0.4981079)
(0.429382324, 0.553405762, -0.511535645, -0.497680664)
(0.429382324, 0.553405762, -0.511535645, -0.497680664)
(0.428710938, 0.5533447, -0.5118408, -0.498046875)
(0.4202881, 0.553588867, -0.5108032, -0.5060425)
(0.417602539, 0.548034668, -0.512756348, -0.512146)
(0.417602539, 0.548034668, -0.512756348, -0.512146)
(0.4179077, 0.548156738, -0.5123291, -0.512268066)
(0.4163208, 0.5475464, -0.5124512, -0.5140381)
(0.4163208, 0.5475464, -0.5124512, -0.5140381)
(0.41607666, 0.547485352, -0.5125122, -0.5142822)
(0.41583252, 0.5475464, -0.512390137, -0.514465332)
(0.41583252, 0.5475464, -0.512390137, -0.514465332)
(0.415710449, 0.5477295, -0.512084961, -0.5147095)
(0.415710449, 0.5477295, -0.512084961, -0.5147095)
(0.415771484, 0.5477295, -0.512084961, -0.514648438)
(0.415771484, 0.5477295, -0.512146, -0.514648438)
(0.415710449, 0.5474243, -0.5125122, -0.5145874)
(0.4161377, 0.546936035, -0.5125122, -0.5147705)
(0.4161377, 0.546936035, -0.5125122, -0.5147705)
(0.4159546, 0.546936035, -0.5124512, -0.5149536)
(0.4159546, 0.546936035, -0.5124512, -0.5149536)
(0.415588379, 0.546813965, -0.5125122, -0.5153198)
(0.415588379, 0.546813965, -0.5125122, -0.5153198)
(0.4154663, 0.5466919, -0.5125122, -0.515625)
(0.4147339, 0.547485352, -0.5116577, -0.5161743)
(0.4147339, 0.547485352, -0.5116577, -0.5161743)
(0.414611816, 0.547668457, -0.5116577, -0.5161133)
(0.414917, 0.547973633, -0.511169434, -0.5159912)
(0.414917, 0.547973633, -0.511169434, -0.5159912)
(0.414672852, 0.547485352, -0.5117798, -0.5161133)
(0.414672852, 0.547485352, -0.5117798, -0.5161133)
(0.4147339, 0.546936035, -0.5123291, -0.5161133)
(0.4147339, 0.546936035, -0.5123291, -0.5161133)
(0.4151001, 0.546630859, -0.5125122, -0.5159302)
(0.4151001, 0.546630859, -0.5125122, -0.5159302)
(0.415161133, 0.546264648, -0.5130615, -0.5157471)
(0.414001465, 0.545776367, -0.5140381, -0.516235352)
(0.414001465, 0.5453491, -0.514160156, -0.5165405)
(0.414001465, 0.5453491, -0.514160156, -0.5165405)
(0.414367676, 0.545166, -0.51361084, -0.5169678)
(0.414367676, 0.545166, -0.51361084, -0.5169678)
(0.41394043, 0.544372559, -0.5144043, -0.517395)
(0.413757324, 0.5430908, -0.5147705, -0.518493652)
(0.413757324, 0.5430908, -0.5147705, -0.518493652)
(0.413757324, 0.54296875, -0.5147095, -0.5187378)
(0.413513184, 0.5418701, -0.5151367, -0.5195923)
(0.4133911, 0.541748047, -0.5152588, -0.519714355)
(0.4133911, 0.541748047, -0.5152588, -0.519714355)
(0.4133911, 0.541748047, -0.5152588, -0.519714355)
(0.413452148, 0.5421753, -0.5147095, -0.5197754)
(0.413452148, 0.5421753, -0.5147095, -0.5197754)
(0.413452148, 0.5421753, -0.5147095, -0.5197754)
(0.413452148, 0.542114258, -0.514526367, -0.5199585)
(0.413452148, 0.542114258, -0.514526367, -0.5199585)
(0.413269043, 0.5421753, -0.514465332, -0.5201416)
(0.412963867, 0.542114258, -0.514526367, -0.5204468)
(0.412536621, 0.5423584, -0.5142822, -0.5206909)
(0.412536621, 0.5423584, -0.5142822, -0.5206909)
(0.412231445, 0.542297363, -0.514465332, -0.520874)
(0.4121704, 0.542297363, -0.514465332, -0.520874)
(0.412231445, 0.542297363, -0.514465332, -0.520874)
(0.411865234, 0.542114258, -0.5147705, -0.5209961)
(0.411865234, 0.542114258, -0.5147705, -0.5209961)
(0.411865234, 0.542114258, -0.5147705, -0.5209961)
(0.41192627, 0.542297363, -0.5147705, -0.520751953)
(0.41192627, 0.542297363, -0.5147705, -0.520751953)
(0.41192627, 0.542297363, -0.5147705, -0.520751953)
(0.411560059, 0.5423584, -0.515197754, -0.5206299)
(0.4102173, 0.5420532, -0.516601563, -0.520568848)
(0.4102173, 0.5420532, -0.516601563, -0.520568848)
(0.4102173, 0.5420532, -0.516601563, -0.520568848)
(0.4107666, 0.5429077, -0.5155029, -0.520385742)
(0.4111328, 0.543457031, -0.5150757, -0.519897461)
(0.410644531, 0.5430298, -0.5155029, -0.5203247)
(0.409729, 0.5411377, -0.5171509, -0.5213623)
(0.409729, 0.5411377, -0.5171509, -0.5213623)
(0.409790039, 0.5411377, -0.5171509, -0.5213623)
(0.406494141, 0.5378418, -0.52142334, -0.5230713)
(0.4052124, 0.5361328, -0.523010254, -0.524230957)
(0.4052124, 0.5361328, -0.523010254, -0.524230957)
(0.4060669, 0.535827637, -0.522583, -0.524292)
(0.4060669, 0.535827637, -0.522583, -0.524292)
(0.4060669, 0.535827637, -0.522583, -0.524292)
(0.406494141, 0.534790039, -0.5231323, -0.5244751)
(0.406494141, 0.534790039, -0.5231323, -0.5244751)
(0.407043457, 0.5352783, -0.5223999, -0.524292)
(0.407043457, 0.5352783, -0.5223999, -0.524292)
(0.405456543, 0.5331421, -0.524230957, -0.5258789)
(0.405822754, 0.53326416, -0.5237427, -0.525939941)
(0.405822754, 0.53326416, -0.5237427, -0.525939941)
(0.405822754, 0.53326416, -0.5237427, -0.525939941)
(0.405822754, 0.53326416, -0.5237427, -0.525939941)
(0.405822754, 0.53326416, -0.5237427, -0.525939941)
(0.404541016, 0.5321045, -0.5253296, -0.5265503)
(0.4033203, 0.5302124, -0.5274658, -0.5272217)
(0.4033203, 0.5300293, -0.5274048, -0.5274658)
(0.403076172, 0.530151367, -0.5274048, -0.527526855)
(0.403076172, 0.530151367, -0.5274048, -0.527526855)
(0.403503418, 0.5310669, -0.5264282, -0.5272827)
(0.403564453, 0.531188965, -0.526123047, -0.5274048)
(0.403747559, 0.5314331, -0.5256958, -0.5274658)
(0.403015137, 0.532043457, -0.5255127, -0.527526855)
(0.403015137, 0.532043457, -0.5255127, -0.527526855)
(0.403015137, 0.532043457, -0.5255127, -0.527526855)
(0.40246582, 0.5317993, -0.526062, -0.527709961)
(0.4029541, 0.5325928, -0.52545166, -0.5270996)
(0.402771, 0.5325928, -0.52545166, -0.5272827)
(0.403259277, 0.5326538, -0.525085449, -0.527160645)
(0.403442383, 0.5325928, -0.5250244, -0.5272217)
(0.4033203, 0.533447266, -0.524292, -0.5270996)
(0.4033203, 0.533447266, -0.524292, -0.5270996)
(0.403076172, 0.5338135, -0.5238037, -0.5274658)
(0.402771, 0.5338135, -0.5238037, -0.5276489)
(0.402771, 0.5338135, -0.5238037, -0.5276489)
(0.402771, 0.5338745, -0.5238037, -0.5276489)
(0.402038574, 0.534301758, -0.524047852, -0.5274658)
(0.402038574, 0.534301758, -0.524047852, -0.5274658)
