(0.165161133, 0.462646484, -0.784118652, -0.379272461)
(0.165161133, 0.462646484, -0.784118652, -0.379272461)
(0.155639648, 0.43737793, -0.7987671, -0.382751465)
(0.144592285, 0.4083252, -0.8144531, -0.3861084)
(0.132385254, 0.376098633, -0.8302002, -0.389648438)
(0.1204834, 0.3508911, -0.841918945, -0.3918457)
(0.110534668, 0.3359375, -0.848144531, -0.3944702)
(0.09820557, 0.329589844, -0.8505249, -0.398010254)
(0.08392334, 0.321411133, -0.853210449, -0.4020996)
(0.07366943, 0.3189087, -0.8540039, -0.404541016)
(0.05859375, 0.31829834, -0.852844238, -0.409790039)
(0.0510864258, 0.317932129, -0.8522949, -0.412231445)
(0.0439453125, 0.320800781, -0.850402832, -0.4147339)
(0.0333251953, 0.3267212, -0.850402832, -0.4111328)
(0.0221557617, 0.3302002, -0.848205566, -0.413635254)
(0.03161621, 0.3217163, -0.8514404, -0.413085938)
(0.0393676758, 0.3139038, -0.856140137, -0.408630371)
(0.0431518555, 0.3078003, -0.859985352, -0.404785156)
(0.04937744, 0.310119629, -0.8588867, -0.404602051)
(0.049987793, 0.311950684, -0.857666, -0.405700684)
(0.05053711, 0.313049316, -0.857055664, -0.4060669)
(0.05053711, 0.313049316, -0.857055664, -0.4060669)
(0.0501709, 0.3137207, -0.856689453, -0.40637207)
(0.0501709, 0.3137207, -0.856689453, -0.40637207)
(0.0503540039, 0.312255859, -0.856018066, -0.4088745)
(0.0503540039, 0.312255859, -0.856018066, -0.4088745)
(0.0494384766, 0.31036377, -0.8563843, -0.409667969)
(0.0494384766, 0.31036377, -0.8563843, -0.409667969)
(0.0462036133, 0.306640625, -0.857543945, -0.410461426)
(0.0474243164, 0.310791016, -0.85546875, -0.411499023)
(0.0474243164, 0.310791016, -0.85546875, -0.411499023)
(0.0491943359, 0.312072754, -0.8551636, -0.4109497)
(0.0491943359, 0.312072754, -0.8551636, -0.4109497)
(0.0509643555, 0.3143921, -0.854248047, -0.410888672)
(0.0509643555, 0.314208984, -0.854126, -0.411254883)
(0.0509643555, 0.314208984, -0.854126, -0.411254883)
(0.0521240234, 0.316772461, -0.853027344, -0.411438)
(0.05303955, 0.3178711, -0.8522339, -0.412109375)
(0.05419922, 0.317932129, -0.8511963, -0.4140625)
(0.05267334, 0.319885254, -0.850585938, -0.414001465)
