-23,-48,-9,-8,-10,1,3,-6
16,27,-2,-1,0,-4,-16,3
-14,15,-30,-20,-15,-5,1,-6
-19,-26,15,3,0,-7,-8,-9
-6,26,-13,-9,-1,0,-8,-2
-24,-21,-3,-2,0,-2,-8,-13
10,0,8,9,8,12,23,4
17,4,-7,-10,-10,-14,-20,5
-22,21,22,11,2,-3,3,-9
26,35,16,10,3,-27,-61,2
9,-35,22,4,-2,29,80,4
9,2,1,13,18,24,19,17
-6,28,8,-1,-1,-2,-7,0
5,15,-9,-6,-4,-4,-6,1
14,3,-2,-2,-3,-17,-22,-1
-15,-24,3,9,2,-1,-1,-9
8,-25,-33,-20,-10,-4,1,1
2,31,12,4,4,6,11,3
-18,13,-13,-8,-7,-4,-11,-9
-6,-2,-1,-6,-3,0,2,2
15,-12,10,14,10,-5,-22,6
-4,-12,-26,-16,-10,5,26,-6
3,13,-3,5,2,4,13,5
-4,-7,-3,2,5,2,-19,-2
-14,-20,-9,-10,-12,-24,-48,-12
8,2,2,-3,1,14,67,5
4,-2,-26,-13,-5,5,-9,7
-2,25,18,12,11,2,-2,-7
-2,-1,1,-6,-4,3,12,2
7,-11,-3,1,0,2,10,12
-28,-22,-4,1,3,-14,-44,-15
14,8,8,2,-7,6,39,6
36,5,1,12,11,10,6,14
-27,4,18,7,2,-9,-30,-11
11,20,11,4,-3,-5,9,0
5,-18,-10,-3,3,12,9,10
-13,-2,15,11,3,9,22,-1
2,-14,-25,-15,-12,-3,-5,-1
-8,5,32,29,24,5,-9,-3
6,-11,-1,-1,-4,-17,-28,0
-9,30,-14,-15,-8,-1,10,-3
2,-5,13,12,6,8,5,7
-8,-30,-25,-15,-12,-13,-18,-9
25,28,4,7,7,0,3,11
-20,-3,-3,-1,2,8,16,-3
5,-1,10,7,10,6,2,1
-12,-15,-5,-6,-5,-4,0,-9
18,18,18,11,7,2,0,14
3,-10,8,1,-5,-17,-40,-9
-9,12,-4,-4,-4,10,26,-2
11,24,2,-6,-8,-3,6,5
-7,4,4,4,4,-1,11,-6
-7,-55,-6,-3,1,2,-9,-4
-1,-21,-6,-4,-6,-2,-7,3
-1,-17,9,2,-2,1,1,-3
2,20,-14,-12,-11,-18,-43,-5
-28,-47,-25,-13,-6,2,31,-15
19,31,1,-10,-13,-8,-11,3
-13,25,7,5,3,0,0,-7
-21,-5,-9,-8,-7,-12,-26,-13
1,-44,-19,-4,5,2,-1,5
-6,-26,-21,-11,-8,-3,2,-10
-17,25,3,1,2,3,2,1
-6,-14,-12,-7,-8,-7,-5,-10
24,32,6,2,-3,-3,-5,3
-8,7,18,8,8,0,-3,-4
11,-21,-12,-11,-8,11,28,9
4,13,11,6,3,4,-3,4
-48,-6,3,0,-4,-8,-6,-20
26,-4,-7,-1,-3,-25,-64,0
-1,-35,-26,-13,-8,4,25,-7
2,-13,-8,-4,1,5,20,2
28,34,6,-1,-3,16,35,16
-9,8,2,4,6,7,5,-1
-5,-5,12,11,11,-6,-22,0
1,-4,-12,-7,-6,-6,2,0
13,52,2,-5,-5,-13,-39,-3
-12,-25,-2,5,4,2,4,2
20,38,-5,-12,-14,-2,-1,5
-6,-23,5,3,0,1,-1,-4
0,-2,-15,1,4,3,21,2
-1,-20,-3,-3,-1,2,-4,-3
0,-4,-4,-3,-4,-8,-19,1
10,18,1,-5,-7,-9,-7,0
-47,-33,-2,-3,-4,-11,-22,-27
13,9,-14,-9,-1,4,15,6
16,-5,2,-1,-1,-18,-38,-1
-4,5,-1,-3,-1,25,55,2
29,30,-1,1,-1,0,1,21
-14,6,27,7,-1,-4,-3,-12
-6,-7,11,1,-6,-9,-10,-5
11,4,6,0,1,-10,-23,-1
10,1,0,-4,-5,-3,6,-1
-25,-8,-11,0,7,10,15,-5
9,0,-6,1,0,-2,2,7
2,31,19,10,4,5,0,-3
9,-28,6,1,0,1,2,8
5,32,-7,-4,-3,-2,-2,-3
-17,-24,11,3,-2,-15,-23,-10
10,-14,-27,-18,-14,15,49,6
-7,-15,-7,-3,4,-2,-27,-6
-10,-19,-15,-14,-9,-4,3,-4
3,23,-11,-8,-1,-6,-12,0
-13,-25,-14,-6,-5,-11,-19,-9
1,-11,-12,-7,-7,-6,0,-3
9,-13,-4,1,2,3,8,8
-12,14,8,6,4,11,18,-4
-9,-6,5,3,0,-11,-21,-7
-1,4,16,11,10,6,3,0
-14,-24,-5,-1,2,5,12,0
11,0,-5,-3,0,7,15,10
-10,13,22,14,6,0,-8,-1
2,7,0,2,2,1,6,0
-17,7,-10,-6,-6,5,12,-5
12,-7,-16,-5,-3,-3,12,1
-26,-35,-4,1,3,-2,-26,-12
19,24,-1,-3,-1,-10,-2,9
1,14,19,8,-1,0,-17,-3
-8,-26,-13,-3,2,7,13,2
13,5,-8,-8,-5,-17,-33,-2
-4,3,-7,-6,-9,9,32,-1
-5,-5,14,3,0,-6,-8,-2
2,-2,-4,-1,1,6,4,0
8,-3,-8,-4,-3,-4,-4,6
8,6,8,-2,-5,-17,-39,-3
-16,-13,9,5,1,3,28,-4
7,7,7,3,3,13,17,8
-15,-16,-4,-1,2,-9,-22,-10
-21,-11,-1,-2,-6,14,37,-1
18,24,1,1,-3,-15,-30,2
-2,22,18,7,2,-2,0,-5
-4,-25,-10,-4,-1,3,5,1
6,24,5,4,6,1,-7,4
14,39,5,0,-4,-5,2,4
-16,-29,14,6,-3,-15,-34,-14
7,24,2,4,5,15,16,12
-1,-6,4,5,4,11,24,3
-1,2,-19,-6,-2,8,20,1
11,-10,-14,-6,-2,-4,-19,1
-6,0,-6,-8,-8,-15,-16,-7
-7,-11,0,-1,2,-12,-32,-7
12,-2,-14,-8,-2,12,31,6
-25,-11,-9,-10,-7,-10,-9,-13
12,-1,12,7,5,13,16,6
15,16,3,-3,-6,0,-1,6
0,2,11,7,1,-13,-26,-9
-6,-13,1,5,6,5,6,4
-4,0,-9,-6,-5,-2,7,-1
2,-17,-2,-3,-3,-2,0,-3
-6,-5,1,-2,-2,-8,-19,-6
7,2,-4,-5,-4,2,10,2
0,44,6,0,0,3,16,1
-10,-65,-12,-2,2,18,32,7
-1,6,13,-1,-2,-21,-55,-3
9,24,15,7,2,2,7,3
-2,-11,-1,0,1,2,8,1
-2,9,0,-3,-6,-9,-12,-10
-1,-14,-21,-6,2,8,9,3
6,13,5,-2,-1,0,1,3
-7,-30,-15,-7,-7,-12,-21,-5
11,51,20,7,4,6,35,1
7,-10,-2,1,2,8,8,9
-10,11,6,4,-2,-6,-9,-9
-1,-8,16,10,5,7,13,2
-4,-6,-14,-5,-3,-12,-28,-5
-9,-11,3,1,-1,4,13,-6
-8,-17,-6,-3,-1,-2,-2,-2
5,11,-2,-1,0,3,8,1
-5,-4,6,0,-3,-7,-19,-5
0,-6,-1,2,-2,-11,-19,2
3,17,-4,-9,-4,8,31,-1
-6,-20,-1,1,2,8,1,0
10,44,11,11,10,12,10,8
-20,-49,-2,0,1,-2,-1,-4
-19,-14,-14,-8,-8,-9,-11,-15
5,5,-1,0,2,1,10,2
-8,-7,-2,-1,-1,7,12,1
14,26,14,7,2,-2,-2,1
-2,12,0,-1,0,-3,-7,-1
6,13,-8,-7,-5,-13,-38,-4
-3,-15,-3,-4,-8,6,40,-4
3,8,-2,-3,-2,5,7,5
3,-12,-2,-1,-1,-5,-15,3
10,7,-1,1,1,3,8,4
-11,-18,0,0,0,-13,-30,-6
-1,-3,-14,-5,-2,-2,2,-2
9,-3,8,3,-1,3,10,3
-7,-5,1,-2,-4,-5,-5,-1
-4,-7,-12,-6,-2,-12,-31,-4
-10,-5,5,2,2,12,28,-4
-15,-12,-12,0,4,4,4,-1
-16,-9,-3,-6,-7,-10,-20,-17
-2,-18,-6,-2,1,11,11,6
8,18,13,10,3,-3,-1,2
11,9,5,5,1,-9,-15,4
-15,-2,-8,-5,-4,6,13,-4
4,17,2,-3,-3,-10,-18,-1
-10,-32,-22,-10,-7,-9,-14,-7
2,27,2,-1,2,7,7,3
3,-1,11,2,1,-2,9,-1
-3,-59,-17,-5,-1,3,9,3
0,23,5,2,-2,-9,-22,-4
-3,-24,-6,-3,-5,-1,11,-4
8,8,-17,-13,-10,0,13,3
0,12,1,3,5,2,-14,1
10,-23,-16,-9,-5,-14,-17,3
-17,-14,-9,-5,-5,4,6,-10
10,12,15,6,6,6,25,10
0,5,3,2,-4,-6,-12,-3
-8,5,0,-2,-3,-13,-36,-10
3,-7,3,5,4,10,25,6
-21,-9,-2,1,-1,-1,-4,-9
9,15,8,3,-1,-2,2,3
-15,-2,-5,-2,-4,-8,-15,-12
15,15,3,-6,-1,5,12,4
-5,-16,-3,0,0,1,-3,0
-6,-3,1,0,1,-2,0,-6
8,18,-3,-4,-3,1,3,5
-20,-21,3,3,-1,-9,2,-13
8,20,11,8,6,16,11,5
2,9,5,0,1,0,-2,4
-9,-10,-14,-6,0,13,25,2
-1,5,2,-1,-3,-17,-29,-1
-11,-23,-4,-3,-3,-13,-37,-11
5,10,-10,-4,-1,3,17,0
-3,21,18,2,2,17,31,6
4,-22,-1,1,0,-3,-11,1
6,-3,-7,-4,-3,-11,-8,-2
-5,-2,-9,-7,-8,-10,-15,-12
14,-4,-10,-5,-4,-6,3,-1
4,20,-3,2,3,19,29,9
-2,-1,4,0,0,0,-1,-1
-3,-5,-12,-6,-6,-7,-11,-4
5,7,12,6,2,-1,0,2
-7,-9,-5,-3,-2,-6,-13,-6
-3,-15,-7,-2,-1,-1,8,-3
-1,28,3,-1,0,-6,-20,-2
-5,-27,-12,-5,-1,7,4,3
9,-1,9,9,8,7,5,8
8,10,4,3,3,2,1,5
-1,-13,-5,-3,-3,-3,15,0
0,-3,-3,-4,-4,-12,-34,-5
-12,5,-5,-3,-5,6,23,-7
11,12,-1,-1,0,0,1,7
-12,-17,8,3,-1,1,5,-7
0,-2,-1,2,1,-4,1,-4
2,13,6,5,4,-10,-26,0
-8,3,-2,0,0,6,18,-1
0,-3,-7,-5,-2,6,8,1
-11,-1,12,-1,-6,-7,-11,-6
-8,-9,-9,-6,-1,-1,-5,-3
10,0,1,1,0,-4,-7,5
-2,-8,-3,-3,-2,-2,-4,1
10,23,8,1,0,-5,-5,2
2,-2,-1,-2,-4,-3,-4,-2
-4,-11,-3,-2,-5,0,4,-3
4,7,-9,-2,1,0,-5,6
-8,-2,12,6,1,2,6,-3
3,9,-9,-3,-4,-14,-33,-2
-2,-8,1,-1,-3,1,1,0
3,-4,-3,4,4,15,33,3
-10,-20,-14,-5,0,4,2,-3
14,19,7,0,-1,-2,-3,5
-10,2,-4,-4,-3,-7,-6,-5
8,-11,3,1,-3,-5,-19,1
-7,-15,-8,-2,-1,-1,7,-6
8,-2,-4,-6,-3,1,11,4
3,-3,2,2,0,-8,-32,-1
-1,0,2,-2,-1,9,33,-1
5,13,9,6,5,6,12,6
-6,-17,-6,2,1,-5,-17,-1
10,25,3,-1,0,-5,-6,1
-15,-11,23,11,2,-2,-3,-2
7,24,-7,-6,-3,8,24,3
-6,-24,-6,-5,-2,1,-16,-3
-11,-25,-18,-6,-4,-1,9,-5
-4,11,0,-2,-7,-21,-58,-14
6,4,5,2,-2,1,26,3
5,19,5,-1,-1,1,7,10
-9,-12,-4,-2,-1,6,11,-2
-4,-7,-9,-8,-6,-14,-26,-7
7,-6,-8,-1,1,6,1,3
-5,0,0,1,2,0,3,-2
-2,2,6,0,-3,0,-2,-2
1,15,5,0,0,-4,-3,2
-8,-19,-5,-1,-1,-2,-11,-3
-10,-7,-2,-4,-4,-5,-3,-5
6,7,-7,-1,0,0,5,1
-1,5,10,2,-1,12,20,4
-1,1,7,3,-2,-10,-17,-3
-8,0,3,1,0,9,16,-4
-6,-12,-3,0,4,-6,-26,-2
-2,-15,-15,-5,-2,-13,-23,-5
-3,-17,-12,-7,-2,13,32,4
7,11,15,3,-6,-12,-11,-9
6,1,3,2,-1,0,5,2
-3,2,5,1,2,5,8,0
-1,-11,-8,-3,-4,-8,-18,-3
0,-8,-7,-2,0,1,2,2
0,7,-2,-3,-4,-6,-13,-3
-1,-13,-3,2,4,12,26,3
-13,1,-6,-5,-5,-8,-14,-7
6,-12,-13,-2,2,8,12,8
1,21,15,4,-1,-3,-3,-1
-6,-4,-4,-1,-5,-2,0,-2
0,3,1,-1,-2,-8,-15,-3
-1,-16,-9,-3,1,9,18,2
-5,-8,-6,-3,-2,-8,-9,-5
-5,4,0,-1,-1,-1,24,-3
2,8,5,2,0,-5,-34,-4
-7,8,-2,-3,-4,-7,-6,-3
6,-9,-1,0,1,15,41,4
-4,3,-8,-7,-4,-8,-22,-4
-4,-7,2,1,0,8,34,0
3,10,9,2,1,-3,-18,-2
-8,6,-3,-5,-3,-4,-13,-5
0,-3,21,14,7,3,0,1
6,6,-7,-4,0,-1,4,3
2,6,-2,-3,-3,-9,-16,-3
-3,-6,-2,0,1,3,22,-2
6,15,-3,-4,-1,14,17,7
-4,-5,-2,-4,-2,-5,-12,-5
3,6,2,2,0,2,6,0
-10,-6,0,0,0,-10,-26,-4
4,-12,-13,-5,-5,-6,-3,-2
-7,-15,0,3,1,9,19,-2
8,9,-2,-4,-2,6,22,6
-2,-5,-7,-3,-3,-4,-22,-3
3,0,1,1,2,-6,-9,-2
-1,8,2,-1,1,-1,-12,2
-13,-13,-8,-4,-3,-1,15,-8
-2,-9,-2,-3,-1,-1,-8,-2
10,7,3,3,2,-9,-18,3
3,0,4,5,4,11,23,6
-17,-3,-4,-4,-5,-11,-23,-11
2,3,1,-4,-4,-1,2,-3
5,-21,-9,-4,1,3,3,7
0,13,-4,-3,-2,-1,11,-1
3,-9,7,4,0,2,8,0
-11,2,1,4,1,5,2,1
1,12,-1,-3,-3,-9,-14,-3
0,-12,-11,-4,-2,-1,2,-2
2,-10,0,-3,-2,-1,-6,-1
-5,-14,-4,0,-3,-17,-32,-5
2,12,6,3,0,17,33,4
1,2,-12,-4,-2,-1,-3,4
4,13,-3,-3,-4,-10,-21,-5
3,20,16,7,2,5,7,0
-3,-8,-3,-3,-5,-5,1,-6
-2,9,7,4,6,7,1,1
-1,-1,-5,-1,0,-5,-15,-1
-3,-19,-10,-4,-1,5,17,1
5,7,0,-2,-1,0,1,1
-8,-12,-8,-5,-3,-6,-8,-7
1,10,6,1,1,0,0,0
16,8,0,-1,-3,-1,7,4
-20,-19,-7,-1,-1,-2,-7,-9
6,5,2,-4,-6,-13,-26,0
-6,-19,-3,1,2,7,24,4
-5,-13,-4,-4,0,9,16,1
-5,-2,-8,-6,-6,-6,4,-7
1,-3,-3,-2,-3,-7,-17,-6
-1,0,-6,-1,1,8,11,7
-14,-23,-16,-6,-1,-4,-7,-4
0,25,10,2,1,-2,-1,1
-12,-26,-5,-5,-2,-5,-3,-6
4,-2,-2,0,1,1,0,3
4,7,2,2,1,1,4,0
-5,-18,-22,-7,-1,-5,-14,-2
0,6,14,4,-4,-2,4,-1
3,-5,-1,-2,-4,-2,-6,2
-1,-13,-8,-5,-5,-4,-4,-2
0,-7,-4,-2,-2,-8,-21,-1
0,-1,-7,-4,-4,9,30,-1
0,9,3,1,4,11,12,4
-4,3,4,0,-3,-8,-6,-6
1,-3,-2,-2,-3,6,12,0
5,5,3,3,-1,-5,-18,0
-10,-4,-5,-2,-6,-12,-27,-9
7,13,-8,-5,-4,-1,7,0
-1,-5,2,0,-1,0,-7,-1
0,-9,-4,1,1,5,17,5
-2,7,-4,-4,-3,-2,-7,-6
-5,10,11,-1,-5,-17,-29,-6
1,-14,-5,-3,-2,15,33,1
-6,11,8,4,2,-7,-16,0
-5,-16,-6,-4,-4,6,23,-3
7,16,9,5,6,5,7,8
-11,-9,0,3,2,-8,-19,-7
2,-4,-6,-5,-1,-3,-1,2
-12,-8,-3,-4,-5,-6,-7,-9
2,-9,-3,-1,-2,1,-2,-2
-5,11,2,1,-4,-2,-3,-2
-4,-5,-9,-8,-4,-1,-3,-1
0,-10,-1,1,2,-4,-2,-1
-4,-2,-8,-5,-5,-2,-3,-2
-1,5,6,3,2,0,1,3
-2,1,-6,-5,-3,3,7,-1
10,10,1,0,0,-12,-22,0
-1,-6,3,2,-1,4,20,-2
18,10,4,3,7,28,37,18
-2,-9,-2,1,0,-8,-23,-9
-3,-5,-2,-1,-1,2,10,-2
8,12,5,3,4,1,7,8
2,13,12,3,-4,-13,-21,-2
-2,-4,6,4,-3,1,0,-5
-2,0,-1,0,2,4,-1,3
-1,-12,-12,-2,2,6,18,-2
-9,-1,-7,-4,-4,-7,-6,-5
-14,-12,1,1,1,-8,-15,-7
5,3,-8,-6,-8,-10,-7,-8
-3,0,6,-1,1,18,23,5
-2,-10,0,0,0,-4,-1,0
-1,17,0,0,1,-2,-7,-2
-3,-6,0,0,0,-10,-17,-1
0,-9,9,5,5,2,5,1
-2,-8,-11,-8,-6,-6,7,-5
8,4,-3,-1,-2,-6,-33,3
-13,7,3,2,0,-2,-1,-2
5,-2,0,-1,-5,-7,-11,-3
-7,-12,-8,-6,-5,-8,-10,-7
3,-21,-18,-11,-3,11,30,2
6,20,11,1,-1,3,10,4
9,18,5,4,0,-4,-11,0
-11,-22,-2,0,0,-10,-41,-8
0,-6,3,1,-1,8,45,-1
15,32,13,9,7,8,5,10
-1,2,-5,0,0,-6,-15,-2
-6,4,2,-1,-3,-2,2,-5
-4,2,9,3,1,-3,-5,-2
5,-5,-7,-4,-5,-8,-13,-3
6,10,-1,-1,0,7,23,8
-4,-1,4,4,4,-10,-29,-6
0,3,-3,-2,0,13,25,5
1,-6,-6,-2,1,1,6,4
-1,6,0,-2,-6,-5,1,-5
-6,-21,-13,-7,-5,7,4,-3
-2,7,6,2,1,-14,-36,-1
-6,-17,0,-4,-6,4,28,-4
-19,6,-5,-4,0,-1,-12,-6
-1,6,-2,1,1,0,10,-1
-10,-11,-6,-3,-1,0,5,-8
-7,0,1,0,1,-5,-18,-4
0,-14,-4,-3,0,-6,-12,1
0,-15,-4,-2,-2,7,28,3
12,38,5,2,0,-4,-10,2
-2,-9,8,2,-2,-1,5,-1
-1,-9,-4,-2,-3,-12,-29,-7
12,8,0,3,4,6,10,8
5,-16,-7,-2,-3,-4,-4,1
-7,7,-5,-6,-2,13,24,-2
-3,-9,-6,-3,-5,-13,-25,-6
0,5,0,0,0,7,14,2
-6,2,-2,-5,-6,-5,-2,-3
2,-4,-2,-1,1,2,2,4
-3,-8,-6,-4,-4,-3,-9,-2
-11,5,4,0,-3,-9,-9,-6
2,-15,-6,-3,0,9,15,5
0,-2,-9,0,-1,-6,-18,-3
4,6,6,3,1,5,15,7
4,-1,-4,-6,-6,-6,-5,-5
-3,-2,0,2,2,4,-1,3
7,2,-5,-2,-2,-2,4,4
-13,-9,9,7,2,4,6,-3
3,5,-6,-5,-3,1,6,2
-5,-11,-5,-1,-3,-14,-33,-3
2,3,9,1,1,7,19,0
-1,17,6,3,2,-2,-1,0
-4,-8,-6,-1,-3,-7,-14,-4
-5,-7,-2,-2,0,1,4,-1
0,-4,-11,-7,-5,-18,-35,-7
1,-23,-8,2,6,16,33,3
5,52,21,4,-1,-5,-7,2
-13,-23,1,3,0,-3,2,-3
-8,-8,-5,-1,-1,-6,-12,-6
-8,-19,-14,-10,-5,1,1,-6
10,3,-4,0,2,-2,-7,6
-1,35,12,5,2,8,16,2
-4,-9,-5,-4,-4,-6,-4,0
-6,-8,-10,-7,-5,-3,-17,-5
-6,-15,-10,-6,-5,-7,-13,-5
-7,4,-1,-4,-6,0,8,-6
-6,3,1,4,2,4,5,-3
5,13,-18,-9,-4,-8,-12,-7
-11,-11,13,2,0,3,-4,-3
12,-1,-5,-1,-1,3,20,2
-4,-6,1,0,0,10,9,2
-6,0,-2,-3,-3,-4,-8,-1
3,-11,-8,-1,0,-1,0,-2
4,6,-9,-5,-2,-7,-11,-3
-1,-4,5,5,1,-2,-3,1
6,6,5,1,3,2,11,3
-1,25,3,-1,0,11,13,2
-5,-15,2,-2,-1,-6,-13,-4
-6,-18,1,1,1,-4,-10,-5
5,-4,2,-2,-4,0,6,6
2,6,5,3,-1,-4,-2,1
1,-6,-8,-1,1,0,5,-1
0,4,-3,-2,0,2,2,0
-9,-4,4,1,-3,-7,-11,-8
11,-14,-4,0,-2,-14,-36,6
-16,7,0,-4,-4,11,34,-3
10,5,-3,-2,0,-9,-15,2
0,-5,3,1,0,11,21,4
-2,5,5,1,-2,-4,-4,-3
5,-17,-2,2,-1,-7,-14,6
-2,5,-11,-6,-4,-3,-8,-3
-20,-37,-12,-8,-5,-3,5,-9
-1,-20,-13,-6,-3,-5,-15,-2
5,12,2,1,2,1,3,2
-4,3,0,-4,-2,6,11,0
13,30,9,2,1,-8,-15,-1
0,-11,9,6,4,7,25,6
-2,9,-2,-5,-5,-7,-14,-8
6,-24,-6,-2,2,4,0,5
-6,5,-5,-1,0,10,15,-3
2,-3,-1,0,-1,2,9,-2
2,10,7,2,2,-1,-5,2
8,17,5,7,4,1,6,4
-18,-55,-6,-3,-3,-18,-39,-13
4,19,0,-2,-1,10,28,4
6,3,-1,2,2,2,-4,4
5,4,-4,-4,-5,-8,-9,-4
2,-17,4,2,3,2,4,5
-23,0,-8,-2,-3,-8,-11,-13
16,7,16,7,4,1,-4,5
-14,-8,-5,-1,-2,1,4,-2
-2,7,1,0,-1,-8,-13,-1
-1,-14,-10,-5,-1,14,42,-2
-2,8,-8,-6,-3,1,-10,3
-11,3,13,3,-1,-10,-23,-8
25,39,8,2,-2,6,22,9
-12,-22,1,2,0,-17,-44,-8
-13,-21,-16,-7,-6,1,20,-8
-2,-8,-1,-1,2,1,-4,0
5,12,-4,-3,-3,-3,-1,-3
13,30,6,-1,-2,5,8,6
1,-23,2,4,2,-2,-2,-1
0,6,-2,-2,-2,3,10,5
-9,-9,-7,-1,3,1,-3,-4
4,0,-5,-2,0,-3,-2,2
-8,1,8,2,0,-5,-16,-3
8,18,3,4,1,3,11,1
-6,-21,1,-1,-4,-3,-2,-1
-4,-8,-3,-2,-2,-2,-15,-1
1,-2,-7,-3,-1,-3,14,-2
2,22,0,-5,-4,11,14,-1
-22,10,4,-1,-3,2,4,-4
-4,-10,-5,-3,-4,-6,-11,-8
7,5,-1,1,-2,-3,-9,-2
-19,-21,-8,-4,-4,-12,-19,-12
-4,-12,-3,-3,0,4,21,-5
-3,-11,-11,-5,0,9,7,8
-9,3,-1,-2,-3,-11,-22,-6
-1,-21,-7,0,1,-15,-36,-2
9,19,8,1,-3,9,38,2
-5,12,8,1,0,4,-2,-4
1,-15,-12,-4,0,-2,-4,0
1,-10,-9,-5,-2,-3,-6,0
-1,12,2,-1,0,-12,-30,-5
-9,-8,-2,0,-2,-2,7,0
-1,-1,1,-2,-2,-3,-9,-5
1,-1,-6,-4,-2,6,18,4
11,10,-4,2,2,2,-1,4
7,14,11,5,-1,-5,-9,-1
-20,-14,-6,-5,-4,5,6,-5
-3,5,6,-1,-1,0,5,0
4,1,-2,2,1,-1,-8,2
-9,-8,-9,-3,0,-1,-3,-2
3,-6,2,-2,-4,-7,-4,-3
8,2,7,2,0,-1,-1,0
3,19,4,1,1,4,5,3
2,-34,-8,0,2,-4,5,3
-4,12,3,-3,-2,-3,-4,-4
5,35,17,3,5,18,28,3
-2,-8,-4,-4,-4,-14,-34,-3
3,-3,3,1,1,4,24,2
-8,-4,-14,-6,-3,-1,-7,0
1,-2,-2,2,3,0,-5,0
0,-4,-13,-8,-3,3,8,3
-8,-22,-14,-7,-6,-11,-27,-13
6,19,14,3,2,2,20,5
-13,-15,-15,-12,-10,-21,-45,-15
13,6,8,7,6,18,26,10
-4,-6,-3,-1,-3,-3,-3,-4
1,-2,-3,3,4,2,1,0
-4,-10,1,-2,-3,-3,3,-1
8,11,10,3,1,-7,-9,2
-6,9,-3,-2,-2,-2,-4,-2
0,2,4,3,1,5,13,0
-2,-33,-8,2,4,10,18,8
-9,10,12,1,-3,-7,-17,-6
-4,4,8,2,-1,-1,1,-1
4,4,-3,0,0,-11,-28,-1
-13,-19,-9,-1,-2,6,32,-6
2,29,-5,-7,-5,1,-12,-4
-6,-26,-6,-3,1,-5,-16,-1
5,-13,-4,-6,-4,-6,-11,2
0,-10,4,0,-1,5,11,-3
-7,-31,-14,-4,-2,-11,-15,2
18,56,25,7,-2,5,22,6
-14,-18,-6,-4,-2,10,5,-2
12,8,-1,1,-2,-10,-15,2
1,-6,5,2,1,4,12,3
-5,-18,-5,-1,1,0,-6,-2
6,6,-2,-3,-3,-5,1,-1
0,14,8,1,-2,0,13,-1
-5,0,-3,-1,-2,-8,-34,-8
3,-5,-7,-2,-1,-4,-5,3
0,-1,0,3,1,-5,-9,-3
-10,-8,-3,-3,-1,14,27,1
-7,2,-1,-1,-3,-7,-10,-6
3,-4,5,1,1,8,17,-1
0,-3,3,3,0,-4,-15,-2
-3,-1,-3,-3,-4,-8,-12,-5
7,-9,-4,0,4,9,23,8
-4,21,3,-1,1,-7,-16,-8
7,34,12,3,2,14,28,5
4,-25,0,2,1,-5,-6,6
-1,-4,-4,-5,-6,-6,-10,-6
-5,-2,5,-1,-2,-2,-7,-3
-4,-10,-9,-4,-2,-6,-9,-3
4,16,4,-1,0,-1,2,5
0,-9,-5,-4,-3,0,6,-3
-5,-5,-4,1,1,-3,-12,-2
-7,5,3,0,-4,-2,14,-4
2,13,-3,-1,0,11,17,3
-8,-26,-6,-1,-1,-5,-10,-5
3,10,2,-2,-1,8,16,5
-4,6,-3,-3,0,2,-4,0
8,11,-5,-4,-5,-10,-12,-5
-5,-20,-6,-3,0,-3,-4,-4
4,11,0,0,1,-1,4,3
1,-9,-1,-4,-2,0,5,1
-11,2,-2,-1,0,-1,-8,-5
-2,7,2,1,0,-1,2,4
6,3,-4,-1,-2,1,5,-2
0,-8,-4,1,1,-1,-7,0
-1,-5,-14,-8,-9,-11,-10,-5
-2,6,6,4,2,13,19,1
-9,9,-1,-3,-5,-17,-26,-7
-2,-12,-2,-2,0,15,32,6
4,24,-2,-1,-1,-6,-18,2
-7,-8,-7,-4,-2,-3,3,0
0,-18,-7,1,0,-1,-5,-1
9,10,7,3,2,-1,-13,2
0,6,12,6,2,-2,-8,2
7,29,2,2,4,0,3,0
-8,-50,-11,-6,-1,6,17,4
9,16,7,4,-3,-10,-13,1
-10,-19,-9,-4,-1,5,0,-7
4,13,11,2,-1,-2,-2,0
0,12,-5,-5,-2,-2,1,-1
-7,-11,0,1,0,-3,-5,-2
-3,0,4,0,0,-9,-21,-4
-2,-16,-7,-1,-2,-2,12,-4
7,6,0,-1,1,15,15,11
-10,5,-1,-1,-2,0,3,-3
-2,7,6,3,0,2,14,1
-4,7,8,2,-1,-9,-33,-8
4,6,-2,-2,-4,-3,3,-3
10,8,-10,-5,-2,-1,1,2
-3,-7,-5,1,0,-6,-11,-3
0,-21,-1,-3,-2,12,24,4
5,19,-2,2,4,2,2,3
6,-26,0,-1,-6,-8,-21,-4
-11,-2,6,-1,-3,4,9,-7
4,7,-10,-5,0,2,3,6
-9,-32,-6,-3,-2,-5,-4,-5
-13,-17,-14,-6,-1,-14,-29,-9
1,22,8,-3,-2,4,3,-3
1,0,-2,-2,-3,-5,0,3
2,3,0,3,2,0,4,1
-2,-9,-6,-4,-2,-3,-4,-4
3,-9,3,5,3,-2,-3,-3
4,6,-7,-5,-6,0,2,1
-8,-11,-4,-2,-3,-16,-33,-9
-1,6,1,-2,-1,14,34,2
0,-27,-6,-1,3,-2,-10,5
5,19,16,3,-1,4,6,-2
7,10,0,0,-5,-8,-11,2
-5,7,6,4,0,-7,-11,-7
9,10,-13,-7,-3,4,15,4
-8,-33,-9,-2,-1,-9,-12,0
1,19,8,4,2,-6,-21,-3
-2,-9,-1,-3,1,14,28,4
-3,5,-1,-3,-4,-11,-20,-3
-4,-14,-7,-3,-2,0,16,-4
12,24,3,-1,-2,8,14,4
-8,-13,5,4,1,-5,-14,-3
2,-1,-2,1,1,1,-5,1
-10,-3,-4,-3,-3,-2,9,-8
-7,-2,5,4,4,11,21,1
-5,-12,-9,-6,-4,-8,-10,0
4,10,12,4,0,0,4,4
-1,-19,-6,0,1,-5,-14,-1
-9,-8,-7,-6,-3,-6,-10,-10
11,8,1,1,1,8,20,6
-7,-1,-2,-3,-3,-14,-34,-5
-6,8,-2,-3,-2,3,18,0
5,-2,0,0,2,13,30,6
-8,7,-1,-1,-3,-10,-27,-4
6,12,4,0,-1,5,19,-2
-4,-11,0,-1,0,0,-14,2
-9,-11,-5,-5,-6,-15,-26,-11
1,3,-6,-2,2,8,19,1
-3,-10,-7,-3,0,4,13,5
-9,0,-4,-3,-4,-9,-20,-7
2,5,4,4,5,10,14,4
6,-9,2,3,0,-5,-14,3
1,4,7,3,-1,-2,2,-2
-4,9,3,5,4,5,-2,2
-6,2,1,-6,-5,-1,6,-5
-5,5,-5,-4,-3,-4,-2,-3
1,-14,-3,1,-2,2,2,1
6,-1,-5,-4,-5,-10,-20,-5
0,-11,-7,-3,0,1,2,0
-16,2,2,2,3,9,20,-1
-12,-30,-11,-5,0,4,6,-2
4,30,3,0,-2,-4,-6,-1
-12,-16,-5,-1,-3,-8,-18,-6
3,5,0,-2,0,-2,-1,-2
10,8,2,0,-4,-4,-6,2
-5,-9,-2,1,3,5,4,-1
1,4,-2,-2,-3,-4,0,1
8,22,-7,-2,-2,-10,-25,-1
4,-15,-3,0,0,4,14,-1
-2,29,15,3,0,-2,-1,-3
3,-7,9,5,3,10,19,5
5,-14,1,-2,-2,-4,-13,0
-3,5,0,-1,-1,-20,-44,-9
-2,-18,-11,-5,-5,14,39,-1
0,3,-3,-3,-2,-6,-26,1
10,6,6,4,-1,1,9,7
-4,-4,-2,-3,-1,7,19,0
0,10,8,3,0,-12,-32,-3
-3,-8,-10,-4,0,-1,-1,-6
-5,-3,2,0,-2,-11,-22,-5
-3,6,-5,-4,-3,6,29,-4
1,-26,-1,3,2,9,19,7
6,12,-2,-1,-1,11,19,7
-7,-4,-4,0,0,-3,-11,-8
-11,9,-1,-1,-2,-7,-14,-8
-2,-30,-1,1,2,-3,-4,-2
11,10,3,-1,-3,-4,-10,2
1,-2,1,1,-2,-5,-10,2
2,-7,-4,-3,-5,7,30,3
-6,-2,-17,-8,-2,3,0,-2
-2,2,-1,-3,-4,-7,-9,-5
1,-4,6,2,2,4,9,0
-5,-21,-5,0,-1,-5,-23,2
13,34,14,5,4,7,11,7
-13,-5,-4,-2,-4,-5,-4,-8
2,6,-2,-1,0,2,13,-1
-11,-1,0,-3,-5,-7,-20,-5
-1,-3,-2,-2,-3,-5,3,-2
-4,-6,-10,-2,2,5,5,-1
-12,-24,-9,-2,-1,-1,-3,-5
1,12,2,-1,-3,-4,-8,-3
-11,5,-10,-8,-5,-6,-13,-2
-6,-26,-10,-6,-5,-2,9,-3
0,22,3,1,0,8,14,3
0,-26,-4,1,3,0,-1,-1
9,5,-1,3,1,1,2,3
2,1,2,3,3,9,15,6
4,15,-1,-3,-2,1,6,1
3,-1,-2,0,-1,-3,-17,6
-4,-18,-3,-2,-3,-7,-13,-7
-7,-8,-6,-4,-1,-7,-9,-3
4,15,4,-1,-3,5,3,-2
0,2,0,0,-1,-1,5,0
-2,4,2,1,-2,-1,-2,0
5,8,7,5,3,-4,-8,0
-5,-16,-13,-11,-5,-3,3,-2
-11,8,-6,-4,-2,-19,-48,-12
4,-18,-4,0,3,21,56,5
5,-5,1,-1,-2,-12,-23,1
-2,0,-3,-5,-5,6,14,-3
-3,9,5,0,-3,-3,-10,-5
0,-2,6,4,0,-8,-9,-3
-8,-12,6,0,-1,-5,-16,-7
7,-10,-5,-2,-1,-4,-5,2
-5,-3,-2,-1,0,5,18,4
3,19,-6,-5,-2,-7,-14,1
5,6,9,3,-1,2,12,-5
-10,-22,-9,0,1,-3,-10,-3
-7,14,-2,-3,-3,1,4,-6
2,-8,3,-1,-2,-6,-19,1
2,-2,-8,-3,-1,14,34,4
-3,-4,2,0,-2,-11,-23,-8
4,4,2,4,4,17,30,5
-5,-4,-5,-5,-4,-13,-26,-5
7,1,5,2,0,0,8,2
3,19,2,2,-1,-3,-5,-3
6,-8,-3,-1,-2,-1,0,1
-8,-4,-3,-4,-4,-4,-8,-4
-21,-22,-9,-5,-2,-3,-5,-8
-2,6,-2,-2,0,2,9,0
-4,3,-4,-7,-3,-4,-7,-3
5,-4,11,5,3,2,2,1
9,12,-7,-1,-2,-3,-5,4
-9,-3,1,-1,-1,-2,2,-2
1,1,0,2,2,-1,-3,-4
-7,-19,-13,-2,0,2,10,-2
0,48,17,4,0,-2,-16,-4
-4,-21,1,0,0,8,21,1
6,-2,-2,1,1,-1,2,5
-11,-13,-6,-2,-2,-8,-19,-9
7,16,0,0,1,-5,-11,4
2,-7,3,1,-1,-2,-5,-1
1,-10,5,0,-2,-5,-7,-3
0,0,-6,-5,-4,5,8,1
2,1,-3,-4,-2,-5,-6,-2
3,0,1,1,0,4,6,2
0,-7,-6,-4,-3,1,13,3
4,17,8,3,2,-8,-27,1
3,-18,-5,-4,-6,3,23,1
2,7,3,2,1,-3,-2,4
1,1,-4,-2,0,0,-6,-1
-3,-7,-4,-3,-1,-1,-4,-4
2,-1,-8,-3,-1,-1,4,0
4,-1,0,-3,-4,-4,-6,-3
6,1,9,4,3,13,18,4
-9,1,-4,-3,-3,-5,-7,-5
0,15,7,1,0,1,1,-1
-14,-33,-12,-5,-6,-3,-3,-1
-5,0,-9,-8,-8,-10,-18,-10
14,19,5,1,1,9,22,4
-5,-20,-6,-3,-3,-6,-17,-3
1,9,2,5,5,2,-2,2
1,17,12,2,-2,0,2,0
-6,-3,11,6,4,1,1,2
-2,10,-5,-3,-4,-4,-6,-3
-5,-16,-3,-3,-2,-7,-10,-1
1,-1,-11,-1,0,3,16,2
-2,-4,0,-4,-3,-1,-12,-2
-11,-11,-3,-3,-1,3,7,1
-6,-19,-12,-6,-3,-2,1,-4
2,1,2,0,1,6,2,2
-1,-1,5,2,-1,-3,-6,-1
5,11,6,4,5,1,-4,6
3,20,4,1,0,-1,-6,-3
-2,-8,-7,-4,-3,-8,-9,-2
14,3,-4,0,-3,-3,4,3
-2,-19,-8,-3,-2,7,16,0
-1,16,8,2,3,5,5,2
-4,-3,1,1,-2,-2,-1,-5
2,8,-3,-1,-2,-4,2,1
-22,-6,4,-1,-3,-10,-22,-15
4,-31,0,1,1,2,8,6
9,9,4,4,4,5,8,6
-4,-4,-6,-2,-2,-6,-14,-1
-5,-28,-15,-5,-2,5,9,-1
-2,30,7,-1,-4,-3,3,-3
-4,-23,-8,0,0,-7,-16,-2
-2,6,8,2,1,7,21,4
12,13,-3,-4,-1,1,-5,4
-9,-6,-1,-2,-3,-3,2,-8
0,-3,6,3,-1,-5,-21,0
-3,1,-4,-2,-2,4,17,-6
9,-3,-2,0,-1,-5,5,7
-1,11,1,0,-1,-2,-5,-7
0,2,-1,0,1,11,13,4
-8,-21,-3,-2,-2,-4,-11,-4
1,16,19,10,6,8,18,-1
-1,-10,-8,-2,-3,-9,-23,0
5,18,-1,-2,-1,-2,9,0
-8,-16,-11,-2,-1,-4,-9,-4
-2,-17,2,-2,-4,-5,-16,-2
4,11,-2,-2,-2,3,16,4
-6,3,-1,3,4,7,0,-3
7,-1,-3,-4,-1,-2,-9,2
-9,3,-5,-3,-4,-7,-5,-8
2,6,5,3,2,2,-6,3
-5,3,-2,-6,-3,-4,1,-6
0,17,1,-2,0,0,-2,-3
-21,-47,-1,0,0,-13,-34,-10
1,13,8,1,0,12,36,-2
0,-8,-6,-3,-1,-6,-9,4
-5,0,-5,-3,-3,-6,-3,-4
7,4,-8,-4,-2,2,4,-2
-7,14,2,-3,-4,-8,-20,-6
-3,-4,2,0,-1,-7,-11,-3
-9,-21,-9,-3,-3,2,8,-4
-1,12,-1,0,-1,3,3,0
6,-7,-11,-4,-1,-4,-11,2
9,24,6,0,-3,0,9,3
-14,-21,-1,-4,-5,-7,-17,-9
7,18,-4,0,1,4,6,0
1,1,-1,2,2,2,3,-1
-2,-27,-2,-1,0,-4,-11,-1
17,39,11,2,0,-5,-11,4
-20,-11,-2,-5,-7,1,23,-11
-6,-16,-5,-2,2,1,-8,1
3,4,-4,-2,1,8,21,3
-1,0,-3,-1,-2,1,6,-1
7,6,5,1,0,-4,-16,1
-2,7,1,0,-1,-2,-5,3
-4,-5,-2,-3,-2,-1,7,-1
3,11,6,5,0,-1,-6,-2
-5,-22,-11,-8,-5,2,3,2
-5,-13,-3,0,0,-1,3,-1
-1,-1,-1,0,0,-3,-10,-3
3,2,1,-2,0,2,11,0
-3,0,-2,1,-1,-7,-14,-3
12,10,6,2,0,-1,-1,2
-3,-19,-1,-1,-3,-10,-21,1
-4,-3,-2,-4,-5,14,53,2
4,10,10,8,6,13,9,9
-4,-14,-3,-1,-2,-6,-12,-4
4,-6,1,1,-1,-3,-2,-3
-13,-11,-6,-4,-2,-11,-25,-7
6,17,4,0,-1,-6,-6,2
-2,6,-3,0,1,3,7,3
-7,6,2,0,0,5,11,-2
-1,-1,-2,0,0,1,0,3
0,-14,-4,-2,-1,-4,-4,-3
-5,-8,-4,-3,-3,-3,-9,-4
-5,-5,-6,-5,-8,-17,-7,-8
5,-3,-8,0,6,28,22,10
3,9,-5,-1,-1,-4,-8,4
0,-20,1,0,1,-2,6,1
3,5,6,0,-2,-4,-20,-4
2,16,3,0,-3,-8,-4,-5
-3,-31,-13,-8,-6,-5,-3,-4
10,25,5,0,-2,-3,-12,6
-22,-18,-8,-1,-1,6,15,-6
6,-1,4,1,-1,-6,-11,3
2,6,-1,-2,0,1,9,1
-7,12,2,0,-2,-3,-3,-7
3,-11,-1,0,0,0,-5,0
-4,-7,-9,-4,0,1,2,1
-6,7,-1,-2,-3,-12,-19,-10
1,-5,-9,-6,-2,14,28,3
11,32,12,7,4,7,22,12
-9,0,0,2,0,2,-9,-4
-4,-8,-1,-2,-2,-7,-6,-3
-5,-12,-3,1,0,-9,-25,-6
-9,-14,-7,-2,-1,-2,0,-3
7,5,-2,-4,-4,-8,-7,2
6,24,6,4,3,6,13,6
-11,-23,-5,-4,-3,2,18,-3
9,12,-4,-5,-5,-6,-29,-2
2,11,4,2,0,-6,-15,2
0,0,8,4,1,10,24,1
4,8,-1,-1,-1,6,10,4
-9,-39,-7,-1,1,0,0,0
-1,-11,-3,-2,-5,-9,-15,-10
2,5,-9,-4,2,6,15,4
1,3,3,0,-2,-9,-26,-6
-3,11,1,-3,-1,3,12,3
1,-2,12,6,4,0,-3,3
-4,-5,-2,-1,-2,-5,-12,-4
2,15,2,1,0,1,5,3
-2,-12,-8,-6,-2,0,-1,0
-5,4,-7,-6,-2,-3,2,-4
0,-16,0,-1,-1,-4,-12,-4
6,7,11,3,0,-6,-6,1
-3,-15,-9,-3,-2,10,17,-2
7,23,13,5,1,-1,2,8
-9,-4,4,3,-2,-5,-7,-6
1,-3,-3,0,1,9,8,1
7,13,2,6,7,10,18,10
-9,-13,0,-3,-6,-3,2,-10
2,4,-2,-1,-1,-6,-17,1
-4,9,4,0,-4,-12,-14,-7
3,7,0,-2,-3,-1,1,2
-1,-28,-8,-2,0,6,14,0
2,11,1,-1,-3,-4,-11,2
-1,10,-6,-4,-2,-1,2,0
0,-19,5,4,3,-7,-18,-6
-1,4,-1,-3,0,-3,-1,-1
1,2,-1,0,-1,4,18,3
-10,-13,-8,-1,1,4,8,2
16,25,11,6,1,-3,-11,3
-11,-12,-4,-4,-4,-6,-9,-8
3,-7,-3,-2,2,4,9,1
-5,-15,-9,-2,-2,-1,-9,-4
-8,-3,-3,-3,-5,-8,0,-6
1,-7,-5,-2,-2,6,10,3
-5,8,1,1,3,9,11,0
1,-17,-5,-1,-1,-6,-12,-3
11,29,4,-1,0,-4,-9,5
-7,3,-4,-3,-2,-5,-6,-6
-1,-9,2,3,2,10,11,1
-1,-7,-3,-2,-4,-4,2,1
-8,-33,-11,-4,0,-4,-6,-2
6,7,-5,0,1,-2,-6,2
5,13,-2,-4,-3,-9,-8,1
6,1,11,6,3,2,-6,1
-4,4,3,1,-3,-2,-6,-5
-1,-14,-2,0,-1,3,5,4
0,25,-1,-1,0,-1,1,-3
-5,-20,-4,-5,-2,-4,0,0
-1,20,2,-5,-6,-5,1,-7
6,-6,4,2,3,10,4,3
