-14,-2,0,-3,1,-2,-2,-3
-3,-4,3,11,-3,0,1,1
7,-3,2,-1,1,-6,-2,3
0,8,-2,-6,-8,1,0,-2
-5,-14,1,1,4,2,-1,-1
1,5,-3,-10,-6,-9,1,-1
0,-3,-10,5,3,7,0,0
-3,4,6,4,0,0,-2,-1
-4,15,9,-6,0,0,-2,-2
0,-8,-12,5,0,0,2,3
-5,-20,-3,-12,-8,-6,0,-2
-2,0,0,-1,1,3,-1,0
5,8,-3,-3,2,3,-2,-3
-10,-13,13,18,1,-1,0,-3
-1,3,0,4,0,-6,-5,-2
-4,-15,-8,-11,-9,-2,1,-2
-2,7,-1,-7,-6,-3,-3,-2
3,7,-1,-3,5,3,-1,-1
2,-4,-7,1,4,-3,-15,-3
-8,-4,4,-1,-1,2,14,1
9,-11,-14,-2,-5,-1,-2,3
-11,3,0,-2,-6,-3,-2,-4
15,27,6,1,-4,-2,-1,-6
-18,-30,-6,-7,5,0,-7,-5
-2,-14,-4,1,1,-2,-1,-3
-16,7,9,3,-1,2,1,0
10,18,0,-3,-2,-2,-1,1
13,14,-4,0,1,0,-1,3
6,16,4,4,1,3,10,7
-6,-32,2,0,0,-6,-9,-7
3,-1,-6,-3,-4,2,6,4
-9,-1,2,-8,-3,-1,-5,-3
4,22,-6,6,0,-1,-2,-2
10,-8,-7,2,6,3,0,0
-3,15,4,-3,-1,-2,2,-3
-8,-25,-5,2,-7,-8,-1,-3
12,0,3,-10,1,1,-4,-1
4,17,-3,-8,-3,-2,-1,0
-7,-7,8,7,4,5,4,-1
-5,-26,-23,-5,-5,-1,-2,-1
1,11,4,-1,-5,-3,-2,-1
1,-11,-4,-11,0,0,-1,-1
3,3,9,15,5,-1,2,3
6,26,8,-4,1,0,0,-1
-6,-19,-7,5,-1,-1,-1,-1
5,25,14,-8,0,4,3,6
-5,-19,-17,-3,-6,-4,-2,-4
23,17,14,7,1,-3,-2,0
-20,-16,-8,-4,-1,-2,-2,-3
4,12,-5,-1,-3,-1,-2,0
-15,-22,-2,-5,0,0,-1,-3
-14,-7,-7,-6,-11,-6,-4,-7
0,6,5,-8,-10,-4,-5,-2
-5,-21,-15,-1,11,6,3,3
-9,-4,-2,10,3,-4,0,-2
12,30,4,10,5,-1,2,2
-8,-17,2,-5,-3,2,-4,-1
-1,10,1,-6,-9,-3,0,0
-1,-7,-9,-12,0,0,0,-2
-4,-8,5,19,6,0,0,1
11,8,1,8,3,0,2,2
-8,-11,-3,-6,-6,-4,-2,-2
6,2,0,-9,-3,1,-1,0
10,23,8,-1,1,1,-2,0
5,-16,1,7,4,3,2,3
-11,-12,-9,-1,-2,-2,-4,-6
-2,-19,-5,-6,-8,-4,-3,-4
-5,8,-7,-9,-1,-3,-1,-1
8,-3,-3,-2,-3,0,-1,1
8,11,2,0,-9,-15,-4,3
3,10,5,5,8,19,2,2
-4,-4,-2,1,11,13,3,2
1,7,-4,-6,-3,-6,-1,-1
-12,-17,-4,4,-3,-3,-4,-6
5,5,10,-3,-6,-5,2,2
-9,-7,-3,0,-2,-4,-3,-4
7,25,11,8,2,1,1,1
-24,-58,-12,4,-1,0,-4,-6
26,34,2,-5,-4,-3,-1,3
-30,-39,-13,-6,-3,-2,-4,-8
10,5,1,-6,-2,-3,2,3
-12,15,4,3,-2,-1,0,-3
5,-3,-5,-1,3,2,1,1
2,13,2,2,-2,2,1,3
-34,-37,-10,-4,-2,-4,-4,-7
28,16,3,-3,-2,-1,-2,-4
-11,-14,-3,-8,-7,-3,-1,-2
-13,1,-6,-8,1,-2,-4,-6
12,4,2,10,3,2,2,7
19,25,5,7,6,7,5,4
-30,-16,-9,-10,-10,-14,-5,-7
39,33,6,-4,0,3,1,6
-6,-5,16,10,2,-1,-4,-7
-2,-3,-2,2,1,-3,0,0
-1,-9,-1,9,5,-5,1,1
-1,4,-7,-5,-10,-1,-6,-2
-14,-29,-14,-14,-5,-5,-3,-3
-5,6,4,-4,1,8,-1,1
7,16,-2,3,6,0,-1,0
-4,-17,-2,-5,-8,-9,-1,1
13,38,8,4,1,3,1,2
-23,-24,-11,-6,-7,-8,-3,-7
1,-2,-2,-2,-4,0,-1,0
4,-1,5,6,4,5,2,3
19,13,-11,-3,-4,-5,-2,-3
3,21,6,-1,2,1,1,4
-31,-38,-4,-1,-1,3,-1,-9
-11,-4,1,4,-2,-4,-2,1
-20,-52,-14,-9,-5,1,-3,-2
18,15,-2,-7,-9,-28,-20,1
-4,10,3,-1,-1,30,23,3
16,50,9,10,9,2,5,8
-31,-49,-12,-14,-1,-1,-5,-8
-5,-3,4,-2,2,0,0,-2
2,3,8,9,-6,-15,-11,-3
4,-14,-35,-13,-7,-5,0,-1
6,18,12,12,0,2,5,5
-31,-30,-31,-24,-13,-2,-6,-9
4,13,24,-3,0,-4,-4,0
9,-10,-3,5,1,5,2,-2
-14,-4,4,0,1,-4,-5,-5
-8,-6,0,6,0,4,5,-3
32,22,-10,-9,-4,-1,-3,7
-21,-24,0,-2,0,-4,-5,-4
8,34,0,-3,-3,-3,-4,-7
18,3,3,2,0,5,5,4
1,9,-3,1,1,-5,2,3
-2,-20,0,-5,-6,-1,-6,-6
2,11,1,1,-2,-1,2,2
-14,-16,4,6,7,7,3,-2
0,-10,-6,5,-2,-6,-8,-6
1,1,5,-15,-12,-8,1,1
8,8,-4,-1,9,9,4,-1
-3,12,5,26,16,13,2,0
-15,-16,-7,-10,-2,-7,-5,-3
-26,-8,8,17,-2,-4,-3,-4
7,-10,-9,-13,-7,-6,-1,0
20,15,8,-2,-1,-1,4,4
3,7,-6,0,-1,3,-1,1
-13,11,5,0,1,0,0,-4
0,-9,-8,0,-6,-4,-5,2
-6,5,0,-1,-4,0,0,-1
-4,-12,-4,-3,-3,-3,-3,-4
7,-7,-6,-9,-4,-8,-5,-9
-13,1,1,2,1,0,0,-2
10,-2,-3,0,5,2,3,2
-5,12,-5,-3,1,7,1,2
24,6,15,6,3,-1,3,5
-12,-10,-9,1,-6,-6,-7,-9
0,-8,-3,-4,-6,-5,-1,-1
2,-3,0,1,2,-1,-2,2
-18,-25,-8,4,3,0,-3,-5
10,13,5,-7,-5,-4,1,-1
-5,6,0,-6,-4,1,-1,2
13,11,-2,10,4,3,-1,-4
-11,-13,3,2,-1,2,-1,3
2,4,-3,-7,-4,-1,-1,-2
-3,9,-2,-4,-1,-5,1,1
-5,7,3,-1,-1,-1,-1,-2
7,-13,-2,6,-6,-3,-2,-1
-14,-14,-8,-11,-7,-10,-3,-2
3,-11,-6,-2,4,14,-1,-1
-4,7,6,-1,1,-3,-1,-1
2,-1,0,6,-1,1,-2,-2
-2,1,1,-1,3,1,0,3
5,9,1,0,-2,-5,-2,-1
-7,-15,-4,0,-3,-2,-4,-2
6,20,-9,-19,-5,-1,0,1
-6,-17,2,3,6,2,1,0
7,9,7,15,4,3,2,0
-7,-14,-7,-7,-4,-2,-3,-1
4,3,2,-3,-1,-3,-1,1
17,8,-1,2,-2,0,0,-1
-40,-19,-3,-5,-5,-3,-3,-6
42,14,-1,2,-1,-3,-2,5
-10,-16,-1,-4,0,2,1,-3
1,12,0,0,1,2,-1,-3
10,12,5,3,-1,1,1,1
-12,-8,-1,-8,-4,-9,0,-2
-2,-5,-3,9,7,7,0,0
14,6,1,0,0,1,0,7
-11,-17,-4,-3,-4,-9,-7,-14
-16,0,-9,-12,-6,3,-3,-6
11,1,-2,1,1,-1,0,1
-11,-2,3,-1,-5,-5,-1,-2
14,3,1,-7,-1,-4,1,7
1,-4,4,8,1,-5,3,3
-10,-8,-15,-7,-5,-1,-4,-5
13,24,10,11,5,4,2,3
-16,-45,-13,-13,-8,-6,-6,-6
-15,-4,-1,-8,-1,-1,-3,-6
21,36,19,9,6,2,3,7
-3,12,-9,2,-1,0,0,-2
16,1,2,10,1,1,1,5
-10,-11,-10,-15,-6,-2,0,-2
-16,-31,7,6,4,-1,-2,-5
-4,6,3,10,2,0,-3,-3
-2,-8,-2,-6,-4,-3,-1,-2
-2,1,0,9,1,2,1,2
5,20,-5,-13,-8,-3,0,1
-9,-28,-1,-1,2,2,-3,-4
0,19,1,0,-4,-5,-2,0
-2,5,0,-3,-2,1,0,1
3,-3,0,-5,-6,-6,-2,-1
10,8,0,1,4,3,4,2
3,7,-8,-15,-3,1,-1,0
1,-18,4,14,4,-1,0,-2
-10,12,-2,-1,-2,-3,0,-2
0,8,11,0,-4,-1,-1,0
-9,3,0,-9,1,2,0,-1
9,6,-1,-1,3,3,1,3
-7,-18,4,17,8,1,-2,-2
10,12,-1,2,-7,-3,0,2
-15,-2,-3,-5,-2,1,-1,-7
-16,-1,-1,-4,-2,-1,-1,-2
3,0,-7,-1,1,1,1,2
-11,-15,-7,-14,0,0,1,0
14,12,5,11,3,-4,-2,5
-15,-14,1,2,-3,-11,-3,-3
7,6,2,-2,5,16,6,4
-12,-18,-12,-5,0,2,-3,-4
16,17,8,3,-4,-3,-1,4
-4,4,0,-2,-3,-5,-3,-3
6,4,-2,-6,0,0,-2,-7
-1,-8,-9,-3,-2,-3,0,2
-13,-2,-9,-3,-3,1,-1,-5
10,0,2,-1,-1,-1,-1,0
-10,-10,3,1,-2,-6,-7,-6
-4,-11,0,-3,-4,-2,-5,-6
2,-2,2,7,5,-1,1,-2
7,5,-3,-12,-1,2,0,2
-2,13,-4,5,0,-4,1,1
-6,-12,2,5,-2,-4,-2,-2
-6,-13,-3,-10,-3,-3,-4,-2
24,22,11,13,3,4,3,6
-23,-21,-9,-9,-7,-10,-5,-4
21,22,0,0,1,-1,-3,-2
-19,-38,-12,-14,-9,1,-3,-5
-1,4,1,5,1,-2,-3,-4
7,5,1,-4,-1,4,3,6
-9,-9,3,3,-3,-9,0,-1
9,-2,-3,2,2,4,-2,6
16,22,-4,-3,-2,0,-1,3
-27,-54,-8,-6,-7,-5,-6,-7
-4,-1,-5,-9,-5,-5,-3,1
13,13,-1,0,5,6,6,4
-7,-2,5,4,-1,-1,-1,-4
7,5,-1,-10,-2,0,-1,0
2,-3,-12,-3,3,3,3,4
-4,-4,8,7,-1,-2,-1,-2
-11,-16,-10,-9,0,4,-1,-6
6,21,5,4,-4,-3,0,0
-7,-3,3,4,1,-1,-3,-5
15,6,-2,-3,-4,-6,-3,0
-22,-1,-1,-3,-3,-1,1,-1
24,9,0,-9,0,5,0,5
-30,-12,1,6,8,9,-1,-2
19,33,6,-3,-1,-1,2,4
-6,-50,-14,-5,-8,-19,-5,-7
-5,6,-3,-3,-6,2,-1,-2
-6,-1,0,-4,-6,-1,-1,-4
12,11,-1,2,2,0,-2,-1
1,6,6,3,0,1,0,1
6,8,-13,-3,-2,-8,-3,-2
1,6,1,4,-3,-2,-1,-1
-12,4,4,-2,0,2,1,-1
2,1,-4,2,-3,-1,-1,-2
7,24,3,1,4,-1,0,0
1,-26,-8,-2,0,0,-3,-3
-19,-4,-6,-6,-7,-8,-3,1
11,26,8,1,3,10,4,6
1,11,-2,-5,-1,-6,-1,0
-3,-14,-5,-3,-1,3,1,-2
5,-8,1,10,1,-3,-2,2
-8,-5,-1,-4,-2,-1,-4,-6
2,-3,-1,-9,-4,-7,-2,-4
1,-3,1,0,-2,-5,0,1
-6,-1,8,13,3,8,-2,-3
0,-7,-6,-6,-2,1,1,-1
-4,-7,0,4,1,-3,1,-1
30,-6,-2,-3,-4,-3,0,2
1,9,-6,-6,0,-1,-2,-4
-19,-18,-2,-4,-3,-2,-5,-7
12,-6,8,-1,-1,-2,-2,1
-3,17,2,1,-2,-3,0,0
-23,-49,-7,1,1,0,-1,-4
18,-3,-5,-5,-1,-4,0,3
-7,10,-2,5,1,1,0,-4
-9,5,1,-3,-3,0,-5,-5
-1,-5,0,-10,-7,-9,-2,-2
4,13,1,2,-1,-6,-1,0
-14,-16,-2,3,5,14,3,2
9,1,4,5,8,6,4,5
-15,-1,-6,-2,-5,-3,-4,-1
42,24,1,-6,-5,-6,-4,-3
-20,-18,-16,-7,-5,-8,-2,-3
-8,3,12,5,1,1,-1,-1
12,15,9,9,1,0,0,3
-17,-5,1,3,1,2,-1,-3
7,6,-4,-1,-2,-1,0,0
-6,-9,-12,-21,-5,-3,-2,-5
-2,1,-2,5,0,1,3,-1
5,16,6,14,8,4,1,3
-4,-16,-4,-9,-8,-3,-4,-3
-30,-33,-7,-5,-8,-4,-3,-6
16,14,-1,-10,-1,0,1,-2
-10,-9,-6,4,1,3,1,-3
3,6,6,3,5,-3,0,1
0,3,0,-4,-8,-4,-2,-1
14,32,2,2,2,-4,0,3
-42,-72,-13,-5,-5,-6,-2,-8
22,24,4,3,11,15,3,-1
-9,-14,-1,6,0,-1,2,-1
-3,-8,4,5,1,2,1,-3
-5,3,1,-8,-7,-4,-4,-1
-7,-4,0,3,2,-7,0,3
8,14,-4,-2,1,2,1,1
1,-9,-6,-7,-1,-3,0,-2
-9,7,4,5,-1,1,-1,-5
-8,-18,-7,-9,-5,-5,-3,-4
13,20,-2,-5,1,-1,-2,2
-16,-16,-6,6,-2,-1,0,2
29,34,7,-7,-1,3,2,6
-11,-16,-1,6,-3,0,-1,-2
6,-13,-2,4,-1,-6,-3,-5
-3,-5,-8,-7,-6,-4,-3,-3
-2,3,-2,-3,-3,-7,0,3
-8,8,2,2,3,8,1,-1
13,6,1,-3,-4,-4,-2,0
1,-23,-4,4,0,-2,-6,-4
-3,2,-7,-9,-5,-1,-1,-1
-3,4,6,-4,0,-3,1,1
-3,14,2,10,5,6,0,0
6,6,-1,-2,1,3,0,0
-2,-30,-4,6,4,3,-4,0
-4,-1,-14,-6,-2,0,0,-1
-10,4,9,2,-2,-3,-1,-2
11,12,-4,-1,2,-3,1,0
-16,-27,-2,-4,-2,1,1,0
6,25,6,1,-2,-5,-5,0
-13,-15,-12,-7,-5,-3,-6,-11
-9,-9,-3,-5,-4,-4,0,-1
10,-1,3,-1,2,-3,3,2
-1,-13,0,7,5,6,3,1
2,20,-4,1,6,5,5,6
-5,17,10,3,-1,2,0,2
-12,-19,-9,-4,-2,-2,-5,-8
2,0,5,-1,-5,-6,-2,-1
-24,-55,-21,-10,-10,-11,-9,-15
4,-8,-3,-6,0,0,-1,0
10,31,6,13,7,6,5,9
4,8,-1,4,-1,0,2,4
0,6,10,-1,0,-1,1,3
1,-14,-11,-13,-8,-8,-2,-1
-15,8,-4,-7,-2,1,-5,-8
25,-2,0,2,-3,-4,-1,5
-11,9,-1,2,-1,-1,1,0
-7,-13,-5,-6,-5,-1,-2,-3
-2,6,4,1,1,3,0,-1
-17,-12,-6,5,1,0,-3,-6
30,27,5,3,3,-4,1,8
-11,-8,12,5,6,14,1,-3
-4,18,-9,-8,-3,-3,-1,-2
-21,-55,-12,-11,-14,-12,-10,-12
-3,6,1,5,3,-1,2,2
16,25,-1,4,2,-1,3,4
33,30,5,-4,-6,0,2,4
-9,-11,-10,-7,1,-1,-1,-2
-11,-2,2,-15,-11,-9,-4,-4
-2,-2,-1,6,-1,5,-2,-4
-3,-4,2,7,4,-2,-1,0
11,23,4,5,-2,-5,-1,1
5,6,0,-2,0,5,2,3
-3,-1,-3,-14,-8,-11,-4,-5
-6,-17,-7,1,0,0,-4,-4
1,4,2,-1,2,12,6,1
4,6,-2,9,5,-4,0,0
-7,-16,-7,-6,-4,2,-3,-4
-11,-17,-8,-5,-4,-7,0,-1
8,32,16,6,-2,-5,-3,0
26,16,10,-10,-2,3,1,1
-10,-7,-1,13,7,0,5,6
4,-5,0,-1,-2,-1,-3,-2
-6,7,-14,-8,0,1,1,-1
-21,-38,-1,0,-2,0,-4,-8
-1,-4,-3,-3,-1,-3,-2,-4
-6,-23,-8,-2,-1,-2,-3,-3
1,-5,-3,-3,-4,-3,-1,0
1,2,-4,5,1,2,1,3
-3,4,-5,-4,0,0,-1,-1
-6,1,9,-4,-3,-4,-1,1
17,12,2,-3,-4,-12,-1,1
-9,-10,-6,-14,-10,9,-2,-3
7,7,10,14,3,2,0,3
-9,-27,-11,-5,4,6,4,0
-7,-11,3,7,7,0,-3,-2
8,12,-3,-2,-6,-4,1,3
-8,-20,-8,-14,-3,-7,-3,-3
26,48,15,7,6,2,3,8
-36,-48,-14,-6,-6,0,-1,-8
14,-6,2,8,3,-2,0,-2
0,20,4,-2,-2,-2,-1,1
4,-7,-10,4,0,1,0,2
7,26,16,0,-1,1,1,0
-29,-39,-18,-2,-4,-6,-7,-10
7,11,5,0,-2,-3,0,0
11,34,5,-8,-3,4,3,5
-18,-36,-11,-5,-1,0,-2,-4
5,-27,3,3,2,-2,-1,-2
-1,13,-1,2,-7,-4,-1,0
-12,-17,-1,2,10,11,-1,-1
-2,-4,-7,-4,-3,-1,-2,-1
1,36,5,-5,-2,-2,0,3
7,-6,-3,-7,-8,-14,-4,-3
1,4,4,6,-1,7,1,-2
11,8,2,-1,1,0,1,4
-17,-9,-6,2,-1,-1,-2,-6
0,5,-4,-8,1,-2,-1,-1
-5,-11,-4,-1,-7,-10,-3,-4
19,15,9,9,-2,2,-1,4
-26,-8,-6,4,3,-3,-2,-6
6,11,2,-4,-1,6,0,1
-31,-34,-8,-11,-2,-4,-5,-12
19,37,14,5,0,0,1,3
-2,-18,-4,-5,-5,-3,-1,0
-11,-12,-5,5,0,3,-1,-4
-12,-2,-4,1,-1,-3,-3,-6
-4,23,-2,-10,-6,-8,-3,-3
25,41,6,0,-2,4,0,7
-8,-38,-4,-5,2,-7,-1,-1
-2,-2,1,11,3,10,-2,-1
-3,-8,-6,-9,-5,-3,-4,-4
14,10,-4,-16,-1,4,5,2
-13,-9,-3,15,4,0,3,1
6,4,2,-5,-10,-11,-1,3
-4,4,-3,0,6,0,-3,-2
7,11,6,2,3,2,-1,2
-7,1,-9,-15,-10,0,-3,-2
6,-8,4,-3,-2,-5,-1,-2
2,-4,5,13,6,4,2,1
-20,-40,-8,3,1,-3,-3,-3
-5,18,5,2,-2,5,0,-2
-1,-5,-7,-4,-5,-8,-4,-1
1,-11,-9,-11,-9,-3,0,-2
4,-10,6,6,9,4,0,3
1,2,-4,-15,0,0,-2,-1
10,26,4,10,4,-1,1,0
-2,1,-3,2,-2,-7,-2,2
16,20,7,5,-3,-10,0,3
-7,-16,-8,-2,1,13,-3,-2
14,20,3,-6,0,1,-2,3
-32,-40,-16,-6,-5,-9,-2,-8
-3,-11,-5,0,-1,5,0,-3
2,6,5,9,-2,-10,-2,-4
1,-3,0,3,-2,4,1,1
5,4,0,-1,-1,1,-2,2
-8,-3,-4,-7,-1,-3,-2,-2
4,3,0,0,-1,-1,2,2
1,28,5,-9,-3,-1,0,1
1,-23,2,-2,3,0,3,0
-8,-10,-3,3,1,-2,0,1
-11,-15,1,9,-1,-1,-2,-2
13,37,-4,-3,-6,-5,-2,-2
-6,-33,-9,-21,-3,0,-2,-3
-1,13,5,13,4,1,-2,-5
0,-13,-8,-1,-4,-1,1,2
-17,-25,-8,-11,-6,-13,-4,-6
10,38,14,12,4,13,-1,0
1,0,-4,-6,-1,-8,-1,-1
7,19,5,-3,8,13,5,3
-1,-24,-1,1,-5,-4,0,-1
-10,-25,-9,-7,-11,-13,-4,-3
15,47,7,5,1,3,0,3
-9,-23,-5,-1,0,-4,-4,-4
-14,-24,-11,-9,-5,-4,-3,-3
10,-1,9,10,4,3,2,0
-4,2,11,-6,-3,0,-1,-1
1,-24,-5,9,-2,-3,-3,-1
1,10,0,-1,3,5,1,-1
-3,-7,-4,-2,-5,-7,-4,-1
-6,9,-7,-10,-3,0,-1,-3
7,11,7,4,3,0,0,2
-7,-17,-6,-2,-5,-14,-4,-3
-6,21,4,8,2,12,-1,-4
-8,-7,-1,0,1,3,1,-5
15,18,-2,-13,5,3,2,3
-14,-24,-10,7,-1,3,-3,-5
0,21,4,-6,2,-2,2,1
-8,-24,-2,1,-10,-5,-7,-3
-3,-7,-8,0,-5,-12,-2,0
-9,-20,-6,-2,-6,0,-2,-6
4,2,-1,-11,-1,3,1,1
-5,-9,-2,2,4,6,4,2
15,69,7,11,1,-3,-2,2
7,-59,-2,-10,-3,-3,-1,1
-11,8,-2,7,2,-1,3,2
-10,-5,-4,-2,-8,-4,-5,-4
3,-4,2,-12,-7,-3,-3,0
7,27,-2,0,7,7,4,4
9,9,-6,-10,-5,-4,-5,-5
-1,-4,11,10,1,-2,-2,-2
-3,-3,-2,-1,-2,0,-1,0
-10,10,5,10,0,-8,-1,0
-6,-11,-7,-5,-1,8,0,-1
11,21,-6,-9,7,7,2,2
-6,-15,0,1,-4,-3,-3,-5
-8,-8,0,1,1,0,-1,0
-2,-5,-2,2,-7,-12,-3,1
-11,-25,-13,-8,-10,-10,-3,-2
-5,16,-3,-4,-1,8,-2,-5
7,4,8,1,5,1,0,3
-22,-15,-6,7,-2,-3,-6,-8
-1,-17,-5,-16,-2,-1,1,2
-6,9,10,18,7,3,1,-3
1,6,-3,-5,-11,-5,-2,0
2,27,0,-5,11,15,-1,-1
-5,-6,5,9,3,-3,0,-1
4,-70,-16,-11,-8,-7,-3,-4
-1,27,5,1,-1,0,-1,-1
-12,-13,4,2,-2,-8,-1,0
29,31,0,-4,-5,-1,-1,2
1,22,0,-5,5,7,7,2
-14,-40,-10,4,-6,-10,-4,-5
15,10,6,-3,8,8,0,5
-11,-25,-7,-1,0,-2,-1,-4
-3,10,3,1,-2,-1,-1,1
0,-1,-2,0,-3,-4,-2,-3
12,17,-8,-22,-11,-9,-3,-1
-12,3,7,28,11,10,1,-1
-7,-1,-3,-9,-7,-5,-2,-4
13,43,2,-2,2,5,3,5
-4,-31,6,11,-4,-16,0,-3
6,0,3,-1,-5,5,-3,2
-15,-13,-2,-3,0,-4,-4,-4
0,7,-2,-5,-2,5,-2,-4
-1,7,-2,-2,1,4,2,1
16,5,-2,-12,-3,-5,3,6
-5,-2,4,12,3,-4,-3,-2
-7,-38,-7,-1,3,8,-1,-3
-2,0,-4,-8,-5,-3,-2,-2
0,-6,3,-6,-5,-3,-3,-2
18,9,3,1,-5,-5,1,4
-3,19,7,12,9,-1,-1,0
-6,-35,-7,-1,-8,3,0,-2
1,23,-5,-14,3,2,-2,-3
-5,-33,-5,-4,-3,-4,-4,-3
1,-6,-4,-12,-3,-6,1,1
6,10,-3,11,-2,0,-4,-2
-5,19,-4,1,-4,-15,-2,-2
-16,-45,-8,-4,9,12,2,-1
1,18,7,-2,-5,4,-5,-4
-9,2,-3,-6,0,-5,-3,-4
7,-10,-5,-2,-1,-2,1,1
2,20,7,11,3,0,1,4
-15,-15,-7,-4,-3,-4,-1,-2
23,29,-6,-2,-1,-2,0,3
-23,-45,1,-5,-4,-3,-3,-5
4,4,1,-10,-6,-3,-4,-4
-15,-4,0,10,3,0,-4,-4
11,28,7,8,5,-1,2,3
8,0,-7,-1,2,4,0,3
-1,17,-5,-8,-10,-8,-2,-2
4,3,7,2,5,5,5,2
2,0,1,-5,-1,2,2,1
-15,-31,-11,-10,-3,-4,-1,-7
5,26,1,1,1,1,-5,-2
12,2,-1,4,-2,-6,0,0
-9,-10,-6,2,0,2,2,0
2,3,4,5,4,10,-1,0
1,16,1,-9,-5,-3,0,1
22,26,-5,-14,-6,-1,-2,5
-19,-36,21,11,1,-3,-2,-5
18,28,-2,5,-4,-4,1,3
-16,-32,-7,1,1,1,-2,-2
8,-6,-3,3,1,0,-2,-1
-5,-12,-1,-13,-7,-6,-2,-5
2,32,5,3,3,-1,2,-1
-2,-10,2,11,7,5,-3,-1
-14,0,1,-2,-4,-2,-2,-3
0,-22,-14,-4,2,0,0,1
-7,12,7,5,-2,3,-2,-1
5,7,-5,-4,0,-7,1,2
-4,-3,2,-9,-5,9,-1,-1
12,11,-7,-2,-1,-12,-4,0
-5,-8,-3,-11,-2,2,-3,-5
4,4,7,11,1,-1,1,2
2,16,-7,-1,1,-1,-1,1
10,15,12,3,6,5,3,4
-36,-43,-18,-8,-6,-7,-7,-9
16,46,3,-5,-2,-1,-1,-1
-20,-23,-2,-2,-6,-10,-3,-6
11,-16,-12,-17,-2,5,-1,0
5,7,4,17,7,-2,1,2
-4,-4,2,3,-3,-2,0,-2
-7,-1,2,2,3,0,0,1
4,19,-6,3,-3,-5,-3,-4
6,-12,-2,-14,-4,3,2,1
-10,-29,-8,-5,-4,-6,-3,-3
-2,-1,-2,-2,-2,3,-3,-4
-4,12,2,-2,-6,-4,-2,2
1,-6,-7,1,1,-3,-1,-1
1,6,8,1,-4,-3,-3,-1
11,2,3,3,2,-4,1,1
-23,-13,-6,-5,-5,6,-4,-8
2,5,-10,-2,11,8,1,-1
-13,-12,-4,3,2,-1,1,-2
-2,-22,0,-9,-1,1,-2,-1
-4,9,7,19,-5,-12,-3,0
-2,4,5,-3,-6,8,-1,-2
-4,2,0,1,3,-1,-2,-3
1,9,-6,-6,-1,-2,-1,2
1,-7,5,2,1,-4,-2,-1
6,19,3,4,-7,-5,1,1
-8,-20,-16,-22,-9,1,-3,-5
-1,7,8,7,6,0,1,2
16,10,2,5,6,1,5,3
-14,-22,2,5,2,2,-1,-2
-6,-26,-8,-3,-3,-1,-4,-7
8,16,1,6,-5,-6,-5,-2
-16,-21,-8,-7,-4,3,-4,-2
8,5,2,-2,-4,-8,-1,5
4,0,-4,-7,-5,-1,-2,3
-1,-3,-4,-4,2,0,1,0
-1,19,3,3,6,13,3,2
-3,-23,-3,-1,3,0,-1,-1
-5,6,3,11,4,2,-2,-3
-1,-15,-10,-7,-3,-4,0,-3
3,12,12,2,-3,-7,-2,0
-1,-1,-8,1,-6,-1,-2,-1
-18,-34,-2,-14,-5,1,0,-5
7,-20,-12,-6,6,3,2,-5
0,-21,-7,0,0,1,-3,1
-5,23,8,7,-4,-12,-3,-3
11,14,5,13,3,4,2,3
-4,-8,-7,-9,-4,1,1,2
6,-28,-5,-1,0,1,1,1
-12,5,4,-3,-8,-17,-6,-7
14,16,-4,-5,1,7,0,2
2,13,3,2,2,6,2,0
-12,-30,-9,-7,-2,-7,1,-2
8,-2,0,1,-1,5,-1,1
-2,-11,-3,-2,-9,-12,-3,2
19,22,8,-5,2,6,-1,2
-11,-1,-8,8,6,-3,3,-3
-2,-8,4,7,-3,-2,0,0
-2,0,-6,-5,-5,2,-4,-2
-6,-1,-2,1,-4,-5,-1,1
25,22,-4,-15,-2,2,-4,0
-4,-27,-1,-8,-1,1,2,-2
6,38,7,6,3,-3,2,1
-12,-22,5,6,-3,-6,-2,-4
-7,-4,0,4,-2,0,-1,-3
-4,12,-4,-3,0,-7,-2,0
19,28,8,7,7,2,5,7
-12,-23,-13,-15,-7,1,-3,-4
4,34,5,9,2,1,1,1
-5,-17,-4,-4,-7,3,-4,-4
-9,-2,5,-12,0,-3,-5,-3
-1,3,0,10,-2,-6,2,0
14,44,11,5,6,4,2,6
-12,-22,-7,-3,-4,-7,-3,-1
7,10,-2,0,2,5,1,2
-5,26,7,5,-1,-4,-3,-3
7,-11,3,-3,3,6,-2,0
0,-9,-2,-4,1,0,1,-2
0,-52,-10,-5,-7,-6,-3,-1
13,14,9,7,-2,-1,1,2
-38,-19,-9,-6,-2,-6,-5,-6
11,20,-2,-2,7,7,-2,1
-5,2,-1,3,1,-2,0,-3
6,17,-3,3,-5,-6,-2,2
-16,-42,3,-4,-6,-3,-5,-5
-9,13,-7,-19,-11,-3,-7,-7
5,-3,-2,4,13,7,5,0
-1,4,0,8,-1,2,-1,-2
-10,-14,-7,-4,9,6,0,-2
5,27,3,4,-3,-5,1,3
-2,-12,3,-2,-3,-3,0,-4
-5,-3,1,-3,-2,-2,-3,-3
3,12,-5,2,-2,-6,1,3
13,-5,-2,0,-2,3,-1,1
-10,-26,-6,-10,-4,-3,-1,-5
-10,-6,6,5,7,2,-2,-4
1,-3,-8,-2,-7,0,-2,-3
10,18,11,0,4,1,3,5
-41,-42,-12,-2,-8,-3,-4,-6
3,-22,-7,-21,-2,-1,1,-1
11,27,7,11,1,-2,-1,-2
-4,0,-9,0,-2,-2,-2,-5
12,11,5,-5,-11,-8,0,8
-20,-9,-4,-8,-6,-2,-7,-12
6,-33,5,9,16,24,7,2
-7,12,1,0,-7,-8,-3,-2
-14,-29,-9,-2,2,5,-6,-5
6,20,1,-4,-9,-12,4,8
5,1,-5,-13,-7,-9,-1,-1
-2,-4,5,9,4,2,0,1
-1,32,1,-2,1,-8,-3,-4
1,-25,-4,9,2,7,-1,3
-7,-3,4,-5,-3,-6,-3,-3
26,47,9,1,-1,3,3,7
-43,-79,-23,-10,-10,-6,-9,-15
15,22,0,1,3,1,0,3
6,42,5,-4,-6,-3,1,3
-7,-22,-1,-2,-1,-3,-4,-7
7,30,1,12,7,-6,1,0
-11,-11,-5,0,6,18,2,-2
-6,-14,-13,-12,-10,-8,-6,-2
-6,-1,-5,5,4,5,2,1
13,17,14,-3,-1,-6,0,4
15,-26,10,22,5,1,2,1
-3,-3,-7,-15,-12,-10,-7,-7
10,8,0,7,6,4,2,3
8,23,-4,-4,-5,-2,1,0
-18,-38,-9,-5,-3,-10,-3,-4
4,1,-1,2,-7,4,-1,1
-5,-9,5,-7,2,-4,-2,-2
16,45,6,12,4,6,0,1
-12,-18,-5,-7,-5,-3,-3,-1
-13,-30,-12,-8,-3,-6,-5,-4
-3,2,-11,-7,-2,-3,0,-3
3,-4,12,20,13,16,6,5
1,13,0,-2,0,2,-1,0
-11,-23,-11,-2,-6,-6,-5,-5
7,27,6,-1,-9,-9,-3,0
11,16,-2,-8,0,7,4,4
5,-11,-1,-5,3,4,0,-2
3,24,8,13,6,2,-1,1
-18,-18,-8,-4,-6,-7,-4,-5
-8,7,-3,-5,-11,-15,-2,-2
4,5,-3,-9,-6,5,-5,-3
6,0,12,8,11,6,2,3
-4,-22,1,7,-1,-3,-1,1
2,15,5,-2,-10,-2,-2,0
-4,4,-8,-6,3,-3,-2,-2
12,20,6,6,5,5,5,4
-16,-30,-8,-4,1,3,-2,-6
-6,-19,-5,-11,-6,-4,-3,-5
3,41,4,3,-2,-9,0,4
6,0,1,5,-7,0,0,1
-2,7,-2,-6,-4,2,1,-1
24,17,5,7,5,-1,2,5
-15,-7,-11,-10,-3,-4,-5,-5
-9,-6,2,4,1,-3,-3,-1
-3,-3,6,-4,-8,-6,-3,-1
2,7,-5,-8,1,6,-3,1
-3,4,2,6,0,-7,0,0
2,-25,-9,-1,-4,-11,-1,-1
3,-2,-4,-8,-5,19,-3,-2
-7,-10,-1,-7,5,5,-1,-2
6,10,3,11,2,-4,3,3
-10,5,-3,-10,-11,-6,-5,-5
-2,-24,-3,-1,0,-11,1,0
-3,-18,4,8,0,3,0,0
10,15,-5,-6,-3,1,-1,-2
-7,-9,-3,-1,0,-4,-1,-3
-9,16,4,6,7,3,1,0
6,8,-9,-2,-5,-4,-1,1
-15,-11,1,-1,-4,-3,-3,-3
34,72,8,0,1,3,3,5
-25,-52,-10,-11,-3,-8,-8,-12
-2,22,-1,1,-1,5,-3,0
-1,-8,3,8,2,0,2,-1
4,16,-3,-2,-7,-3,-3,2
13,20,8,-1,-3,2,-2,4
-15,-23,-16,-14,10,10,0,-7
8,6,3,4,-2,5,1,0
-5,3,-1,-2,10,7,2,-1
-4,-12,-4,5,-4,-14,-1,-3
-14,-26,2,6,-8,-12,-5,-3
9,16,4,-8,-4,0,-1,3
-18,-16,0,-1,-2,-6,-1,-5
-2,6,-2,2,3,2,1,1
12,16,-1,0,-7,-4,0,2
-9,-26,1,3,4,0,1,0
-12,-16,-5,-5,-2,1,-3,-7
8,1,-6,11,3,4,0,0
17,39,14,-1,-3,0,-2,2
-25,-24,-6,-3,-4,-14,-3,-10
9,-20,-8,-7,-2,7,0,2
0,-13,-6,-2,8,6,1,0
-9,-1,-8,-2,-8,-15,-6,-8
7,-7,1,-2,5,9,-1,1
1,14,4,6,6,11,4,6
-7,-4,-4,-5,-9,-7,-1,-1
-4,-7,0,-5,-2,3,0,0
-1,0,-3,-6,-1,-6,1,-2
-5,-8,-2,7,1,-5,-3,-4
11,30,7,1,0,0,1,4
-12,-20,-4,-7,-4,-7,0,-3
0,19,-5,-21,-9,-2,-1,-2
-14,-27,9,16,3,1,-5,-8
1,4,-1,1,1,-2,3,0
-14,21,-2,-2,1,4,-2,-3
7,-23,-9,5,0,3,1,1
8,54,7,-15,-12,-11,-4,2
-13,-30,-9,-5,-1,1,-4,-7
3,1,4,8,3,2,0,-3
3,8,-3,-3,-6,-1,-1,1
0,-8,-6,-5,-2,-15,-1,1
-1,15,7,8,3,11,2,3
-4,-2,-9,-2,2,2,-1,-2
13,9,4,5,0,-2,-2,0
-11,-33,-8,-19,-14,-13,-6,-8
2,15,5,-4,3,2,3,3
15,19,14,20,7,5,3,5
-22,-32,-6,1,3,1,-5,-6
1,-1,1,4,0,4,-1,2
0,-19,-15,-14,-5,-10,1,2
-1,-25,-5,-12,-4,4,-5,-6
9,43,6,5,-2,-3,-1,3
-35,-56,-12,-5,-1,-5,-1,-8
9,23,0,-8,-1,1,-3,0
-12,-34,1,14,2,-6,1,-2
0,3,-2,-4,4,6,0,0
0,15,4,8,0,1,0,-2
3,12,0,-4,-5,-1,-2,-2
-5,-5,-4,-17,-7,-10,-3,1
3,12,6,13,5,8,-1,-2
8,10,6,0,1,-1,-2,0
-9,0,1,3,-2,4,0,-1
3,-17,-9,-3,11,6,6,4
-6,-16,-5,-7,-10,-11,-4,-6
5,1,-1,1,2,-3,1,3
1,-12,1,0,1,-3,-4,-7
7,31,4,-1,8,7,3,1
-9,1,-1,-7,-2,-2,3,0
8,-54,-4,13,0,2,-1,1
-1,1,4,0,0,-4,-3,-5
3,-7,-3,13,1,-1,-1,2
1,10,6,1,-4,-3,-3,-6
-1,12,0,-5,0,2,1,2
-9,0,5,2,-6,-14,-3,-2
5,-14,-1,-2,1,11,4,2
3,21,-3,-3,4,4,0,2
-11,-22,-12,-4,-4,0,-4,-8
5,-7,1,4,3,4,0,-2
-12,-8,-1,-1,-7,-12,-6,-2
1,-25,-5,-4,-7,-4,-2,1
5,18,2,-2,0,1,4,5
11,35,7,6,4,10,1,0
-6,-15,-3,-5,-5,-4,-4,-4
0,-12,-5,-5,2,-1,1,3
-10,-16,-3,1,2,0,-1,-3
2,-11,-6,2,-4,-5,1,2
3,-2,7,2,-6,-2,-2,0
10,22,3,2,3,0,3,3
-22,-17,-12,-8,-4,3,-1,-6
-7,-51,-20,-17,-10,-15,-3,-1
-4,4,2,1,-2,8,-1,-3
1,9,5,7,0,-6,-3,1
-12,-8,-1,1,-3,-5,-4,-4
14,14,2,-3,1,4,1,4
-3,13,-6,-10,-9,-8,-1,-4
7,-10,-3,3,5,4,1,2
-7,1,-3,-9,-3,-3,-4,-3
-10,-17,4,16,5,7,1,-3
19,19,-5,-8,-7,-19,-1,4
-12,-2,-8,-6,-3,11,-2,-3
10,13,0,-9,2,5,0,-1
-1,6,-2,-2,-7,-2,-4,-1
-3,10,-3,4,4,1,-2,-1
4,9,9,-3,-7,-9,1,4
14,14,-1,2,4,-1,1,0
-6,1,-1,3,-1,-1,1,1
-3,12,-3,-1,-7,-1,-3,-2
-10,-31,-10,-9,2,-3,-3,-4
10,31,18,14,0,-8,3,6
-18,-20,-5,-3,-2,15,-5,-8
10,-4,-5,-4,1,-4,-1,0
-1,-1,-4,-5,-2,-6,-1,-4
12,16,1,-1,0,2,0,4
-28,-20,-7,-3,-1,-9,-2,-4
3,2,5,3,-3,0,-1,2
-10,0,-5,-4,-6,-1,-7,-8
0,-21,0,-6,-8,-1,1,3
13,10,-2,-4,0,-11,3,4
-10,-7,-5,-8,6,17,1,-5
-4,-2,-2,11,4,-2,3,-1
-1,9,-1,8,-4,-5,0,0
0,14,-3,-7,3,2,-3,-4
-7,4,2,0,-2,-6,-4,-2
19,29,17,7,0,2,0,4
-38,-83,-20,-15,-10,-4,-8,-12
10,11,-1,-10,-6,-3,2,2
-2,5,-1,2,1,-6,-2,-4
-9,-13,-4,6,5,4,0,-2
8,51,5,-1,-4,-6,0,1
11,-3,2,-3,6,5,-1,2
-1,7,8,10,0,-2,1,2
3,-21,-2,1,-4,1,-1,-2
3,29,11,3,0,0,2,2
20,14,-3,-2,-1,-4,-5,-1
-7,-33,-7,-6,-10,-8,-2,-2
0,-6,-1,5,-4,0,0,2
-14,-4,-13,-11,2,-4,-3,-5
-12,-10,2,14,10,11,3,-2
15,23,3,-6,-3,5,-1,2
-4,-6,-8,-2,5,-7,-1,-3
-8,10,0,1,-2,6,-2,-5
-9,-15,1,-7,-5,-6,-2,0
-7,-43,-4,6,5,-2,0,-3
18,31,-2,-5,-4,-5,0,5
-29,-52,0,4,1,-1,-5,-12
23,20,7,0,-4,-4,-1,4
-13,2,-3,-13,-3,0,0,0
5,25,-1,-2,-3,-3,-1,-3
24,0,-3,2,2,1,0,4
-20,-35,-14,-8,-3,0,-4,-8
-1,24,1,4,1,-4,-2,-1
-22,-32,-3,-6,-7,-3,-4,-3
16,33,6,8,4,-1,2,4
-4,15,0,1,-6,-16,-2,-3
-1,-4,-2,-2,3,21,-4,-2
-13,-15,-6,-3,-3,-8,-2,-4
17,26,1,-6,-3,0,3,6
2,-6,-3,-3,-6,0,1,2
8,-9,3,17,18,0,4,4
-5,-12,-6,11,-1,-2,-5,-6
-12,-25,0,-11,-8,-1,-2,-4
0,16,13,3,0,-1,1,0
5,18,-6,-4,-1,-4,0,-2
-7,-22,-6,-12,-3,6,-2,-5
14,17,-4,9,5,1,1,4
2,20,-2,-1,-1,-1,-1,0
-2,10,8,4,-9,-8,-3,0
23,52,12,-2,5,7,5,8
-16,-80,-16,-10,-9,-20,-2,-2
-7,-9,-4,-4,7,21,-1,-6
3,3,0,4,-1,-1,0,2
-16,3,-3,-2,-7,-7,-4,-3
15,23,6,8,3,4,0,3
-9,12,-1,-4,-4,-7,-5,-2
-2,-55,-11,-15,-12,-11,-4,-5
-7,-5,11,10,13,14,6,3
13,14,5,-4,-1,1,-2,-1
-11,-20,-3,-5,3,-1,3,-2
-3,4,0,10,-3,-4,-2,-2
-5,-12,-6,-7,-7,-6,-1,-2
-21,-16,-7,-5,-1,3,-4,-8
14,8,-8,-5,-9,-11,-4,-2
0,-21,-4,-6,-3,-4,-2,0
-3,-37,-3,6,-4,1,1,-1
7,41,7,5,15,6,5,4
-24,-22,-8,-1,0,4,-1,-3
5,-3,0,1,1,-2,0,1
0,11,1,-7,-9,-8,-4,-2
8,-6,3,-4,-6,-1,-1,2
0,-1,-3,-7,-1,-1,1,2
-3,8,3,11,6,11,2,0
1,4,-12,-7,-2,-5,-3,-4
2,14,9,1,-2,2,-1,3
6,-4,-6,1,3,-3,1,2
-17,-8,-3,-3,3,2,0,-4
-8,-1,-2,2,-1,-2,-3,-1
-11,-6,-8,-3,-6,-7,-4,-5
6,-52,-9,-7,-6,1,-2,2
-7,13,0,-2,2,2,7,3
-11,-6,1,-3,1,0,-2,-5
-1,8,1,3,-5,-6,-2,-4
22,73,11,7,3,3,-1,5
-12,-53,-8,0,14,3,0,-1
3,4,8,1,-5,-9,-4,-2
1,10,-8,-7,-8,8,-3,0
-1,22,11,-14,-4,0,3,2
18,36,8,22,12,10,2,1
9,27,7,1,0,-5,4,6
-31,-63,-22,-5,-3,-4,-9,-13
5,1,3,2,-2,-1,-1,-1
-22,-24,-8,-22,-12,-8,-4,-4
10,-12,-4,5,5,2,-2,0
0,16,1,-5,-2,0,1,1
-6,-14,-3,6,-3,2,-5,-6
15,44,3,-11,-7,-6,-3,1
-11,-54,-7,-4,-1,-1,-4,-2
1,8,0,-5,-4,-1,0,-1
-10,-6,-1,9,2,-5,-1,-4
16,25,-6,2,8,6,1,0
4,14,4,-7,-4,-1,-1,1
-11,-26,-2,5,6,-3,-3,-2
6,35,7,3,-3,2,5,5
-1,-17,-7,-7,-7,-6,-3,-2
7,2,-5,-4,0,0,1,0
-2,-39,-10,-2,-3,-1,-6,-6
-8,14,4,4,1,-10,-4,-4
2,9,4,-8,-10,2,-1,-1
0,-10,-7,-3,1,0,-2,6
19,50,5,7,9,3,5,8
-5,-32,-7,-10,-4,-4,-3,-5
8,-5,-1,-9,-2,-2,1,2
-24,-14,-2,14,-7,-6,-4,-9
13,30,6,2,-1,-3,2,4
-1,-18,-4,-3,6,10,0,2
-10,-12,-17,-13,-15,-10,-6,-4
1,23,10,-2,-1,-3,-1,-3
-3,-4,-4,1,1,0,0,0
