(0, 0, 0, 0)
(-0.0313348, 0.654586852, -0.3632137, 0.6622764)
(-0.02566996, 0.6524263, -0.3778489, 0.6564383)
(-0.0383746922, 0.6512885, -0.366414845, 0.663393557)
(-0.0238405671, 0.652977943, -0.376627535, 0.656660557)
(-0.03335992, 0.6533357, -0.3634863, 0.6632626)
(-0.0246380251, 0.6523281, -0.377329528, 0.6568741)
(-0.031933438, 0.653811753, -0.362948775, 0.663158059)
(-0.0251677185, 0.6522154, -0.3772527, 0.657009959)
(-0.0324610956, 0.653723657, -0.3629704, 0.6632075)
(-0.0395304449, 0.648067057, -0.3767441, 0.6606893)
(-0.0401010066, 0.65194, -0.3611377, 0.6655417)
(-0.04199718, 0.6486652, -0.374630123, 0.6611521)
(-0.0359799638, 0.645858467, -0.388647139, 0.6561445)
(-0.03055233, 0.64043957, -0.405714869, 0.651382565)
(-0.04336068, 0.6305817, -0.415357858, 0.654189944)
(-0.0274566785, 0.6365226, -0.406089, 0.655115843)
(-0.0229746774, 0.6409012, -0.390393376, 0.660538256)
(-0.031188624, 0.6432343, -0.370856225, 0.669135749)
(-0.0518712178, 0.641122341, -0.35635528, 0.677703857)
(-0.0382041223, 0.6459557, -0.355073333, 0.674688637)
(-0.0182070024, 0.6513466, -0.35138914, 0.6722662)
(-0.0114660561, 0.65645057, -0.32959047, 0.6784623)
(-0.01839164, 0.65813905, -0.307921767, 0.686803341)
(-0.0157785323, 0.662822247, -0.284591973, 0.692405343)
(-0.0166013278, 0.66001755, -0.294959545, 0.6907244)
(-0.0368608274, 0.6544914, -0.297209233, 0.6942255)
(-0.0369376279, 0.6522394, -0.310680449, 0.6904325)
(-0.0444836244, 0.6538664, -0.293886632, 0.695780635)
(-0.0396589264, 0.65235, -0.3102368, 0.690376639)
(-0.0328717865, 0.650851667, -0.326428562, 0.684657454)
(-0.0383835323, 0.6523567, -0.311111957, 0.690048337)
(-0.0513670035, 0.6511143, -0.297859341, 0.6961978)
(-0.0355214439, 0.653835952, -0.305242479, 0.6914216)
(-0.0481104627, 0.653218, -0.291193932, 0.6972789)
(-0.0356465466, 0.654251933, -0.303620219, 0.6917359)
(-0.0544529781, 0.6489757, -0.305576235, 0.694614)
(-0.0373513736, 0.6547418, -0.299700946, 0.692890644)
(-0.03498126, 0.6522182, -0.3167216, 0.687804461)
(-0.04116677, 0.6537959, -0.3011683, 0.692931354)
(-0.0367113948, 0.6521735, -0.3167423, 0.6877473)
(-0.028950816, 0.6573477, -0.30203554, 0.6898047)
(-0.0293977521, 0.6539669, -0.318408459, 0.6856232)
(-0.0455519781, 0.651363552, -0.3094262, 0.6913075)
(-0.0281631276, 0.654695868, -0.315947533, 0.6861175)
(-0.0476166643, 0.6501986, -0.312689275, 0.6907966)
(-0.0303356927, 0.653706431, -0.3186635, 0.6857122)
(-0.0440366343, 0.65228, -0.307249516, 0.6915122)
(-0.0295788329, 0.653760433, -0.31872347, 0.685665965)
(-0.0437842235, 0.6520842, -0.307786137, 0.691474438)
(-0.0294493455, 0.653563142, -0.319045752, 0.6857097)
(-0.0429727249, 0.6522338, -0.307262629, 0.6916171)
(-0.0240009315, 0.656455636, -0.310239464, 0.6871982)
(-0.0426396765, 0.6521014, -0.307488739, 0.691662)
(-0.0245226473, 0.6556759, -0.313224971, 0.68656975)
(-0.0429371856, 0.65161705, -0.309433281, 0.6912327)
(-0.05907001, 0.6490546, -0.300036371, 0.6965752)
(-0.04262481, 0.65214324, -0.30858323, 0.691135764)
(-0.0458653048, 0.648351431, -0.324154526, 0.687357664)
(-0.0416245423, 0.6526614, -0.308278173, 0.690843642)
(-0.055129908, 0.64698, -0.318827569, 0.6904538)
(-0.0411091559, 0.6529392, -0.3083313, 0.6905883)
(-0.0401803441, 0.650077343, -0.32471168, 0.685818732)
(-0.04221224, 0.6528381, -0.3087332, 0.690437853)
(-0.0342613533, 0.652015, -0.324074447, 0.6846009)
(-0.0444019027, 0.6521798, -0.310255259, 0.690240264)
(-0.04192342, 0.649883449, -0.3264195, 0.685086966)
(-0.04400081, 0.6527791, -0.3103189, 0.6896707)
(-0.0390656255, 0.651126444, -0.3263364, 0.684114635)
(-0.0429439433, 0.653244734, -0.310688525, 0.6891297)
(-0.0316354334, 0.6534126, -0.324358135, 0.68325907)
(-0.039738588, 0.6540479, -0.309646279, 0.6890292)
(-0.0282638036, 0.659248948, -0.296969056, 0.6902183)
(-0.04267333, 0.653482556, -0.3073494, 0.6904172)
(-0.0274127163, 0.6591694, -0.2978002, 0.6899706)
(-0.044952333, 0.653609931, -0.303504318, 0.6918514)
(-0.0263551287, 0.657385767, -0.308257937, 0.6871145)
(-0.0448931158, 0.652725637, -0.306545645, 0.6913492)
(-0.03468377, 0.6577679, -0.292784035, 0.6931204)
(-0.04454836, 0.652648032, -0.306458056, 0.691483557)
(-0.0310980827, 0.653882444, -0.318103939, 0.6857702)
(-0.0455101728, 0.6520538, -0.3072802, 0.691616535)
(-0.0615281276, 0.6460091, -0.31508404, 0.6925378)
(-0.04678027, 0.6517799, -0.305457, 0.6925969)
(-0.0312779248, 0.6540354, -0.314878643, 0.687103152)
(-0.0492979437, 0.6503454, -0.3088379, 0.692271531)
(-0.0337299146, 0.6559374, -0.3000508, 0.6917934)
(-0.0497312061, 0.650030553, -0.3084706, 0.6926997)
(-0.03210591, 0.65561235, -0.3030882, 0.690854)
(-0.04330775, 0.6500743, -0.316004723, 0.6896876)
(-0.0372108556, 0.6545796, -0.300781816, 0.6925831)
(-0.04513632, 0.649579763, -0.31551072, 0.6902621)
(-0.0386553034, 0.6541031, -0.300351351, 0.6931407)
(-0.042399507, 0.649904966, -0.316333562, 0.6897528)
(-0.03876596, 0.653802335, -0.3004505, 0.6933752)
(-0.0473639742, 0.64868176, -0.31494537, 0.691214859)
(-0.0404657945, 0.653303742, -0.300066769, 0.693914)
(-0.05412971, 0.6476281, -0.311196059, 0.693401039)
(-0.0362859629, 0.6532906, -0.307085037, 0.691081345)
(-0.0548987165, 0.647802949, -0.3097728, 0.6938143)
(-0.03679866, 0.6534384, -0.305723459, 0.691518068)
(-0.0558043867, 0.648227632, -0.306478262, 0.6948078)
(-0.0369416848, 0.6530771, -0.3079067, 0.690882742)
(-0.0553086177, 0.6490946, -0.3029169, 0.6955994)
(-0.03656484, 0.653526247, -0.3059363, 0.6913534)
(-0.0553129241, 0.6479828, -0.3086076, 0.6941326)
(-0.0366438255, 0.6528741, -0.309159458, 0.690530956)
(-0.0557790734, 0.648041248, -0.3068735, 0.694809258)
(-0.03717987, 0.6524705, -0.309641957, 0.6906676)
(-0.0470110252, 0.652554035, -0.295088381, 0.69633764)
(-0.03931764, 0.6516716, -0.3105401, 0.6909002)
(-0.0463331044, 0.6526924, -0.295017779, 0.6962832)
(-0.04000255, 0.651390553, -0.310895026, 0.6909663)
(-0.0420334041, 0.6538546, -0.294446915, 0.6957071)
(-0.04171523, 0.6507191, -0.311020553, 0.691441059)
(-0.0451625, 0.652694, -0.2947497, 0.6964721)
(-0.04454892, 0.64971447, -0.3112973, 0.6920842)
(-0.04272222, 0.653115153, -0.2949388, 0.696151137)
(-0.04407829, 0.649570167, -0.311438143, 0.6921865)
(-0.0476753376, 0.6514444, -0.295306861, 0.6972383)
(-0.0444187038, 0.6492279, -0.311719954, 0.6923588)
(-0.0458222143, 0.6517264, -0.2951912, 0.6971478)
(-0.0427522846, 0.6493193, -0.311631352, 0.6924179)
(-0.0477668419, 0.6507043, -0.2956302, 0.697785735)
(-0.0426590331, 0.6489921, -0.311816126, 0.6926473)
(-0.0468959659, 0.6507373, -0.29567492, 0.6977952)
(-0.039238207, 0.6497167, -0.311277032, 0.692412555)
(-0.04593752, 0.650577068, -0.295879334, 0.6979217)
(-0.0403788425, 0.648814, -0.312004656, 0.6928657)
(-0.0465290919, 0.649921656, -0.296258748, 0.6983321)
(-0.0383442864, 0.6490551, -0.311543137, 0.692963243)
(-0.0497441031, 0.6483531, -0.297884256, 0.6988769)
(-0.04180545, 0.6476048, -0.3129531, 0.6934845)
(-0.0499239, 0.6482032, -0.297680229, 0.6990898)
(-0.0391882658, 0.64849776, -0.311516, 0.693449855)
(-0.0541188046, 0.646427631, -0.3006064, 0.699169755)
(-0.04049806, 0.6479152, -0.312369168, 0.6935354)
(-0.05469281, 0.6461201, -0.300885379, 0.6992893)
(-0.04017422, 0.647934139, -0.312055856, 0.6936775)
(-0.05159355, 0.64736104, -0.2984648, 0.699414432)
(-0.0414280333, 0.6475265, -0.31269145, 0.6936981)
(-0.0510398336, 0.6477228, -0.2981411, 0.699258149)
(-0.0425574258, 0.647385836, -0.3132357, 0.6935156)
(-0.048967842, 0.648667634, -0.297694385, 0.698720634)
(-0.04046479, 0.6481937, -0.312981844, 0.6930006)
(-0.0516285077, 0.647763848, -0.299314678, 0.6986752)
(-0.0385574959, 0.6490915, -0.311646581, 0.6928707)
(-0.0517313629, 0.647916555, -0.29932794, 0.6985204)
(-0.0352543071, 0.6506965, -0.308133543, 0.693112552)
(-0.0521780141, 0.6478516, -0.299925178, 0.698291242)
(-0.03363408, 0.6522998, -0.3029943, 0.6939512)
(-0.05280448, 0.647241056, -0.303876638, 0.697100937)
(-0.0345902219, 0.652773, -0.30019328, 0.694676161)
(-0.0532181039, 0.6473275, -0.303392649, 0.6972)
(-0.03744047, 0.6529734, -0.295188278, 0.6964824)
(-0.05100712, 0.6473952, -0.306493819, 0.6959448)
(-0.0328041054, 0.652968764, -0.302870363, 0.693415642)
(-0.0512764864, 0.6475647, -0.306285083, 0.6958592)
(-0.03357547, 0.6533092, -0.301228225, 0.6937732)
(-0.0505669937, 0.6476067, -0.3082524, 0.695002854)
(-0.0373410322, 0.6531403, -0.2970792, 0.6955267)
(-0.0506501272, 0.647472143, -0.3086239, 0.6949573)
(-0.0425788, 0.6521819, -0.294081122, 0.697396636)
(-0.0492141135, 0.6476069, -0.309476882, 0.6945555)
(-0.0498726964, 0.650302947, -0.293216318, 0.6990301)
(-0.0525001138, 0.6466132, -0.309788376, 0.6951016)
(-0.04895988, 0.6503475, -0.293992281, 0.6987272)
(-0.05296049, 0.646419346, -0.310241252, 0.695045)
(-0.0574767, 0.6480621, -0.294149637, 0.700134158)
(-0.05219661, 0.6467437, -0.310431063, 0.6947163)
(-0.05729053, 0.648206949, -0.294431835, 0.6998967)
(-0.0523462333, 0.6467942, -0.310686558, 0.6945437)
(-0.0528348349, 0.6496432, -0.294222981, 0.6990029)
(-0.05194763, 0.6469979, -0.3108043, 0.6943312)
(-0.0535633452, 0.6495435, -0.294320762, 0.698998868)
(-0.049470935, 0.6478126, -0.310690433, 0.693803251)
(-0.0434175767, 0.65231663, -0.295399278, 0.6966615)
(-0.0504923239, 0.647797644, -0.310476243, 0.69383955)
(-0.0392875075, 0.6532258, -0.297613949, 0.69511044)
(-0.05054507, 0.6479787, -0.310512662, 0.6936503)
(-0.0403992832, 0.653246045, -0.296946257, 0.695313156)
(-0.0500247963, 0.648188651, -0.310768366, 0.6933773)
(-0.038790632, 0.653517246, -0.2978746, 0.6947527)
(-0.0508200079, 0.648040652, -0.310210079, 0.693707764)
(-0.05410968, 0.650015533, -0.293822676, 0.698727667)
(-0.0482894, 0.648733258, -0.309898973, 0.693380058)
(-0.0483836122, 0.651643, -0.29344067, 0.6977916)
(-0.0494900867, 0.6483068, -0.310075164, 0.693615437)
(-0.05259883, 0.650253, -0.293813437, 0.698625863)
(-0.04950014, 0.648118734, -0.310185522, 0.693741143)
(-0.0411917, 0.652971, -0.2955326, 0.6961269)
(-0.0528681427, 0.647657752, -0.307947963, 0.694918931)
(-0.04176531, 0.6530033, -0.29486, 0.696347654)
(-0.0515789762, 0.6480081, -0.308620751, 0.694390655)
(-0.04415491, 0.6526254, -0.2937361, 0.697029)
(-0.05185107, 0.647833347, -0.3086085, 0.694538832)
(-0.041324798, 0.652910352, -0.2952939, 0.696277142)
(-0.0507694222, 0.6477984, -0.3092563, 0.6943632)
(-0.0418956764, 0.652625263, -0.2950777, 0.6966019)
(-0.0544241555, 0.6470947, -0.307018, 0.695734441)
(-0.0424960926, 0.652427852, -0.294683039, 0.696917355)
(-0.05376088, 0.647120535, -0.307565778, 0.69552)
(-0.03959452, 0.652746737, -0.2970774, 0.695772231)
(-0.0547157228, 0.6470155, -0.306407481, 0.6960543)
(-0.037168, 0.652701139, -0.30053255, 0.6944638)
(-0.0543771572, 0.646926343, -0.306934953, 0.6959312)
(-0.0374555774, 0.652636945, -0.300381154, 0.6945742)
(-0.055166807, 0.6469622, -0.305970252, 0.696260452)
(-0.0364423133, 0.651580632, -0.308496267, 0.6920583)
(-0.0553927757, 0.6468563, -0.3064895, 0.6961125)
(-0.03660483, 0.651461065, -0.308870465, 0.6919954)
(-0.0555812158, 0.6467097, -0.3068662, 0.69606775)
(-0.0368750878, 0.651906967, -0.305786043, 0.6929303)
(-0.055936873, 0.646911144, -0.304956138, 0.6966913)
(-0.0370922238, 0.6514117, -0.307591081, 0.692585468)
(-0.05402102, 0.6482373, -0.299979329, 0.697769642)
(-0.0353243575, 0.652290463, -0.3045163, 0.6932093)
(-0.05347031, 0.6484446, -0.299356073, 0.6978872)
(-0.03895514, 0.6502013, -0.3106494, 0.6922555)
(-0.053659752, 0.6481027, -0.300104558, 0.6978687)
(-0.03708603, 0.6508261, -0.309109658, 0.692460358)
(-0.05247035, 0.6485857, -0.298971921, 0.697996557)
(-0.03922049, 0.649798632, -0.3112866, 0.6923324)
(-0.0547970161, 0.6474751, -0.301194161, 0.6978935)
(-0.0397946946, 0.649575, -0.31203115, 0.6921743)
(-0.0572022423, 0.646123648, -0.3053362, 0.697152734)
(-0.03887326, 0.650062, -0.310902774, 0.692277133)
(-0.0563847572, 0.646602333, -0.3041226, 0.697306)
(-0.03756217, 0.6510476, -0.307318032, 0.6930236)
(-0.05485171, 0.6476925, -0.300199926, 0.6981157)
(-0.0363423936, 0.6517643, -0.304556847, 0.6936338)
(-0.0554886162, 0.6467135, -0.304433, 0.697139442)
(-0.0365363955, 0.651544034, -0.305875331, 0.6932501)
(-0.05504839, 0.6471699, -0.302663118, 0.6975212)
(-0.03646544, 0.651271462, -0.307271451, 0.6928925)
(-0.05507824, 0.647069752, -0.303336948, 0.697319)
(-0.0368367545, 0.6510655, -0.308453977, 0.6925409)
(-0.0551099963, 0.647090256, -0.303740561, 0.697121859)
(-0.03641093, 0.6514321, -0.307627082, 0.6925864)
(-0.0552269667, 0.646947, -0.3047411, 0.696808636)
(-0.0364838354, 0.6522116, -0.3033784, 0.6937221)
(-0.0553150326, 0.6469514, -0.304999471, 0.696684539)
(-0.0364548564, 0.652241, -0.304147065, 0.6933594)
(-0.05537615, 0.647269368, -0.304439723, 0.696629345)
(-0.0371330231, 0.65288043, -0.301104456, 0.694049239)
(-0.05459607, 0.6472501, -0.307412, 0.6954023)
(-0.0360819, 0.6517156, -0.3109182, 0.690865159)
(-0.05457301, 0.647524059, -0.307094216, 0.6952896)
(-0.0356849022, 0.652248859, -0.309233069, 0.691138864)
(-0.0542765446, 0.648116469, -0.305012822, 0.6956768)
(-0.0373679623, 0.6511689, -0.313277662, 0.6902462)
