(0, 0, 0, 0)
(-0.0509142764, 0.6836795, -0.354249358, 0.63600105)
(-0.0475043058, 0.6794668, -0.370222539, 0.6316672)
(-0.0299624968, 0.681165159, -0.3768693, 0.626965642)
(-0.0178588424, 0.6782345, -0.390064627, 0.622517943)
(-0.0145477541, 0.679406047, -0.3768181, 0.6294473)
(-0.03253468, 0.6710159, -0.371558458, 0.640799046)
(-0.05280771, 0.6594407, -0.3725324, 0.6508216)
(-0.07446973, 0.6488136, -0.3653901, 0.663313746)
(-0.07830277, 0.6471139, -0.345689327, 0.6749897)
(-0.09526777, 0.636655331, -0.351236522, 0.679872751)
(-0.108733378, 0.6324123, -0.333554178, 0.6906326)
(-0.10211885, 0.6313479, -0.343295455, 0.6878371)
(-0.09288143, 0.6308062, -0.352504879, 0.6849795)
(-0.07901345, 0.634600461, -0.3435485, 0.6877598)
(-0.08647628, 0.632592261, -0.326466233, 0.696971059)
(-0.08223917, 0.6345527, -0.309508443, 0.703408837)
(-0.07959352, 0.6364913, -0.29202354, 0.709412456)
(-0.0669825748, 0.6373431, -0.3020323, 0.7057504)
(-0.06341033, 0.6340319, -0.3183938, 0.7018605)
(-0.0618367419, 0.6352534, -0.303762525, 0.7073597)
(-0.0763986856, 0.6276702, -0.315063268, 0.7077631)
(-0.067842856, 0.631077349, -0.302637815, 0.7110197)
(-0.0640130639, 0.628632843, -0.320084244, 0.7058819)
(-0.07201445, 0.6282006, -0.305763036, 0.7118194)
(-0.0645249, 0.627374, -0.321803749, 0.7061733)
(-0.07568086, 0.6258462, -0.3088733, 0.71217)
(-0.06419172, 0.626657069, -0.323006183, 0.7062912)
(-0.08110011, 0.6223202, -0.316492766, 0.711317539)
(-0.0643899962, 0.625227034, -0.326905161, 0.7057465)
(-0.0796733946, 0.618618667, -0.333948255, 0.7067119)
(-0.0723135844, 0.6228391, -0.319709957, 0.7103715)
(-0.077301234, 0.618444264, -0.3347352, 0.706755638)
(-0.058185827, 0.6245178, -0.333300918, 0.703919232)
(-0.0755905956, 0.618205845, -0.3369611, 0.7060913)
(-0.06378828, 0.6238049, -0.325059056, 0.7079088)
(-0.0728129148, 0.6184217, -0.3385086, 0.7054537)
(-0.0568729676, 0.624680042, -0.331035584, 0.704951)
(-0.07381814, 0.618272662, -0.337071985, 0.7061672)
(-0.05583988, 0.6229522, -0.342298239, 0.7011736)
(-0.07243134, 0.6189666, -0.334541261, 0.706905961)
(-0.0534284934, 0.6243682, -0.335590124, 0.703341365)
(-0.07147301, 0.6191265, -0.332100183, 0.708013654)
(-0.0547981262, 0.6224083, -0.341106921, 0.7023184)
(-0.0722924247, 0.6177712, -0.335434169, 0.707542658)
(-0.053440012, 0.6234787, -0.335491568, 0.704176068)
(-0.07193646, 0.617589355, -0.3355372, 0.7076887)
(-0.05397617, 0.621945858, -0.341452777, 0.7026236)
(-0.0725946, 0.616106749, -0.339811057, 0.7068741)
(-0.0543050319, 0.6221161, -0.336905181, 0.70464)
(-0.07283475, 0.6159845, -0.337523282, 0.708051)
(-0.0585413128, 0.618337333, -0.3484079, 0.702028334)
(-0.0726511851, 0.6155915, -0.337524831, 0.70841074)
(-0.05384026, 0.6205024, -0.341391116, 0.7039391)
(-0.07077233, 0.6163191, -0.334260345, 0.709515333)
(-0.08893119, 0.609949946, -0.336700857, 0.711818039)
(-0.07052381, 0.61583513, -0.3380759, 0.70815134)
(-0.0610376, 0.616229355, -0.3524182, 0.7016674)
(-0.06866321, 0.6164972, -0.3380104, 0.707789063)
(-0.0810257345, 0.6146745, -0.3255371, 0.713887751)
(-0.06748438, 0.616948366, -0.33741346, 0.7077943)
(-0.0533118322, 0.6192721, -0.348594934, 0.701527953)
(-0.0673366562, 0.616791, -0.3380188, 0.707656562)
(-0.081616506, 0.6140112, -0.327342957, 0.71356535)
(-0.06559577, 0.6174823, -0.336856127, 0.7077716)
(-0.07523169, 0.616979957, -0.3227487, 0.713799238)
(-0.06617659, 0.6173707, -0.33746177, 0.7075263)
(-0.06420673, 0.615056634, -0.353354275, 0.701942742)
(-0.0663170144, 0.617344737, -0.337817639, 0.707366049)
(-0.06704968, 0.619992, -0.321866453, 0.712401748)
(-0.06747756, 0.6171733, -0.337765843, 0.707430661)
(-0.061788518, 0.6161657, -0.353021324, 0.7013544)
(-0.06512708, 0.617979348, -0.337551862, 0.7070494)
(-0.069995746, 0.613420069, -0.3525468, 0.7032261)
(-0.06671069, 0.6171795, -0.3374028, 0.7076712)
(-0.08513201, 0.611161351, -0.33740893, 0.7109075)
(-0.06653522, 0.616889238, -0.3392028, 0.70708)
(-0.049942784, 0.6231947, -0.3326396, 0.7060348)
(-0.0660899952, 0.6167027, -0.340017, 0.7068935)
(-0.07741548, 0.6151179, -0.327469677, 0.713022053)
(-0.06643478, 0.616091847, -0.341532171, 0.706663251)
(-0.07092982, 0.6174614, -0.325987458, 0.71235)
(-0.0656242743, 0.6163473, -0.341763139, 0.7064046)
(-0.0704641342, 0.617492557, -0.3265235, 0.712123632)
(-0.06652323, 0.615874648, -0.342614859, 0.7063202)
(-0.07043193, 0.6175109, -0.326975882, 0.7119033)
(-0.06598499, 0.6161553, -0.342805028, 0.706033468)
(-0.0545870848, 0.62193346, -0.331146181, 0.707503438)
(-0.0671466962, 0.615839839, -0.342717052, 0.7062418)
(-0.062585406, 0.6200064, -0.327899754, 0.7100401)
(-0.06526897, 0.616292536, -0.34386003, 0.705467045)
(-0.0522349551, 0.6181256, -0.356033623, 0.698879242)
(-0.06521865, 0.616267145, -0.3446969, 0.7050854)
(-0.07906534, 0.613901436, -0.333379358, 0.7111483)
(-0.0648463, 0.61664, -0.344234049, 0.7050198)
(-0.05730053, 0.616186142, -0.358969778, 0.6986931)
(-0.0652919263, 0.616369367, -0.344788373, 0.704944551)
(-0.0816892758, 0.612510741, -0.336559445, 0.7105527)
(-0.06388562, 0.6173066, -0.342408717, 0.705413043)
(-0.08148919, 0.6129542, -0.335524261, 0.710682869)
(-0.06516972, 0.616743, -0.344078273, 0.704976)
(-0.0791672543, 0.6141509, -0.332931936, 0.7111311)
(-0.0623606928, 0.617952645, -0.3414808, 0.7054336)
(-0.07844395, 0.6143832, -0.332724452, 0.7111078)
(-0.06349702, 0.61747843, -0.342919946, 0.705049336)
(-0.07547344, 0.611582756, -0.353995055, 0.7035323)
(-0.0612319745, 0.618132234, -0.3447208, 0.70379734)
(-0.07929482, 0.6119755, -0.346704364, 0.7063954)
(-0.0618087351, 0.6187053, -0.3421656, 0.704489946)
(-0.0760056749, 0.612444639, -0.351397157, 0.7040275)
(-0.0603239425, 0.619012, -0.343876243, 0.7035156)
(-0.0763327, 0.6123705, -0.350961417, 0.704273939)
(-0.0596367344, 0.6189109, -0.345208436, 0.7030105)
(-0.07779819, 0.613900959, -0.340686023, 0.7078178)
(-0.0597262979, 0.6190496, -0.345029354, 0.702968657)
(-0.07797806, 0.6126098, -0.3477468, 0.705479145)
(-0.059659116, 0.6188368, -0.3463365, 0.70251894)
(-0.0782394856, 0.613030851, -0.344988018, 0.7064382)
(-0.06120287, 0.6195792, -0.3397673, 0.704935431)
(-0.07970804, 0.613656342, -0.339827955, 0.7082297)
(-0.06105089, 0.6193278, -0.342068374, 0.7040562)
(-0.0778567046, 0.612739861, -0.3479856, 0.7052619)
(-0.06042468, 0.6192155, -0.343568563, 0.703478336)
(-0.0787555948, 0.613743544, -0.3409527, 0.70772)
(-0.0600087866, 0.6195668, -0.342352539, 0.70379734)
(-0.0785359144, 0.6134695, -0.343256563, 0.7068678)
(-0.05990568, 0.619467258, -0.3437595, 0.7032077)
(-0.07830852, 0.613286853, -0.344953328, 0.7062253)
(-0.0597606748, 0.6188512, -0.347785145, 0.7017815)
(-0.07746284, 0.6141173, -0.342367828, 0.706854761)
(-0.0588510372, 0.6196183, -0.345351338, 0.7023832)
(-0.0769417658, 0.61463654, -0.340823054, 0.707206845)
(-0.0599402562, 0.6187719, -0.348204732, 0.7016281)
(-0.07816235, 0.613300145, -0.34526825, 0.706076)
(-0.0594028458, 0.61939925, -0.344984263, 0.7027103)
(-0.0769230351, 0.6148578, -0.339007616, 0.707888842)
(-0.0589541122, 0.619615555, -0.3444414, 0.7028237)
(-0.07646845, 0.613087654, -0.3486112, 0.7048023)
(-0.0579475649, 0.619407952, -0.346913636, 0.7018738)
(-0.07599559, 0.6131355, -0.348553777, 0.704840243)
(-0.0583610721, 0.6196906, -0.343928248, 0.7030583)
(-0.0752213448, 0.6156455, -0.336737722, 0.708470166)
(-0.05736548, 0.6202715, -0.342627048, 0.7032632)
(-0.07532281, 0.6155143, -0.337351471, 0.7082814)
(-0.0622350946, 0.6175293, -0.349270225, 0.7019934)
(-0.07762221, 0.6142434, -0.339758068, 0.7079861)
(-0.05939438, 0.6190684, -0.3451436, 0.7029243)
(-0.07626567, 0.61503315, -0.3376042, 0.7084781)
(-0.0608166941, 0.618396, -0.346980423, 0.7024901)
(-0.06668271, 0.619138062, -0.331606567, 0.708702)
(-0.06399526, 0.6167333, -0.347453833, 0.7034348)
(-0.0816173553, 0.611774862, -0.3412424, 0.7089597)
(-0.06323169, 0.6171356, -0.34399277, 0.7048506)
(-0.04470783, 0.622125566, -0.34728387, 0.7002535)
(-0.06237961, 0.6174738, -0.342182934, 0.705511)
(-0.07806383, 0.6141294, -0.332966, 0.7112557)
(-0.06233975, 0.6176206, -0.342430562, 0.7052659)
(-0.07595259, 0.6155413, -0.3308291, 0.711261034)
(-0.0621544048, 0.617928445, -0.34264183, 0.7049098)
(-0.0768334344, 0.615083635, -0.332483768, 0.7107907)
(-0.0630907044, 0.617253363, -0.3443402, 0.70459044)
(-0.07325442, 0.6163023, -0.330690175, 0.71094954)
(-0.06511263, 0.615986764, -0.345613182, 0.7048916)
(-0.06905976, 0.617368937, -0.3299624, 0.7107822)
(-0.067479, 0.6149718, -0.3457959, 0.7054653)
(-0.06481164, 0.6187338, -0.330213547, 0.7098782)
(-0.06445994, 0.61601156, -0.34612608, 0.704678237)
(-0.0705775, 0.616970539, -0.330883443, 0.7105506)
(-0.06098276, 0.6175112, -0.344991744, 0.704231262)
(-0.07063041, 0.6171175, -0.330712229, 0.710497558)
(-0.0616511777, 0.6173499, -0.3450535, 0.7042842)
(-0.0500665531, 0.618397355, -0.358057529, 0.697762668)
(-0.0618944429, 0.617073834, -0.345717877, 0.704179049)
(-0.06603377, 0.6186347, -0.330162048, 0.7098759)
(-0.0602917634, 0.617587268, -0.3455597, 0.7039455)
(-0.06279803, 0.6197009, -0.329731554, 0.709439456)
(-0.0600398779, 0.6174647, -0.3456839, 0.704013646)
(-0.0772481859, 0.6130553, -0.338841438, 0.7094945)
(-0.0599283651, 0.6172771, -0.34607017, 0.70399785)
(-0.07282085, 0.615363061, -0.334068567, 0.7102278)
(-0.06121541, 0.616655648, -0.347121745, 0.703914046)
(-0.0723868, 0.6155008, -0.333775729, 0.710290551)
(-0.06573064, 0.6148286, -0.348959535, 0.704196453)
(-0.0678140745, 0.6170252, -0.333216369, 0.7096816)
(-0.06495314, 0.614983261, -0.349109352, 0.7040592)
(-0.06423131, 0.6181675, -0.333434045, 0.708918154)
(-0.06786744, 0.614136159, -0.348804235, 0.7046746)
(-0.0595713258, 0.619306, -0.335268527, 0.7074648)
(-0.06840191, 0.613876164, -0.348920524, 0.704792)
(-0.062575, 0.6184722, -0.334384978, 0.708352447)
(-0.0632077456, 0.6153535, -0.350169241, 0.70336777)
(-0.05701704, 0.620186865, -0.335722983, 0.7066875)
(-0.06402775, 0.615209639, -0.3500964, 0.7034558)
(-0.0586871542, 0.619693458, -0.335361749, 0.707155049)
(-0.06733199, 0.6143302, -0.348953515, 0.704483032)
(-0.05986698, 0.6193525, -0.3349133, 0.7075672)
(-0.06974719, 0.6137901, -0.3477477, 0.7053145)
(-0.05872044, 0.619604468, -0.335647643, 0.7070947)
(-0.06796037, 0.614116251, -0.3489787, 0.7045967)
(-0.06295061, 0.618463933, -0.334196478, 0.7084153)
(-0.07247587, 0.613034546, -0.3472187, 0.7059568)
(-0.05878801, 0.619390666, -0.337206274, 0.706534564)
(-0.0672917441, 0.614174664, -0.350645125, 0.703782141)
(-0.05705859, 0.6199472, -0.3379113, 0.705851138)
(-0.06913371, 0.613970935, -0.349126637, 0.704535961)
(-0.05655855, 0.620154262, -0.3379673, 0.7056825)
(-0.07450279, 0.613964856, -0.34060818, 0.7081544)
(-0.0558815, 0.6200834, -0.3394085, 0.7051069)
(-0.07333541, 0.6135907, -0.3438536, 0.7070312)
(-0.0549377166, 0.6197209, -0.342419326, 0.704043269)
(-0.07360988, 0.6138265, -0.34211126, 0.707643)
(-0.05499286, 0.6197546, -0.3425178, 0.703961432)
(-0.07355921, 0.614005446, -0.341632, 0.707724452)
(-0.0549322329, 0.6196901, -0.3432034, 0.7036888)
(-0.07366099, 0.6137333, -0.3431424, 0.707219064)
(-0.0549991429, 0.619141459, -0.34619844, 0.7026988)
(-0.07078794, 0.615713358, -0.33755675, 0.7084783)
(-0.0532777533, 0.620015562, -0.344193846, 0.703045368)
(-0.071381554, 0.615386963, -0.33869347, 0.708159745)
(-0.0563832745, 0.618301868, -0.348785281, 0.7020489)
(-0.07051746, 0.61578846, -0.338044435, 0.708207548)
(-0.0552497134, 0.618644655, -0.348431468, 0.7020127)
(-0.06946854, 0.6161216, -0.3378691, 0.708105147)
(-0.055305656, 0.618539631, -0.3490826, 0.70177716)
(-0.06748622, 0.6170453, -0.3367739, 0.70801425)
(-0.0552787557, 0.618404746, -0.3496868, 0.701597452)
(-0.06831022, 0.6164289, -0.3380786, 0.7078502)
(-0.0522494726, 0.619675756, -0.3473655, 0.701861143)
(-0.0691287741, 0.6158194, -0.339842469, 0.70745647)
(-0.0522405729, 0.619794667, -0.347306669, 0.7017859)
(-0.0705390647, 0.6146156, -0.343604863, 0.706546366)
(-0.05303598, 0.6208997, -0.338958025, 0.704825)
(-0.07152205, 0.6147066, -0.340521634, 0.707859755)
(-0.0568906255, 0.6175505, -0.3506414, 0.7017447)
(-0.06841352, 0.6164036, -0.337560475, 0.708109558)
(-0.05610792, 0.617844164, -0.3505035, 0.701618)
(-0.06961688, 0.6156126, -0.3394772, 0.70776397)
(-0.05416207, 0.6186606, -0.3494055, 0.701599061)
(-0.07075748, 0.614835858, -0.341506749, 0.7073496)
(-0.0540843681, 0.6183458, -0.3501371, 0.7015178)
(-0.0696891248, 0.6146585, -0.341894239, 0.7074227)
(-0.0509367622, 0.620645463, -0.3405497, 0.704436362)
(-0.0696652755, 0.6150908, -0.33903563, 0.7084243)
(-0.056146618, 0.617497861, -0.3500911, 0.70212543)
(-0.07462699, 0.6123338, -0.34597975, 0.7069485)
(-0.0560451336, 0.6176832, -0.349410027, 0.7023098)
(-0.07383968, 0.6130343, -0.343949258, 0.7074146)
(-0.0577555858, 0.616802156, -0.352523953, 0.7013888)
(-0.07034631, 0.6151538, -0.3403642, 0.707664847)
(-0.0562375076, 0.617519438, -0.351776421, 0.701256335)
