0,4,-23,-21,70,89,-7,5
15,24,60,33,-94,-43,-7,7
-10,-36,-42,21,88,-50,6,-9
-2,15,24,5,-55,39,-17,-8
5,-1,24,23,113,-17,18,10
-11,-11,-41,-5,-5,61,4,-6
-1,1,16,-14,-29,-32,-8,1
5,12,25,-42,12,2,-11,-4
-11,-13,-49,-61,-52,-38,13,-9
10,-10,-51,-12,-86,-28,33,6
17,25,93,127,-40,30,45,12
-5,-10,-4,-47,109,-19,96,-5
10,14,25,97,-26,-19,-24,9
-18,-10,-72,-76,15,-46,-36,-14
16,14,37,24,-99,10,-12,10
1,2,10,33,4,64,-43,-3
-14,-8,24,10,-95,-28,39,-4
-11,-8,-5,14,127,50,10,-8
2,0,7,9,-105,-8,11,-7
-3,-2,-9,-48,8,-49,-93,-3
-2,-29,-25,-5,33,38,-94,1
-10,1,81,-7,-78,-63,-91,-7
2,8,-84,-3,104,30,-15,-3
-5,-21,-56,-116,-23,-25,23,-6
-10,-17,-3,7,-80,-19,28,-16
15,29,108,94,-75,-3,38,10
-17,-2,-14,25,28,41,19,-5
4,17,56,-15,-128,-39,-4,5
-5,-3,-46,-16,94,84,-7,-1
7,-5,-5,27,-44,2,11,3
1,3,41,-58,100,2,-30,5
1,-2,-19,76,85,35,-28,4
-13,-8,-13,-73,-104,-61,7,-11
6,0,32,23,32,46,-19,3
-3,-14,-32,31,19,92,-2,2
-9,-15,-21,-21,63,-63,20,-8
10,24,24,35,19,-9,13,-3
-5,-21,-70,-11,88,28,33,3
0,11,74,-63,-94,-53,0,-2
7,17,60,57,-44,58,16,6
6,-5,5,44,30,11,14,8
2,9,-85,-10,50,15,1,-1
2,7,26,-14,-103,-59,1,-2
2,-23,-89,-7,55,-6,2,4
5,41,72,13,21,-35,3,4
11,28,30,36,-43,75,0,6
6,-7,-6,-34,58,31,-4,1
-15,8,79,16,-124,0,-2,-1
-7,-18,-62,-46,-88,-59,0,-9
-1,-3,-19,51,123,12,7,-3
-1,11,7,12,51,11,0,0
-6,-12,-52,-61,-9,44,1,-7
-3,-12,-11,-5,-34,-22,-10,-3
-17,-26,-19,-117,-58,-106,-13,-16
7,-1,-45,-18,-20,-19,-5,5
0,10,9,-43,-58,7,3,1
9,24,31,5,-26,83,7,11
-5,-11,-28,-64,-71,-77,4,-4
-9,-16,-24,3,4,0,-6,-4
1,0,-16,70,-32,-10,-2,-5
2,15,67,12,8,18,4,2
-5,-11,-44,-18,-32,-23,-3,-7
-1,-5,-1,-8,56,38,-1,-1
-1,6,-14,-25,-61,-67,-7,-7
-1,38,102,-37,39,-37,7,-4
-3,-13,-12,15,9,46,2,-1
0,-1,12,36,93,42,5,5
2,-3,25,-25,-3,0,-8,-2
-2,-32,-101,-53,27,-10,-10,-4
5,9,12,-50,-51,31,5,4
-13,1,17,-21,-30,-92,-8,-14
5,2,-4,-31,-7,42,-2,6
-7,-19,3,1,-2,-34,-8,-4
4,19,46,26,42,50,0,3
3,-3,-12,-25,102,33,8,3
-1,-7,-13,6,39,-44,2,0
-1,-16,-56,24,49,1,7,0
0,11,35,41,80,36,3,4
-8,-2,-18,-19,-73,10,-1,-6
-10,-3,25,1,-6,-19,-5,-10
7,2,20,-38,-66,-7,-3,7
-9,1,18,-10,16,-45,-6,-11
1,-6,-23,-1,11,29,-1,3
-6,-9,-11,47,6,12,-3,-1
4,2,5,-32,5,12,5,3
1,-12,-1,5,19,6,2,3
-4,4,23,-15,-55,6,2,-3
9,10,20,16,-22,6,-2,6
6,-1,-20,43,88,36,2,6
-5,2,-12,-15,32,13,6,-5
6,10,39,58,-6,-19,-8,1
-2,-9,-25,-70,34,13,11,3
-3,-5,-36,31,85,0,-2,-4
-6,-6,2,-5,-1,-25,-2,-4
-1,0,0,2,-27,-23,-2,-4
0,2,3,-1,1,16,2,-1
1,-1,-13,40,10,-7,-5,-1
4,-8,-16,25,-8,22,-4,6
-2,-10,0,-39,-27,36,3,2
-8,-10,8,105,18,-71,-15,-14
-6,22,47,-13,38,19,5,-5
-1,-7,-13,33,-58,-33,-7,0
5,2,10,63,-4,-2,-4,4
1,5,-13,-7,31,19,5,3
3,2,-30,-13,13,40,3,4
-14,-23,-53,-69,49,-37,-1,-13
-1,4,6,1,62,2,1,-2
-5,-9,-13,22,-59,-12,-3,-5
5,-2,13,61,-2,-27,-5,0
0,5,0,-7,-14,23,7,5
-3,1,-13,-17,17,-22,-3,-5
-4,8,53,3,0,-13,-2,-4
-5,-10,-44,-49,-89,-14,-4,-4
2,8,16,-26,-10,43,1,-1
1,-10,-7,-12,13,-7,-5,2
-5,3,7,-26,-48,-31,3,-3
-3,-7,10,6,-1,-2,-1,-1
9,-2,-6,38,-33,20,1,9
-5,5,26,5,23,14,2,-5
9,1,-16,-36,58,16,4,6
-10,-6,-21,-9,-33,-16,3,-8
1,1,3,-5,79,25,5,-1
-9,-14,-38,-5,-15,2,1,-5
11,6,31,23,-27,1,-1,10
-10,-15,-30,5,65,-12,-1,-5
2,6,14,21,39,-1,-3,1
8,6,10,49,-37,-20,-1,7
-5,-9,-50,-5,30,26,-2,-7
2,8,28,-61,-6,-8,3,3
-5,-5,-33,7,-57,-20,-8,-5
3,-3,-8,-53,-44,-29,-7,1
-10,-21,-79,-33,28,-1,4,-5
6,-5,-8,-22,-30,22,-3,8
-7,2,31,-41,84,13,2,-2
-8,-17,-66,-69,-54,-43,-7,-7
1,3,-10,36,73,26,-4,0
-4,-11,11,2,0,-26,-4,-5
-2,12,15,19,-81,-38,-7,-5
-4,9,34,6,-25,18,-2,-4
2,4,19,-76,11,12,2,4
-7,4,14,13,6,-43,-3,-6
5,-8,-26,9,-1,38,-5,4
-4,7,41,54,-20,-10,-2,-3
1,13,24,18,24,7,3,-2
1,-1,1,5,-22,15,-2,0
-2,-9,-21,37,-36,3,-7,-2
-4,-3,-39,-3,-75,-13,-2,-3
4,1,67,30,60,-4,3,5
-7,-18,-72,1,-3,0,-2,-7
4,5,38,49,2,5,-7,3
-1,-7,-26,66,42,-16,-4,0
1,2,6,68,-96,-1,-6,2
6,9,21,50,-3,16,-1,5
-1,-9,-5,-29,-47,8,2,-1
0,8,2,52,58,0,3,-1
-1,1,-10,10,-41,-19,-7,-1
3,3,2,-5,50,28,1,4
-3,-3,-15,-10,-53,-21,1,-2
5,-3,3,-56,8,15,4,3
-9,-6,-19,2,21,-9,-1,-8
-2,-2,0,2,-41,-4,-5,-1
1,-2,-4,-7,31,6,0,2
-4,2,25,-27,-11,22,0,-4
-2,-2,-4,-52,38,11,2,0
2,-5,3,-35,-115,-28,-5,-1
3,8,-8,19,-6,-30,-2,2
-4,6,46,27,14,19,-4,-5
-6,0,-57,-26,59,-2,7,-5
-2,-2,8,-32,-29,-15,-10,-3
2,4,10,13,7,-10,6,4
1,-9,-16,-63,41,6,-2,2
2,-2,2,2,-23,16,-4,0
-4,-2,-2,-21,0,-3,4,-3
-5,-13,-54,-19,-16,-4,-4,-4
3,0,13,12,-41,-6,-3,3
0,-2,8,-13,-26,-7,-2,3
6,-4,-12,11,67,27,1,6
-8,-4,7,1,-23,-7,0,-6
-1,-7,-20,24,26,-7,1,-2
2,3,10,-1,-6,14,0,-1
2,10,70,18,64,8,0,0
-1,4,9,-51,1,-20,0,-4
-6,-15,-46,-14,-3,-10,-8,-5
4,7,8,23,-73,-3,-6,0
-7,0,0,-5,-21,0,1,-4
-1,-22,-22,-1,35,-8,-2,-1
-4,0,31,-8,-26,-7,0,-1
-1,-6,-8,-22,-7,-2,-2,0
0,4,-22,79,60,14,4,0
7,2,26,16,53,38,4,7
-9,4,-13,-13,-5,-41,3,-11
0,0,21,26,0,-11,2,-2
-2,-3,4,3,9,21,1,1
3,2,-14,-5,-29,-7,2,0
2,4,45,45,107,10,0,2
-3,7,12,-29,-49,3,-3,-3
3,-10,-56,-81,-53,22,3,3
-8,-3,1,29,-15,-44,-4,-6
-2,-13,-84,-31,-38,-6,-2,-2
-2,0,0,16,20,-1,-2,-3
5,-1,0,-7,-19,37,-1,3
-1,13,45,1,-48,2,-5,0
2,-10,-42,26,-57,-16,-4,1
-4,-6,-10,-5,6,-20,5,2
-2,-4,-13,17,-20,-13,-2,-2
-2,7,16,-10,63,53,0,-4
-2,-6,-5,-7,-77,-39,-12,-6
-1,-11,-21,-20,-23,-24,-4,-3
-6,2,6,-11,15,-8,-1,-7
-10,-1,24,18,-28,-24,-6,-10
6,7,42,-3,40,66,2,8
6,4,46,45,26,18,-2,6
0,3,-1,-56,-6,-39,0,-4
3,-2,-17,45,51,-1,-1,1
-3,-3,-5,-54,-18,-3,0,-3
1,0,-18,-24,-105,9,-8,2
-8,8,52,82,94,-25,0,-5
-8,-13,-38,-89,-45,-35,-7,-8
0,9,26,4,11,-5,1,4
-2,-1,-2,-4,36,17,-1,-1
-2,-7,-12,-17,-29,-19,-5,-2
6,5,17,-10,-21,21,-3,6
-4,-18,-45,61,114,26,3,-2
-8,-1,3,-72,-6,-9,-5,-12
7,8,4,-15,-47,-6,2,8
-9,-8,-25,63,-18,-38,-10,-8
5,5,19,-12,-66,2,5,4
-1,-5,2,40,27,5,0,1
-2,-1,3,-15,17,-4,-2,-1
7,7,5,-5,13,22,6,5
-2,9,35,-40,-10,14,2,0
-7,-12,-48,48,13,-40,-4,-4
1,5,23,44,2,2,-6,-1
2,-1,-17,35,-5,8,7,2
-9,6,48,4,100,2,-3,-8
0,11,14,-15,-52,-9,-2,-4
-1,-6,-6,-39,32,-1,2,-1
0,-3,-28,-19,-8,20,-4,2
-2,-19,-50,0,-6,6,1,0
2,5,-5,-29,-46,-14,4,1
0,0,20,24,73,3,2,3
-7,1,-16,-19,3,2,-1,-7
3,7,3,1,15,2,3,3
-2,-5,4,-21,3,6,-5,-2
2,-5,-22,7,-31,8,-2,-3
2,0,12,-32,-9,-6,-1,2
0,-10,-5,5,-12,12,-7,-1
-1,1,4,40,50,29,5,-1
-8,-10,-24,22,66,-21,-8,-7
-3,9,55,9,-27,1,-3,-3
0,0,0,-8,-49,-28,-1,-3
0,-5,8,-21,11,0,-6,0
-2,7,44,-3,-62,-24,-1,-2
1,-2,-25,-21,11,24,2,0
-2,3,-7,4,-6,-4,-2,-5
4,-1,-7,-5,15,11,0,6
-1,4,17,1,41,4,1,-3
-3,-7,-10,-40,-13,-18,0,-4
3,6,12,40,7,-3,-6,3
6,8,23,68,14,24,2,5
-4,-20,-72,-59,-27,3,7,-1
5,2,-7,1,22,-7,3,2
5,-1,41,-14,-43,19,2,6
-1,-5,-40,-59,-30,-10,-2,-1
-7,-1,4,30,10,-2,1,-5
-5,-1,6,15,-9,-24,-4,-5
6,3,21,-23,72,6,8,4
-3,-2,-8,8,14,-9,-1,1
1,0,1,10,-36,8,-4,-1
0,-13,-56,-17,40,-4,1,3
-1,9,-4,13,-43,0,-4,-4
-2,-1,29,5,22,25,-2,-1
5,-2,-12,-25,-45,6,-1,6
-6,-6,-31,-37,-32,-44,-2,-5
-6,-7,-30,4,-18,-9,-3,-6
-4,-4,24,-41,-14,-2,4,-4
2,-5,-15,-42,7,8,-5,0
3,6,19,104,-14,31,-5,3
-7,-22,-59,-35,-26,-18,1,-4
-1,-9,-68,-17,20,-17,-2,-2
-5,1,-13,43,40,10,2,-5
-3,-5,-20,-8,10,1,-3,-4
1,11,36,-25,-15,-23,-1,0
-2,1,17,-26,-16,-8,2,-4
-1,-4,-9,4,-16,1,-7,2
3,8,28,4,40,15,2,1
9,7,8,-19,-50,7,0,7
-9,-12,-47,-69,13,-12,3,-7
-3,-2,6,3,7,-39,-5,-6
-2,-10,-16,-3,47,-3,2,2
0,6,30,-32,-66,14,-8,-1
0,12,40,26,23,7,0,1
6,10,5,2,-102,0,-1,3
-4,-7,-12,-3,7,-7,-2,-4
-1,-4,-10,7,9,-22,-1,-2
-2,5,34,19,8,1,0,-2
-5,-1,-7,-40,-57,-2,0,-5
4,9,46,45,93,22,-4,1
-5,-12,-41,-13,-38,-7,-5,-4
-4,-10,-46,21,9,-13,0,-3
-3,9,53,-1,52,11,3,-1
-6,3,9,-46,-62,-7,-3,-5
2,0,0,26,74,16,-2,1
-2,-2,-37,35,-21,5,1,0
2,-2,-18,-5,25,12,4,3
0,3,16,17,-15,-20,-6,-1
-5,-11,-30,19,37,-12,0,-4
5,3,23,-4,-59,7,-3,4
1,-4,0,19,9,16,-1,0
-3,4,9,-8,-10,5,3,-4
-2,-5,-6,-53,0,-7,0,-1
1,-2,-8,-1,84,-3,-3,0
-10,-19,-32,-37,-51,-17,-6,-7
1,3,18,-7,2,11,1,0
1,2,-11,67,78,25,-1,0
2,19,66,15,1,4,2,2
1,3,10,5,10,-10,0,-2
-4,-14,-45,-19,-12,-11,1,-1
-2,-5,-7,40,18,7,1,-1
1,-7,-4,-10,15,18,0,2
2,-1,-44,33,4,10,-2,2
3,2,54,-2,-43,-3,1,5
-1,24,14,-35,36,4,8,-2
-2,-7,2,-2,5,-22,-5,-4
-1,-3,5,35,-40,-4,-6,-2
1,-1,-21,-14,64,38,2,1
1,-9,-7,-7,-89,-10,-8,1
-1,-4,-1,29,13,5,-1,-3
0,15,46,-21,10,2,0,-2
2,0,6,-33,-60,7,0,1
-5,-6,-21,-2,-29,-25,-3,-1
6,5,0,44,0,21,-3,2
-9,-20,-90,26,27,-17,0,-8
2,0,-17,-13,1,4,2,4
1,16,75,36,45,4,1,2
-8,-8,-49,-35,-36,-17,1,-5
1,1,15,19,21,19,1,5
2,9,-2,39,-52,-29,-4,-1
-2,-9,-30,6,-24,-2,1,-1
-6,-7,-7,-22,-39,2,0,-4
1,4,22,-14,19,9,-2,-1
-6,0,36,-4,1,-16,-3,-7
1,-8,-56,-41,-6,8,-3,0
0,4,-20,3,-12,-10,-2,2
0,4,50,-41,-17,-13,6,-1
1,-5,-13,-3,31,16,-5,2
-6,-9,-9,40,61,1,-2,-4
-2,-2,14,-29,-58,-6,-6,-3
-1,-3,6,-57,-73,-19,-2,1
-4,-11,-42,37,102,6,-2,-4
-2,3,19,-28,-8,-3,2,-4
4,3,-5,6,35,10,2,1
2,-4,-11,-16,-55,7,-3,2
-6,15,33,4,-22,-29,1,-4
2,-1,27,-9,24,18,2,4
-7,-8,17,38,3,-14,-7,-7
2,0,-23,34,18,10,-2,1
-3,-5,16,-29,-82,4,-3,-2
-3,-7,-12,58,56,-30,-11,-6
-1,-1,-18,-33,25,15,3,0
-2,8,28,0,-89,-36,-9,-2
-2,-9,6,8,29,21,-1,1
-1,-5,-45,-17,63,15,4,1
-3,-7,-3,-42,-39,-20,-4,-5
-2,11,56,-3,49,8,-1,-4
-2,-12,-61,13,-49,-3,0,-2
-5,2,17,13,11,-2,-2,-5
-1,-9,-33,35,6,-24,-1,-4
-1,-10,-59,-19,17,18,-1,2
-2,3,17,7,-29,-6,-5,-2
1,4,22,-13,-22,7,-1,0
2,0,-1,10,-33,2,0,1
0,11,33,4,15,-2,-1,-1
-1,-14,-48,-5,27,-11,1,0
0,1,-5,-20,-46,-2,-1,-2
3,19,30,-33,-2,40,5,3
-8,-6,4,-8,-12,-31,-2,-7
1,10,32,-20,-1,-13,0,0
0,1,-9,-13,-3,23,0,1
-2,-2,25,21,92,3,-3,0
-1,-26,-79,-38,29,-3,6,2
-5,-4,-15,-53,-71,-2,-1,-7
-3,-5,25,-27,-24,-19,-2,-2
3,-5,-13,5,18,11,-3,3
-4,-8,-28,41,35,12,-3,-5
-2,-6,22,127,14,-16,-5,-3
-3,1,2,-20,-7,4,1,-4
3,3,16,-4,17,38,0,4
0,5,12,-12,-4,-24,2,-1
5,14,60,1,-17,10,-2,3
-2,-12,-51,29,-4,1,1,0
1,2,-7,1,-28,-24,-1,0
-1,-10,-22,15,-80,8,-6,-1
1,-3,6,-48,3,-7,3,4
-1,-4,-21,-19,8,3,-5,-1
-6,0,7,-9,-15,-23,-3,-5
4,-3,-11,14,46,10,-1,7
1,3,21,46,83,30,-3,0
-3,-8,-26,10,-100,-10,-4,-4
-1,1,15,9,-13,-10,5,-2
3,6,56,40,54,12,0,3
-3,-3,-56,-44,8,-2,1,0
3,-2,2,0,39,3,5,1
-8,-2,-36,-6,34,0,-1,-7
5,16,54,-20,-24,-6,1,3
0,-11,-51,-5,-8,9,1,1
-4,3,16,-31,36,13,3,-2
-4,3,54,-23,-75,-34,-5,-4
-2,-3,-29,-1,17,0,-2,-3
-1,-2,-33,-26,7,11,2,0
1,5,24,0,-66,-6,-4,1
3,-5,-12,92,65,1,-6,3
-3,-2,11,5,10,10,6,-2
-1,5,32,-27,-9,-9,-2,-2
-4,-1,9,37,-15,-29,-4,-4
6,-9,-32,-39,12,24,-1,5
-8,-4,-12,5,8,-10,-1,-5
4,0,-5,6,-42,-38,-3,2
1,10,31,-3,-4,-11,-2,1
-1,-2,14,-24,-38,5,2,0
-1,-7,1,35,45,18,-6,-3
-3,3,-1,-20,27,31,2,-1
-3,-4,-7,-35,-1,-23,2,-2
0,4,-6,23,55,0,-1,-3
-11,-34,-54,3,-90,-36,-10,-8
-5,-4,-2,14,35,-8,3,-6
7,2,-11,19,-5,17,-2,4
-3,-2,-2,10,31,-10,3,-2
1,-7,-55,-1,37,15,3,-1
3,0,2,13,-4,-15,-4,2
-2,0,4,15,19,26,0,-2
-3,-3,5,-31,-59,-30,-4,-4
4,14,8,-6,-37,-6,1,4
-1,-11,1,-8,24,8,-1,-2
-5,15,6,-12,-31,11,-5,-4
-5,-6,0,8,-41,-19,-1,-3
5,5,13,-12,10,23,-1,4
-6,8,16,-40,8,0,1,-6
5,-3,19,6,13,-4,-3,1
-2,4,-14,-19,11,-4,-2,-2
-4,-4,-35,-34,-3,-6,1,-2
2,1,9,28,-18,-18,-3,3
2,-4,-4,13,-7,-1,0,-1
-3,1,11,6,-71,0,-5,-3
-2,3,-2,30,33,-9,-1,-4
3,7,15,1,5,28,2,3
-4,-8,14,78,64,-27,-6,-7
5,1,2,7,30,18,-1,2
1,10,60,-48,13,0,0,-1
-5,-14,-19,7,-41,-11,-4,-4
5,2,-14,9,23,43,2,5
-1,-9,0,-6,-24,-18,2,-1
-1,-13,-19,8,-37,-34,-1,-2
-2,-1,4,-11,-6,10,0,0
-3,-8,-34,-29,12,-17,3,0
1,1,5,20,33,30,-2,3
3,15,31,59,61,-5,-2,1
0,-6,-3,-1,-27,18,-5,0
-1,-4,-32,-3,18,-3,-1,2
0,3,1,-39,50,20,3,2
-8,2,37,-9,-42,-3,-5,-9
1,5,4,14,18,-4,1,3
-3,-7,-4,-7,11,16,2,1
-3,-5,18,-9,-38,-22,-2,-2
4,10,-7,28,-31,11,5,4
-3,-1,-7,36,55,-2,-2,-4
-3,1,16,-19,-37,-6,-5,-3
1,-7,-33,7,-15,-11,-2,2
0,4,31,-35,-13,10,1,1
-6,-11,-6,17,-3,-5,-1,-7
1,3,4,0,-64,-14,-4,1
-4,-3,-32,-3,39,15,-1,-5
4,11,73,42,42,-12,-5,2
0,3,-13,-55,-29,-13,0,1
-1,3,2,-26,18,4,2,1
-2,4,19,31,28,-1,-2,-3
-5,-21,-57,-36,57,13,1,-3
2,0,-15,7,-28,-5,-5,1
-8,-14,-41,-4,21,-5,-5,-8
-2,2,-12,3,-26,-17,-5,-3
-2,4,-5,-16,-19,2,4,-1
7,2,6,47,49,23,4,6
-4,2,30,-28,-17,-13,-2,-3
1,4,14,-13,-4,18,2,3
-1,1,-8,41,50,4,3,-2
-4,-15,-22,-55,-55,3,0,-3
2,17,53,18,-53,-41,-3,-2
2,-1,9,-2,23,20,-2,2
0,-7,-37,4,-57,-3,1,1
0,7,25,7,55,14,4,-1
1,-6,-24,-23,-25,11,0,-1
-8,-11,5,-18,-59,-32,-1,-7
3,1,-3,-26,0,0,1,3
1,3,-13,13,10,-5,-2,0
-4,7,30,-18,46,17,0,-3
0,9,50,4,-87,-29,-3,-3
0,-5,-12,-14,-9,10,-4,2
-2,5,0,-7,-8,-6,-2,-2
-3,-7,-5,-20,41,4,2,-3
-1,1,-10,45,-17,-15,-3,-2
2,3,14,0,4,-4,1,3
-3,-7,-16,-27,-26,7,-2,-4
-2,-5,-16,6,26,11,1,-2
3,2,7,-24,21,0,0,1
-7,-17,-47,17,-16,-3,-6,-4
-1,6,21,-20,-66,8,2,1
2,-4,0,34,2,-21,-3,3
1,1,-26,-1,71,12,6,3
-6,-15,-26,-84,-103,3,-6,-4
2,-5,4,35,27,-16,-3,0
-2,-1,-5,21,-1,4,0,0
-3,-1,27,-21,12,6,2,-1
1,0,-11,1,5,-3,0,-1
3,3,6,25,-4,0,-2,-1
-4,-10,-58,-29,-31,-10,-1,-4
4,-2,5,-39,37,18,0,5
-8,-6,-16,-14,18,-14,-5,-7
-4,2,30,7,47,-14,0,-5
3,2,17,17,-22,-5,-4,2
-1,-5,-22,-8,-1,11,1,-2
-3,9,0,-11,-13,-6,2,-5
-2,-6,-9,-15,9,0,-3,-1
-3,-4,-8,-19,-15,-7,0,-4
-3,-3,-19,47,-11,1,-4,-2
6,4,25,-22,-9,1,1,4
-7,-8,-37,49,64,19,-6,-7
2,7,31,6,20,-12,3,1
4,1,-6,20,-54,-12,-7,-1
-3,-3,-5,31,-18,-18,-1,-3
3,7,52,-17,-15,2,-1,4
-6,-1,9,-12,0,16,4,-2
-3,-4,-1,-15,16,-4,0,-4
0,3,9,-21,-9,14,0,1
-2,-13,-24,63,-13,10,-8,-1
4,24,-15,-13,-20,-28,1,0
-4,-9,0,2,9,-14,2,-4
1,7,-4,27,-15,8,-1,1
5,8,10,-24,-7,0,2,5
-1,6,34,-10,12,31,-1,0
-4,-6,-21,2,-3,3,-1,-4
2,-1,10,5,1,8,-5,3
-2,13,43,-32,-6,-21,1,-3
-1,-20,-89,6,18,29,-6,1
-4,0,-3,-40,-36,-35,1,-5
-2,-4,21,-2,14,-1,0,-3
-3,10,26,32,-1,3,-4,-2
4,-2,15,-17,-126,-33,-5,-1
1,-1,-1,43,92,37,1,1
-5,0,17,-18,-10,-17,1,-6
0,-4,-19,-11,-28,7,1,-1
0,-5,7,49,62,-17,-6,-3
-3,5,0,-35,-24,-3,-3,-1
0,-1,10,35,21,-24,0,-2
-2,-3,7,-36,-26,11,5,0
-3,3,24,61,127,39,-6,-2
6,-1,-18,-5,-56,-11,1,5
-3,-6,-17,-19,-13,-11,-3,-2
-2,-7,-26,-5,16,15,-1,-3
-4,-3,-27,-47,-68,-6,-1,-1
-3,-16,-32,34,65,-6,-2,-3
1,8,33,10,11,18,5,-1
-4,-15,-27,-24,-1,-28,-2,-2
5,4,6,-4,-45,-7,-1,4
-3,-6,-23,-6,36,22,0,-1
-1,3,8,-74,-63,1,-2,-1
-1,1,-7,37,46,-20,-4,-3
0,-7,-16,32,18,36,2,2
-8,4,26,-30,-71,-40,0,-7
0,1,18,59,127,25,-1,1
1,12,19,-93,-95,-10,2,0
-4,-13,6,-19,2,-30,-2,-2
2,1,11,16,17,17,0,1
-1,16,38,17,-23,5,-3,0
4,3,1,4,0,-20,2,5
-5,-5,-3,-21,-10,28,1,-3
2,4,4,30,54,13,-2,1
0,-6,-24,9,7,-1,-3,-2
-2,-7,22,21,-67,-14,-8,-2
-4,-3,-49,-16,-3,-31,0,-4
2,0,-23,-4,-5,21,-1,3
-7,-21,-44,11,-8,22,-4,-4
2,-11,-33,-11,-4,-38,-4,-1
-2,8,61,-7,10,-8,3,-2
2,13,22,-11,-77,-10,-4,1
-1,-7,-25,18,11,10,0,-3
-4,-12,-26,16,60,19,2,-4
3,12,42,-35,-76,2,3,1
-6,4,-2,19,11,-7,-1,-4
6,5,-13,6,-30,-19,0,5
-7,-7,29,-11,49,10,7,-3
0,-1,7,-68,-28,4,-4,-1
-1,-15,-34,2,34,-5,-4,-1
0,4,-2,-61,-33,-9,-1,1
-1,-5,-45,0,53,9,-5,1
2,18,67,-8,-34,-1,3,5
0,-6,-20,-1,47,16,2,-4
0,-7,10,-1,-13,18,1,0
3,5,-32,-21,-26,-44,-1,2
0,3,19,12,19,14,0,1
0,0,-22,-27,-43,-4,-4,1
-4,-12,-4,13,-19,-20,-2,-4
4,15,56,-23,-5,24,-3,2
-6,-32,-95,-11,5,7,-4,-3
-5,2,29,19,12,-29,-5,-7
5,8,6,26,127,20,5,5
-6,4,0,-4,-37,-3,-4,-7
7,16,65,19,7,-17,-2,2
1,-3,26,22,68,55,5,3
-3,4,24,-31,-65,-34,-2,-4
-2,-2,-4,-3,32,12,4,-1
-2,-10,-22,13,18,-12,-5,-3
-2,-6,-25,-24,-35,-1,0,-1
8,7,3,-26,-25,25,-3,5
-1,-3,-1,4,37,14,1,-3
-4,-11,-28,25,-1,-22,-2,-3
0,0,22,7,19,-14,0,2
-4,6,6,-7,-33,-8,-1,-3
-3,-11,-25,-7,11,5,-5,-1
-2,-4,-16,-1,-23,11,-6,-2
5,13,-5,29,-4,11,1,2
-3,1,26,-15,-51,-10,4,-3
-4,-9,-27,15,39,-7,-2,-3
1,-5,-17,-25,-12,14,0,-1
2,-1,-12,-8,33,-6,-4,0
0,12,17,32,0,-1,-1,-1
1,3,7,8,-12,6,2,-1
-1,-2,-11,-29,20,-4,1,0
0,1,29,-2,-32,1,-3,-1
-4,-17,-40,8,74,-17,-3,-4
-1,0,13,-14,-71,17,-1,0
-3,-4,-21,38,28,-24,-6,-1
0,-10,-36,-2,-4,16,0,-1
-4,0,0,57,33,-8,0,-2
1,4,10,19,29,-6,-2,1
-1,3,12,29,3,2,-2,-2
-5,1,-28,-9,-30,-24,-5,-1
-4,-8,-25,-29,-11,3,-5,-5
-3,-1,28,9,33,4,4,-4
-4,-9,-33,-6,-26,2,-4,-4
0,-6,1,14,-42,-21,-4,0
2,16,25,-5,37,14,4,3
5,2,3,-28,4,10,3,4
-5,-8,-9,-7,-10,-2,0,-3
-5,-3,20,2,-15,5,2,-2
2,-5,-19,8,15,-10,-3,0
-3,2,44,30,-16,-8,-1,0
3,-3,-2,-10,46,8,5,3
3,16,37,-2,-13,7,0,5
-4,-23,-47,-42,8,1,0,-1
-3,-3,-13,26,57,2,-4,-4
1,-2,-37,-2,-47,-11,0,0
-2,2,36,-9,-4,17,0,-1
-3,-8,17,4,-3,-3,-2,-3
-3,-6,-21,-1,-43,-8,-8,-4
2,14,17,-1,2,-10,-1,-2
-4,-11,-19,-25,-4,-8,-3,-6
-1,20,11,27,38,32,1,2
-6,-15,-33,-78,-74,-25,-5,-4
-4,-6,19,20,46,-1,-4,-4
3,6,8,-8,-50,9,1,-3
-12,-9,12,-42,-39,-13,-9,-3
2,0,-31,3,-20,-14,-1,0
-1,2,4,-13,8,-22,-2,1
0,-12,-8,-6,-4,-5,-1,0
0,-1,-17,0,26,8,0,-4
0,10,17,9,13,14,2,-1
4,9,34,13,-18,42,2,6
0,-20,-8,21,-71,-37,-10,-2
-1,-1,4,-2,-8,-27,0,-1
2,4,9,7,-7,1,-2,6
-3,-3,-15,25,88,-8,-1,-4
0,13,38,-31,57,37,5,3
0,-19,-38,-1,-58,-1,-4,0
0,8,27,-4,-16,-17,-2,-3
-1,-12,-33,-22,1,7,3,-1
-4,-3,6,-7,7,-8,-4,-5
3,2,1,56,75,16,-1,1
-5,-8,-5,-22,8,2,6,0
-1,-4,7,-17,-47,-10,-4,0
-5,-6,-37,22,52,-27,-1,-5
6,15,36,13,-8,6,1,2
4,2,13,7,0,15,-1,-2
-5,-2,22,16,18,10,-1,-5
-2,-4,-9,-32,-62,-27,-3,-4
5,8,5,75,-36,6,-5,3
-1,3,11,8,1,-10,0,-1
-3,-6,-29,-20,10,2,2,-3
-1,7,7,-37,12,18,-1,-1
-2,-8,-48,-5,-10,5,-3,-3
-8,-19,-15,-36,-101,-8,-2,-5
-1,3,4,-14,-15,-11,-6,-3
5,7,12,70,78,-10,6,3
-9,-11,-15,-99,-51,1,2,-8
-1,-2,-11,49,71,-3,-4,1
-1,5,31,-6,25,54,1,2
3,8,19,5,2,-38,0,1
3,-1,12,-28,-49,-15,-3,2
2,-3,-19,37,7,7,-3,0
4,6,33,60,25,-5,-1,2
-2,-8,-45,-24,-7,25,1,-1
2,5,35,56,13,3,-8,0
5,4,-22,-13,-13,3,3,0
2,-5,-27,20,4,7,-2,5
-8,1,23,-48,-84,8,-4,-2
-7,-13,-32,-4,34,-6,1,-5
0,-2,-17,-14,19,-37,-2,-3
0,3,-1,46,54,0,-3,-1
-2,-8,-42,-85,-21,-2,3,-3
-1,8,25,25,28,-8,1,2
-2,2,20,-14,-93,-5,-7,-5
0,-9,-38,76,-35,-10,-3,-2
-2,-5,-6,1,26,-9,1,-2
3,5,11,7,-17,2,3,5
0,-5,-14,21,18,23,-5,0
0,4,-10,-23,-20,-19,-4,-5
-5,-16,-8,11,11,39,-1,3
1,-2,5,-10,-32,-27,-1,-2
2,1,4,27,41,33,1,5
-2,5,38,-28,32,0,3,-3
-2,-6,-33,5,10,-15,-5,-4
-1,1,-9,-40,34,24,3,-4
-4,2,-16,-38,-17,-26,-6,-5
-6,-9,-20,-48,-20,-4,1,-3
-1,3,7,47,-1,-23,-7,-4
-1,2,48,-1,-4,-9,-2,1
2,4,16,10,72,36,7,3
-3,-3,-18,-49,-55,-39,-3,-5
2,0,15,12,61,25,4,1
2,-4,-11,2,-5,-7,0,0
-3,-3,8,43,76,-8,-4,0
1,3,12,-42,-13,10,4,2
-2,-9,-22,-3,1,21,-1,-3
0,2,0,27,25,-22,1,0
0,-4,0,18,21,21,-1,0
0,6,4,4,12,1,2,0
2,4,36,0,12,-9,2,1
-2,-11,-37,-4,43,33,-2,-1
-8,-12,-9,-45,-128,-37,-10,-8
-1,0,24,10,-2,-10,-8,1
2,7,29,12,-2,12,-1,3
-1,6,-10,-28,2,5,2,-1
5,-7,-7,24,-22,10,-3,4
-5,-4,53,8,-28,0,2,-1
-3,6,-12,-42,-40,-12,-1,-6
-2,-2,-7,13,-40,-31,-2,2
-2,7,-13,15,26,14,1,-3
3,2,7,12,4,5,3,2
2,-2,7,14,32,3,-1,1
0,4,0,-35,12,7,1,-3
5,3,-8,18,13,6,1,3
-4,-2,0,8,-8,-11,-3,-2
4,6,19,-19,23,22,4,2
-4,-3,0,18,-35,-36,-10,-4
-3,-7,-9,-26,16,-9,3,-1
4,0,-9,23,-8,11,0,4
-4,-6,-16,43,-22,-14,-5,-3
1,3,21,33,2,19,-3,0
-3,0,7,22,-74,-6,-3,-4
0,-2,-40,-23,33,5,3,0
-5,-6,-14,-8,4,4,1,-1
3,-8,5,-37,-51,-15,-7,0
-5,6,-17,-10,20,-4,2,-4
2,-3,1,-5,-16,-1,-4,-1
-5,-1,4,-2,-3,-13,-2,-3
0,4,16,18,50,41,0,-1
-2,-4,5,-32,-45,-10,-3,-2
1,4,4,38,44,-6,0,2
-2,-3,-14,-19,-40,-16,-2,-2
-2,-10,-26,2,51,13,1,1
4,4,20,46,-29,2,2,4
-4,-3,-19,-17,-22,5,-1,-5
-2,4,12,18,23,6,-6,-3
-2,-3,-11,3,-14,-13,-1,1
-3,3,50,-33,1,3,-2,-5
-3,-10,-13,-42,45,14,-3,-1
5,-2,-11,-26,30,5,1,2
-4,6,10,-33,-28,-21,3,-4
-6,-17,-29,-4,15,-9,2,-4
1,2,3,-6,16,6,-2,0
-2,-3,-2,-4,20,0,1,0
-1,8,9,24,-59,5,-4,-2
-1,-1,7,-1,81,7,3,-2
1,0,4,-17,-74,1,-3,0
-3,-6,-24,13,-14,-12,-6,-4
-3,-8,-14,-3,22,-1,1,-2
6,9,7,3,30,3,2,5
-5,-6,-26,17,-42,-9,-2,-4
12,16,38,23,-29,23,4,12
-7,-9,-20,-12,-14,-35,-3,-9
-1,3,3,-37,1,11,3,0
2,-4,7,11,-14,1,-4,0
3,4,33,18,23,-2,1,3
-6,-4,-15,-15,-11,10,1,-5
3,5,2,-2,35,10,2,3
-3,-5,-15,-26,-20,-21,-5,-4
-3,3,-28,-17,17,-2,0,-2
6,2,18,-24,19,18,5,8
-11,-13,-25,4,26,-1,-5,-11
7,9,24,62,30,9,2,6
3,10,22,-35,-77,12,-6,1
-3,-20,-69,54,10,5,8,3
-1,8,43,22,-66,-17,-7,-6
-8,3,48,-4,15,-28,0,-8
5,9,21,40,46,10,5,3
-5,-11,-40,-35,-31,-1,-6,-6
3,-5,-12,-7,21,1,-1,3
-2,-1,-38,8,0,-1,-4,-2
-4,-8,-14,41,-49,-7,-1,-3
0,8,30,-16,26,6,-3,-2
4,1,3,46,27,13,0,4
3,7,23,-27,81,-9,4,2
-12,-26,-81,-80,-72,-42,-5,-11
6,0,-2,29,-11,-11,-3,5
0,5,-12,-9,27,8,2,1
-7,-3,6,-45,3,9,2,-4
-7,-1,-20,32,20,-15,-6,-7
1,0,23,13,30,-3,0,-1
1,3,-20,-14,-10,17,-1,1
1,-4,-33,-34,12,15,-1,1
7,6,43,34,-7,12,-5,2
-8,-4,-4,-54,0,-24,-4,-7
-1,-1,9,11,19,21,1,3
4,2,18,-24,-84,-30,-2,3
-5,-1,2,-14,39,0,0,-1
1,-1,-1,-12,-45,10,0,-1
-4,-8,-4,49,12,-15,-7,-5
-1,-5,-13,14,-17,26,1,1
2,9,31,35,-20,-2,0,-1
-4,7,34,1,6,-3,-1,-4
-5,-12,-30,-95,15,-26,-7,-3
-4,-10,-47,-23,-10,15,0,-3
-15,-19,-39,23,24,-58,-17,-13
2,5,-8,34,52,11,-6,1
-5,5,9,-4,-105,-25,-2,-3
-1,1,11,-9,3,-4,2,-1
5,-2,-3,-59,6,11,6,6
2,-2,2,12,79,22,1,-1
-1,-9,-17,-2,-13,10,-4,1
1,5,16,59,-27,-24,-4,-1
0,-1,-4,-22,-1,20,7,0
-8,-4,-17,41,-33,-31,-9,-6
3,5,5,-14,1,15,-2,-2
-3,-5,6,-22,-89,-36,-11,-5
6,5,43,-32,-32,-6,-3,6
-6,-17,-36,-2,22,-7,-4,-4
4,3,10,-37,-49,-13,4,-2
-3,-3,-32,12,8,4,-2,-1
-2,4,9,65,39,0,-4,-5
5,4,-4,-41,-49,11,-1,4
-7,-6,19,15,-45,-49,-1,-9
1,1,-1,8,17,23,-3,1
3,15,24,60,-4,-19,0,3
3,1,-9,-63,26,35,12,2
-1,-9,-11,4,23,5,1,0
1,5,20,-42,84,8,4,1
-6,-15,-63,2,1,-1,0,-7
-2,2,13,-4,-12,-24,1,-1
0,-5,-2,23,43,2,-2,3
0,0,3,-13,33,22,2,3
-4,-13,-13,-21,26,28,7,0
-4,0,20,-40,-91,6,-7,-5
7,2,-8,21,56,7,5,9
-6,-5,4,2,56,11,-1,-7
6,-8,-21,-3,26,8,2,5
-2,28,66,-47,-21,-16,0,-3
-6,-4,-41,-5,15,-19,2,-4
3,-1,2,65,-14,14,-6,3
4,9,17,-44,-19,9,2,2
8,3,9,51,70,10,1,5
-2,-8,-29,-37,-48,-6,-5,-1
-5,-1,-14,0,10,10,2,-3
-7,-8,-14,-25,-14,-14,-3,-6
3,3,-1,19,30,22,2,4
-1,-4,3,-9,2,2,1,-3
-5,-2,-18,4,-21,-6,-4,-5
-3,3,29,-1,-16,-15,0,-4
1,-9,-14,5,2,9,1,1
4,6,30,-37,-26,8,-1,0
-7,-4,-1,4,-55,-27,-4,-3
2,8,6,0,33,6,-7,0
-5,-5,7,22,-15,-22,-2,-5
-3,-1,1,-52,53,46,3,0
-1,-6,-5,17,-83,-20,-7,-3
-5,-11,-17,-26,-24,-28,1,-3
-1,-4,-15,22,-54,-4,1,2
0,6,28,22,-19,-10,-1,1
5,6,20,-35,-6,20,1,1
-4,-6,-22,17,42,17,-4,-4
-3,-8,-9,16,3,-17,-4,-2
-4,3,11,17,19,21,-3,-4
0,-5,-10,-23,-20,-20,0,-2
6,14,34,16,-78,18,1,6
-1,-5,8,34,-23,-14,-4,-1
-1,-5,-19,2,-35,-38,-3,-5
-3,-4,-7,12,22,21,-5,-4
-7,-12,-27,-32,-6,-13,1,-1
1,8,22,-39,26,19,-1,0
-1,-3,-9,14,-2,-8,-6,1
2,-3,-24,-15,27,-4,1,1
0,15,67,5,-45,13,2,1
2,5,-4,8,30,-4,1,1
-1,-7,-12,-7,-54,-10,-3,-5
0,-2,13,5,97,8,-1,2
-5,-8,-7,-20,-15,-3,-5,-7
-2,-16,-69,-31,-14,-1,2,0
-9,-11,-60,18,19,-19,-1,-9
2,-1,-7,23,46,9,1,3
1,-7,-12,-3,-70,2,-9,-1
-1,-2,1,-34,-21,-15,1,1
0,-1,-11,-30,44,-3,-8,1
-3,-2,27,-55,-37,-3,1,-3
0,0,-15,-3,81,-5,-6,-2
-1,-2,-3,24,21,3,1,-5
3,6,37,8,-5,-7,0,0
-2,2,-6,37,24,13,0,-4
6,2,15,-9,-2,-6,0,8
-11,-7,-42,-14,28,-4,0,-9
-1,-3,9,9,14,4,-1,3
-1,-1,-4,-15,-41,12,-5,-2
-2,-4,-26,4,-37,-32,2,-1
-1,4,61,54,49,25,-4,0
3,-1,-16,10,18,19,3,3
-3,-5,-14,-21,-34,-25,-4,-3
-6,10,59,9,34,-24,2,-8
3,3,20,7,-98,-7,-12,1
-8,-11,-44,2,-9,18,-1,-6
-2,-9,-33,14,13,16,0,0
-2,-1,-33,20,0,-5,1,-3
1,-3,-1,-24,39,5,5,1
2,10,39,70,70,-11,1,-1
2,-1,0,22,1,-20,0,2
4,-2,-12,12,62,36,5,1
-2,1,-16,-45,-41,-21,-1,0
-1,-4,-25,-30,9,2,-4,-1
-3,0,17,-7,-6,-20,0,-1
-1,-3,19,19,2,4,-4,0
4,-2,-8,-12,16,17,6,2
-11,0,14,-12,-83,-4,-5,-9
-1,1,13,35,13,-21,-6,-3
0,-9,-23,-6,-35,21,-2,0
-3,6,36,4,32,-9,0,-5
2,-2,-11,-14,-79,3,-2,2
3,6,26,32,19,-8,0,0
-6,9,14,-37,-39,-14,-2,-8
-5,-11,-27,29,-46,-39,-11,-7
0,-1,-3,17,26,26,-3,2
2,12,44,-32,-19,-3,6,3
-2,-5,-19,32,108,-8,0,-1
3,2,5,-6,-58,23,-2,3
3,3,12,-27,-34,-19,-1,3
0,-3,-13,3,-28,5,-4,-1
-2,3,13,15,7,18,0,0
-7,-11,-35,-18,19,15,0,-3
8,3,18,-2,-35,-35,2,5
1,9,25,40,-27,-8,0,0
-6,-2,-36,-93,-16,5,6,-3
-4,-4,17,67,73,-31,-7,-4
-3,8,36,-17,27,21,1,-4
0,-5,-49,-12,27,16,-3,1
2,-3,-17,14,25,16,-1,1
-1,-5,6,-29,-55,-17,-1,-2
1,0,5,-30,29,23,1,2
-3,-4,-14,7,-2,-27,-4,-6
-1,-1,-4,8,3,-1,-1,0
0,3,0,-11,9,12,3,1
2,2,26,21,31,-3,1,2
-1,-3,-25,-21,-28,3,-1,-2
-1,-3,-2,2,-6,16,0,3
1,-2,3,34,38,-5,0,2
-5,2,-8,-12,-32,-12,-1,-5
-3,-3,9,49,71,28,-5,0
3,7,13,22,7,-31,1,0
1,-1,12,-29,13,15,-2,2
-4,-18,-58,10,-22,-13,-4,-2
-4,4,7,-18,-2,6,3,-2
2,-4,-20,10,-33,-13,-2,2
0,-1,-19,-7,-20,10,-1,4
-1,-1,5,-26,4,9,2,0
-2,-8,-8,-22,19,2,-1,-1
0,-2,8,9,-21,-2,-7,-4
0,3,9,40,22,-9,-1,-1
2,10,23,31,22,18,-1,-1
-2,-8,-18,-25,-74,-28,-1,-1
-1,-6,-5,8,15,1,0,-1
0,0,-4,-22,-41,-1,-1,-2
2,4,19,-6,31,1,-1,2
5,-1,17,-5,41,31,-1,6
-3,-4,-32,29,40,-12,-7,-6
0,7,14,-14,14,-27,3,-1
0,2,40,-14,-29,25,0,0
-4,2,20,2,24,-42,1,-4
-4,-12,-49,-22,-28,0,-3,2
0,-6,-17,12,22,44,-2,0
0,4,1,21,18,-25,3,1
