5,7,9,7,-81,-93,-27,-2
2,1,1,4,51,21,35,14
-1,0,-5,-14,-14,-73,-45,-12
-2,1,2,-27,-83,-115,-21,-8
2,-2,4,44,82,127,63,24
-2,1,1,20,-1,-128,-36,-13
6,6,13,25,8,103,12,6
3,2,-5,-26,-87,-57,-44,-10
-13,-9,-8,-24,34,67,5,-11
12,6,2,-14,-65,-69,19,19
1,3,9,35,46,-38,0,-1
-5,-4,-8,-34,-94,32,-30,-19
2,1,6,9,52,-41,-8,4
2,2,3,-14,37,81,16,3
2,-2,-1,13,29,-17,39,12
-5,-6,-5,-18,50,96,19,6
7,6,-2,-11,-76,-68,-49,-9
-14,-13,-19,-3,-27,-50,-39,-21
-2,0,-3,4,91,127,59,9
-2,-5,-4,-6,-69,-128,-17,5
0,10,14,-4,57,83,16,-10
-12,-9,-11,9,57,127,10,-11
-12,-15,-25,-38,40,20,13,-2
8,4,5,4,-78,-58,-46,-3
-8,-14,-13,-9,42,-46,-30,-10
-3,-6,-7,-4,19,109,31,3
-2,-1,2,-16,-71,-70,-26,-9
4,2,-6,1,43,34,7,3
0,3,4,-28,20,95,-2,0
-11,-9,-10,71,64,50,-24,-22
-5,-4,-9,-13,5,86,43,6
-10,-11,-2,38,127,127,30,0
3,4,-1,-9,-75,-128,-35,-5
-1,3,6,-39,-115,-76,-14,-1
-3,-7,-10,10,97,127,24,8
-1,2,0,9,-64,-98,-37,-11
-3,-4,-2,-7,8,61,45,11
6,5,10,9,-49,-28,-25,-6
-1,-6,-13,-10,-44,-112,9,-3
0,1,5,-4,44,77,31,4
-3,-3,-8,-5,-79,-80,-15,-6
4,5,5,-11,-24,-57,-30,-5
8,8,20,25,84,81,3,14
2,1,-6,-12,-38,16,35,10
-3,-1,-2,5,45,29,7,-7
0,3,9,-2,-22,-77,22,7
-11,-12,-12,0,-20,69,7,-2
1,1,4,14,-26,-27,-19,-11
-7,-10,-14,13,-5,59,-1,-4
-2,0,-5,-20,24,74,45,9
7,9,6,-27,-100,6,-48,-1
-3,-4,0,6,4,-35,19,4
-4,-1,4,26,92,109,8,0
7,5,3,-21,-101,-89,-37,-6
-1,4,7,12,17,4,5,-1
-4,-6,-14,-28,-17,-12,-10,-3
9,9,10,10,15,1,-22,6
3,3,9,18,127,123,42,19
-1,3,3,-7,-19,47,-66,-19
5,3,7,-4,-17,-128,19,14
-6,-6,-11,-7,-26,52,-11,-13
0,3,2,-12,7,-100,-17,-6
4,2,-1,9,-27,-96,-18,-1
-7,-5,5,30,123,127,14,-5
5,1,5,-14,-35,-94,-1,9
-6,-10,-8,2,-3,37,6,2
2,1,0,-22,-77,-128,-14,-6
3,3,7,10,18,26,23,13
2,0,-1,1,21,37,-9,-2
-1,-2,-5,0,-36,112,-5,-2
5,6,10,8,72,126,47,11
-13,-13,-16,1,11,66,-15,-9
6,6,5,-21,-82,-95,-19,-2
5,5,0,11,-11,-94,-36,-2
-5,-3,6,14,81,81,6,1
3,2,-2,-11,-36,-14,-22,-5
-10,-9,-2,19,73,106,63,6
-1,-2,-5,-17,-19,-47,-7,2
0,-1,-5,4,-48,-128,-3,0
3,5,8,11,80,5,-8,-6
-9,-9,-10,-11,0,-63,21,0
8,5,0,-14,41,78,-10,5
-10,-9,-6,6,0,43,7,-7
-1,-1,0,6,18,113,-22,-10
4,0,-5,-11,9,-62,16,10
-8,-8,-9,-24,-1,-21,5,-15
1,-1,1,-3,-27,-66,5,-1
2,3,-3,-24,-68,-67,-9,6
-2,-5,-3,19,66,46,25,1
-3,2,7,5,-15,43,-49,-11
-6,-5,-7,-5,26,-54,-3,-3
2,2,9,19,65,9,7,-1
3,4,3,-2,-12,100,2,2
-1,-2,1,17,8,104,24,5
-4,-3,-4,4,49,87,-33,-12
-4,-3,-4,-13,-15,102,11,2
-4,-5,0,12,5,24,-20,-6
6,7,4,9,-53,-35,-31,-3
-4,-2,0,-8,-24,-13,4,-4
4,2,1,8,45,49,3,5
-8,-5,-3,4,-17,127,-7,-12
-10,-13,-20,-42,-54,-77,12,-1
2,3,1,2,69,97,-7,-4
1,0,-1,-13,-94,-98,1,1
0,2,5,1,3,-104,-43,-11
1,0,9,33,82,121,45,12
6,5,8,-8,-17,-7,-35,-4
-7,-9,-15,-7,3,-9,24,-5
9,8,6,4,-17,-26,-6,11
0,-1,-2,-4,-21,-66,-6,1
-4,-4,-4,-19,-53,28,11,1
-1,0,0,2,65,40,5,1
7,5,6,12,-11,-69,-54,-8
-5,-5,-3,-2,69,127,11,-3
-1,-2,1,13,45,104,38,7
1,1,3,-3,-73,-24,-32,-5
-6,-3,-5,-2,13,80,11,-6
5,4,8,14,40,-58,31,15
-3,-6,-6,-12,21,93,8,0
-12,-8,-5,14,13,101,15,-7
2,3,0,-17,-37,-34,8,8
3,6,5,-9,-109,-94,-30,-7
-5,-5,-4,-5,5,71,26,4
8,8,5,7,71,1,-8,5
-6,-7,-13,-12,-11,68,2,-3
-9,-8,-6,6,72,81,31,2
0,0,-4,-14,-103,-128,-38,-8
-3,-6,-4,-4,36,76,8,4
-3,-2,-2,3,22,-38,13,-6
-15,-15,-13,0,36,108,29,-6
10,10,5,-23,-72,-126,-22,4
1,2,4,8,-16,-8,9,7
-7,-3,-1,14,33,-66,5,-1
-1,-6,-3,-17,-79,-90,-7,-3
-9,-11,-9,-7,14,23,4,-5
6,5,1,-23,-100,-128,-55,-11
-1,-2,-3,0,6,13,14,3
-4,-2,-2,6,37,92,15,0
-3,-3,-1,15,20,-49,-2,2
-6,-1,-1,-9,-80,-118,-20,-13
2,1,2,-1,0,-33,-13,5
8,7,4,8,57,44,-26,2
-5,-1,-6,-2,0,-11,-6,-11
-12,-9,-9,-3,38,127,28,-9
-4,-3,0,7,58,115,-5,-4
7,2,3,-5,-5,-46,5,11
7,6,7,11,13,62,-1,6
10,3,-2,-14,-26,-128,42,23
-11,-7,-7,-12,5,122,-9,-8
-2,0,2,22,52,101,10,-4
1,-1,-4,-8,-24,-13,6,-1
-3,-3,1,2,-48,-92,-5,-7
7,4,0,-17,-12,-47,35,13
1,2,-1,-9,-48,-93,-37,-9
-1,-2,2,12,23,101,-14,-4
-4,-2,-6,-14,-28,-7,-18,-7
6,3,3,-9,-80,-113,-7,4
-4,-3,-5,-9,-34,19,-10,-10
1,0,1,-1,-1,11,21,6
-4,-7,-2,16,46,-14,12,3
1,2,0,5,4,-44,-17,-5
-7,-3,-10,-18,-19,82,-15,-14
-4,-2,-2,-2,-7,-89,3,2
1,-3,5,2,38,7,-15,-4
3,2,-2,-6,-109,-121,2,1
-2,1,2,2,-5,17,-10,1
-3,1,-6,-13,-16,52,-32,-8
-1,3,4,14,70,99,-5,0
-10,-10,-5,10,80,113,4,-12
3,2,3,1,-14,-125,1,5
2,2,2,-4,15,-18,2,4
0,1,0,0,24,74,8,-4
-2,-2,-1,1,-8,24,-10,-4
-7,-6,-5,-7,15,90,27,3
-5,-6,-10,-8,-46,-39,0,-5
-3,-3,-1,10,21,44,11,3
0,-1,-6,-16,-27,29,-24,-2
-1,-1,3,13,71,65,22,5
2,3,4,-6,3,97,4,1
-2,-3,-5,-3,15,108,-1,-4
-7,-5,-1,7,-10,4,1,-7
6,3,5,-1,-16,-25,-3,3
-5,-6,-3,2,4,-5,31,6
1,3,5,13,-62,-38,-24,-1
5,1,-3,-13,-18,-23,17,10
-5,0,-1,4,-16,-2,-7,-9
-3,-2,-1,0,4,50,-11,-9
-3,-3,-6,-5,35,120,19,5
-3,-2,5,1,10,-3,11,0
-3,-5,-6,10,-24,-16,-21,-9
-2,-5,-9,-19,42,43,2,1
1,1,1,0,11,10,16,0
-2,-3,-2,3,16,75,-6,-2
1,1,-1,-12,-16,-83,-2,4
2,1,1,5,4,-65,1,0
2,2,0,-8,-62,-128,-17,-1
3,5,6,15,14,-71,8,7
-7,-7,-5,-10,0,111,14,-2
3,3,4,3,-19,-51,-5,3
-8,-6,-5,2,12,51,-1,-8
8,8,4,-21,-76,-27,-55,-7
1,1,0,7,32,-51,-13,-2
-3,0,-4,5,31,115,-4,-4
-2,-9,-3,-3,-10,-55,-11,-4
-6,-4,-3,-3,11,68,4,-3
-2,-3,1,4,-6,31,13,4
-4,-2,-3,-3,34,15,-9,-10
-3,0,-4,-5,5,37,2,-2
-5,-5,-3,4,63,127,13,-1
3,1,-2,-3,-80,-128,7,5
-7,-3,2,11,19,107,-2,-7
1,2,2,2,50,54,-5,-1
1,-2,0,11,27,-40,16,2
-10,-10,-10,-7,25,120,2,-5
15,13,16,14,-31,-128,-54,-2
-1,1,0,-5,-17,6,1,-2
-4,-5,-7,2,10,84,20,4
1,3,-3,-22,-70,-124,-9,-8
0,-1,3,11,-5,-68,-7,4
-3,-2,-2,-4,53,76,-4,-1
-9,-8,-5,12,46,59,10,-2
5,3,1,-17,-51,-60,-26,-3
5,2,6,3,15,40,6,5
4,5,2,-4,-28,-35,2,2
-2,2,3,-1,-6,-66,2,2
-3,-6,-1,15,64,88,0,-4
-3,-8,-12,-9,-15,-75,-3,-2
-3,2,-1,-4,2,19,11,1
-1,-1,-2,3,-1,48,8,0
8,10,10,-2,-37,-13,-30,-2
0,-2,-3,-15,-10,14,-14,0
-7,-7,-5,4,32,121,13,-7
2,2,-1,2,-33,-126,-17,2
-2,-2,-2,-2,3,-18,16,1
-3,-3,-2,7,32,85,22,3
-1,-2,-4,-8,8,-31,-19,-1
-1,2,-1,-9,16,127,14,-6
-6,-5,-2,19,41,-74,-2,-3
0,0,0,-3,-56,41,8,-1
2,2,3,0,-15,-69,-6,2
-1,-3,-3,-10,-12,-75,-1,-4
-1,0,1,-1,59,123,10,3
-5,-3,-4,-1,-2,15,22,1
3,1,3,7,-13,-87,9,3
-5,-5,-3,-6,19,64,-28,-10
3,2,-3,-14,-53,-85,9,4
-7,-3,-5,-5,-34,-55,-9,-10
-1,-6,5,6,-18,72,-20,-5
2,0,-4,-5,5,-53,-4,3
-4,-3,-4,6,25,114,15,1
-5,-3,-3,0,47,91,11,-3
0,1,-2,3,-31,-28,8,4
3,1,1,-19,-67,-111,-18,0
-2,-1,1,3,53,31,-2,3
2,2,1,2,18,52,-7,1
-1,0,1,0,9,-21,2,-3
-4,-4,-3,10,22,16,3,-4
3,3,5,4,-27,-58,0,4
-1,-2,-7,-20,-58,-82,-13,-4
7,5,-1,-30,-100,-118,-12,5
1,3,4,11,47,57,-2,1
-4,-5,-3,11,-15,-15,-10,-6
1,-1,0,-2,12,41,25,4
-2,1,-1,0,-8,-56,-1,0
-8,-8,-8,9,25,109,0,-4
0,3,3,-11,-18,-28,-4,-7
1,-1,1,2,-42,-91,-4,1
-1,-1,-1,-2,46,20,3,2
-3,-1,1,-2,8,62,20,-1
0,2,0,2,17,28,-10,-1
-2,-6,-1,1,19,7,11,1
-6,-6,-4,8,7,53,2,0
7,4,2,-10,28,-85,-9,0
-2,-3,-1,-7,-50,-22,-5,-1
1,5,6,4,25,-49,-25,-5
5,3,1,-4,-41,-97,23,7
-2,0,4,6,-22,-40,-8,1
-1,-3,-5,-11,2,58,2,-4
-5,-4,-4,2,3,29,-3,-1
-2,-2,2,13,100,127,2,-3
3,3,1,-2,-30,-74,-16,-3
-6,-8,-6,1,5,24,20,2
1,-1,-1,8,31,63,-12,-2
4,2,2,0,10,31,2,0
0,-1,2,-4,-27,25,13,5
0,-2,-1,3,1,-76,-11,0
-4,-4,-3,-2,14,30,16,1
-6,-3,-3,-5,-74,-113,-24,-8
1,2,1,-5,-18,-41,-7,3
6,4,2,-2,47,2,-9,2
-2,-1,-4,-7,-10,0,10,0
-9,-4,-5,8,46,118,-11,-10
0,-11,-9,-25,-110,-85,-8,-8
1,1,2,2,33,67,7,4
-4,-4,-2,13,-9,-1,-3,-5
-3,-1,-1,-3,44,80,11,0
0,1,0,1,-26,-48,-20,-3
-3,-4,-2,-2,-1,-29,2,-2
3,2,3,-3,-4,5,1,2
-5,-6,-13,-12,-37,-86,-10,-7
-1,1,-1,-2,-4,-30,10,4
1,0,2,-6,-14,-11,-7,-2
-10,-6,-7,4,41,56,10,-9
4,3,6,0,-44,-57,18,7
2,6,3,-2,12,46,1,2
-5,-3,-6,-10,-25,24,-10,-3
1,3,3,5,11,22,5,0
-1,-1,-1,-1,26,62,0,0
-2,-3,-3,8,46,112,13,0
-8,-5,-2,14,36,77,29,1
5,3,-1,-28,-111,-99,-44,-5
3,1,1,-2,29,64,6,5
-1,0,1,6,33,71,-22,-6
-3,-4,-2,3,34,57,16,-1
1,0,3,14,36,81,18,4
2,1,-2,-10,-56,-128,-21,-2
-10,-6,-8,3,84,74,8,-7
0,-5,-2,-13,-42,-71,-30,-9
-2,-2,-3,-7,-31,-57,3,-2
-3,1,0,-3,75,127,26,3
0,-1,-1,8,-20,-96,20,4
1,2,-3,-4,-59,-71,-17,-1
2,1,2,6,23,-11,4,6
-3,-5,-3,-8,-35,-18,-33,-16
-3,-2,-2,-2,9,32,7,1
-1,2,3,-5,28,30,-14,-7
1,-2,-3,8,14,-18,3,1
-2,-2,1,11,13,12,5,4
2,1,3,0,-19,-51,-7,-2
0,-3,-1,2,35,91,35,10
0,0,0,-10,-15,15,1,0
1,-1,-1,4,-12,44,-6,-1
-4,-5,-4,0,7,-35,-5,-3
0,2,1,5,91,127,5,3
-1,1,-1,-3,-28,-73,-4,-6
-5,-4,-3,2,3,51,5,-3
-1,0,0,-6,-19,-26,-7,-4
-2,3,0,2,-1,11,-7,-8
3,1,2,5,67,-78,-24,-1
-4,-6,-5,-1,-47,-3,-12,-5
-5,-2,-3,6,84,122,-2,-4
5,2,1,-2,-53,-65,10,4
-2,0,-4,-1,13,127,20,4
-3,-4,0,13,50,62,3,-1
-3,-4,-4,-12,-31,10,-3,-2
-5,-3,-8,-16,-81,-124,-4,-9
-3,0,-1,0,-55,-59,-14,-5
7,5,0,-11,-52,-96,6,7
2,0,-3,-11,-51,17,-8,1
-5,-3,0,12,38,22,7,-3
-1,-2,-1,-4,-37,48,-3,-2
-5,-5,-5,1,0,-13,3,-7
7,9,11,2,-55,-73,-20,0
-4,-4,-3,5,32,75,3,0
-1,-3,-4,-6,22,111,0,-1
-2,0,-1,-7,-17,-76,-1,-1
-1,-2,-2,0,36,121,14,4
0,3,2,4,8,-10,-10,-4
3,-6,2,0,13,14,11,7
-6,-3,-1,1,33,46,0,-6
2,4,0,0,-46,-115,-17,-6
1,2,-2,-22,-98,-95,-17,2
-4,-1,-4,-1,28,42,3,-3
6,4,6,1,-4,-62,19,7
0,-3,0,14,55,46,15,2
-1,-3,-3,-4,-15,-4,-24,-6
0,-1,-2,-18,-24,-39,7,1
-4,-2,-4,10,23,-33,-31,-7
-2,-3,-2,-4,-3,31,5,-1
1,-1,-4,-3,15,55,19,4
-5,-3,-3,-6,-68,-112,-12,-5
5,4,2,-11,-23,45,-22,2
1,1,3,10,-18,-27,18,2
-2,-3,-3,-3,-10,-64,-41,-6
-3,0,2,6,-15,-16,-1,-3
0,1,-2,-10,-13,26,-4,0
-2,-1,-4,-16,-73,-86,-23,-4
-1,-4,-3,2,19,83,10,2
0,1,-2,-2,-7,52,-7,-3
-3,0,1,9,30,43,2,-3
-2,-8,-2,-6,7,-20,-1,1
3,4,2,-9,-53,-86,-23,-2
1,0,-3,-2,57,85,8,7
-1,-1,2,1,26,30,13,-4
-3,-4,-4,22,20,-42,11,3
-3,-4,-3,-3,-3,38,28,3
0,-1,-1,-1,-6,-63,-18,0
4,4,7,4,-22,-94,5,4
-2,-2,-7,-14,-51,-43,-3,-2
0,-2,1,5,20,42,-4,-3
0,-1,-3,1,23,8,5,1
-5,-5,-3,1,16,100,0,-1
-4,-2,-3,-5,20,-6,-6,-5
1,0,-1,2,19,30,33,4
-8,-5,-4,2,32,78,7,-9
-1,-3,-11,-8,-28,-28,-12,0
0,3,3,3,46,127,10,3
-7,-5,-1,3,-9,-71,-25,-9
1,2,4,7,-15,-30,-5,2
0,0,-1,-4,22,-22,1,1
1,4,0,-5,20,47,9,1
-1,-8,-1,10,51,76,-6,1
2,1,3,7,69,67,-4,3
-6,-5,-3,-2,8,0,-44,-12
-1,0,-4,-8,-6,-11,18,-3
0,4,2,4,26,-47,-4,-3
-1,-2,0,-4,-18,11,6,0
5,1,2,6,52,103,4,6
-6,-6,-3,-2,16,2,-10,-6
-7,-6,-5,-6,9,60,16,-1
1,-1,-2,-6,-14,-70,7,5
2,2,-1,-6,-66,-83,-7,-1
-5,-5,-5,-1,1,29,-2,-5
0,1,1,0,-26,-21,-5,0
2,1,-1,-11,-39,-22,-10,-1
-2,-3,-1,-5,28,125,11,-4
-1,-2,1,11,12,18,1,2
0,0,-3,-13,-38,30,-5,0
-4,-4,-1,21,50,-9,-25,-11
-7,-3,-4,-20,-68,-82,-3,-6
1,-2,-3,1,26,14,-7,-4
5,6,5,-11,-39,-76,-23,-5
-3,-2,-2,5,24,61,-4,-6
4,1,-3,6,9,15,5,6
0,-2,-5,-13,-5,-6,-1,5
-6,-6,-5,0,-5,-14,2,-5
0,0,0,-11,-51,-85,-4,-1
-2,-1,1,5,-5,6,-5,-6
-4,-4,-4,-11,-3,18,27,2
9,6,2,1,-16,-9,-11,4
-7,-6,-6,-5,-27,-8,-6,-7
-8,-8,-7,-1,24,51,20,0
0,-1,2,-2,-17,-13,-16,-2
4,0,-1,-13,-78,-45,-5,3
-4,-3,-3,6,-3,84,21,0
6,5,7,9,61,53,2,5
0,0,7,11,36,28,4,2
-7,-6,-5,0,42,81,10,-4
-2,-1,-4,-6,40,91,1,-3
-3,-3,-2,9,-9,-23,16,-1
4,5,1,-2,-33,-58,-37,0
0,5,2,-4,33,67,17,-3
-6,-5,-2,10,57,119,23,-2
-8,-8,-7,5,-8,80,20,-1
-3,-3,-5,-17,-81,-100,-28,-10
3,2,3,8,9,-34,0,8
9,9,6,-5,-44,-75,-15,5
-4,-3,-6,-15,-7,32,12,0
-5,-5,-4,15,28,44,-22,-5
-9,-8,-8,1,1,88,18,-4
7,5,6,1,-37,-98,5,10
7,9,4,-22,-88,-95,-35,-4
1,0,0,6,37,127,-9,0
-6,-5,-2,11,35,50,15,-5
-4,-2,2,19,47,79,14,1
1,0,0,-18,-59,-105,-1,-1
-1,-1,-3,-7,-34,-13,0,-2
-2,-1,-3,-8,-15,30,-17,-5
-2,-2,1,-3,-23,-81,3,-3
-6,-6,-2,16,96,89,-2,-3
5,3,6,1,2,-20,20,5
-4,-5,-5,-2,13,8,12,2
-3,-2,-6,-14,-42,-10,-20,-8
2,3,4,12,61,83,25,10
-4,-1,0,-4,-54,-84,-28,-10
-3,-5,-6,-15,-7,-32,4,-1
6,4,1,-16,-88,-83,-24,-2
-4,-6,-7,3,41,66,-12,0
2,3,4,1,-9,-50,12,-2
7,9,4,-6,-60,-71,-19,1
-8,-10,-4,-4,3,39,-3,-7
-4,-5,-1,9,-2,7,-5,-4
1,1,-4,-12,-5,49,17,2
0,-3,-6,-20,-62,-76,-24,-4
0,3,-1,1,39,78,-15,0
5,1,2,6,16,26,4,2
-6,-4,2,20,47,51,13,0
-3,-2,-1,-2,21,-29,-6,-4
-7,-8,-8,-7,76,127,32,7
-3,0,-4,-15,-54,-106,-21,-12
-1,-3,-3,21,60,52,9,3
2,2,3,5,12,29,10,5
-6,-5,-5,4,-21,-29,-4,-7
2,2,1,-2,0,-58,1,3
-1,0,2,3,-2,0,-6,0
2,3,-2,-9,-67,-96,-11,-1
4,-4,2,3,5,-37,3,2
3,3,4,2,4,-9,1,3
2,2,2,4,-12,1,-5,-3
-4,-3,0,1,41,71,5,-3
9,10,5,-11,-90,-128,-18,5
-4,-6,-5,-2,-18,35,-4,-7
0,-3,-3,-5,30,36,16,5
-3,-2,1,18,40,58,-11,-2
-4,-3,-5,-7,27,93,17,-3
-6,-6,-8,-3,-12,25,0,-3
-3,-3,-3,-12,18,-32,10,-7
2,0,2,-5,-35,-85,-23,-5
-4,-1,0,9,35,52,9,-2
-1,1,-1,1,-7,40,11,4
-7,-8,-7,-8,-19,59,1,-4
2,-2,-2,-10,-33,-8,4,1
-3,-3,-1,5,10,-51,-6,-4
3,1,-5,-17,-36,-47,-16,-2
-1,1,-2,-4,20,37,6,0
-6,-6,-2,9,51,88,6,-2
0,2,2,0,-13,6,2,2
-3,-2,2,13,74,88,1,-4
0,-3,-5,0,-3,-23,-5,1
-2,-4,-7,-14,-70,-67,-10,-3
-2,0,-2,0,11,0,4,-7
0,1,4,11,47,0,-8,-3
2,2,2,-9,31,31,6,3
-2,0,0,12,8,-52,12,2
-2,-3,-10,-22,-6,-8,-20,-6
0,1,-1,-6,-47,-97,-3,-1
3,3,3,13,11,40,4,6
-3,-1,-2,0,26,-1,-2,-6
0,0,1,8,81,72,-6,-1
5,4,6,-4,-39,-99,-6,0
-7,-6,-5,4,15,53,-9,-8
-3,-4,-5,-3,64,127,11,-3
4,2,-1,-12,-60,-68,-29,-1
5,3,1,4,23,-71,-2,5
-3,1,0,-3,-22,-9,-26,-4
1,-1,2,6,43,103,7,7
-2,0,0,1,9,17,17,-7
-4,-5,-4,-6,-21,18,-2,-2
7,6,3,-8,-4,14,10,8
2,3,0,-9,-37,-102,-31,-5
-3,-2,0,12,47,123,27,4
-5,-5,-1,5,-9,-58,1,-3
-8,-11,-11,-8,50,92,24,0
0,-2,1,0,-8,38,-6,-2
-4,-4,-3,-8,-14,-57,11,2
0,1,2,5,16,-34,-32,-8
0,1,-1,-11,-36,-31,21,-1
-3,-3,-3,10,81,114,21,3
3,2,1,-7,-99,-69,-21,2
-10,-7,-9,-13,38,127,9,-3
1,5,5,3,-12,-92,-21,-5
4,-3,2,8,53,74,22,8
-6,-4,-2,5,36,81,7,-1
0,2,1,3,-10,-27,9,6
0,-2,-2,-10,-26,-34,-12,0
2,1,0,3,-12,-63,1,0
-4,-4,-3,-3,-7,-5,3,-2
3,-1,-4,-9,-26,36,9,1
-3,-1,-6,-11,-76,-59,-44,-12
1,3,1,-3,10,92,-6,-2
-2,-3,2,12,73,96,-7,1
-1,2,-2,-8,-18,-5,-5,-6
0,1,4,4,8,-31,-2,0
-3,-2,2,2,29,34,4,-1
3,3,0,12,1,21,-2,5
-2,0,0,-13,-69,-31,12,-1
-2,-4,-3,4,3,2,2,0
-3,0,3,11,17,14,-4,1
-1,-2,-5,-7,-42,-115,-3,-1
-1,-1,-1,3,39,95,25,7
-2,-2,-1,-7,-20,-47,-11,-5
-3,-2,-3,2,-28,-83,-6,-5
1,-1,0,-14,21,113,18,5
-2,-3,-2,4,0,-3,9,-2
2,2,2,-8,-74,-57,-13,1
-6,-5,-4,3,58,73,-20,-7
0,-2,-4,-10,-83,-61,12,-4
5,2,5,0,-5,-76,-6,3
-2,-1,-1,6,56,127,19,4
0,1,-4,-15,-53,-56,-11,-7
0,0,-3,-9,3,-49,-6,0
-5,-3,-5,-5,21,108,-2,-3
-4,-5,-7,10,-2,-56,5,-1
2,1,0,-15,-67,-124,1,5
-4,-3,-1,2,28,94,-17,-8
-2,-1,2,0,14,-62,13,1
-2,0,-2,-8,20,50,1,-1
-2,2,2,8,13,28,13,0
0,-6,-7,-10,10,14,17,4
-1,-4,-4,-9,-50,-28,-27,-3
4,2,-1,0,12,35,-22,-3
-4,-3,-1,6,13,80,21,1
-2,2,2,0,14,-10,7,1
0,0,3,4,-27,-75,-28,-6
-2,-3,-1,6,11,41,17,6
3,4,0,-12,-17,-38,-14,0
0,1,1,6,11,-4,-12,-3
0,-2,-4,3,6,-7,-6,1
-2,-1,-1,2,44,41,13,0
1,1,2,4,-30,-13,-8,-6
-1,-1,4,9,13,-48,-15,-3
2,2,-1,0,19,44,6,1
0,1,-1,-13,-53,-49,-9,-5
-4,-4,-2,3,20,34,11,-1
-4,-4,-5,-10,-78,-105,-20,-5
-4,-3,-3,-5,-6,45,7,-2
4,2,4,1,9,-3,0,2
0,-3,-2,-1,58,-7,4,1
2,2,-2,-2,-29,-38,-26,-8
2,2,1,-10,-10,-64,-2,2
-8,-8,-8,-13,2,18,19,-2
-2,-4,-6,6,29,38,17,8
2,3,4,3,-30,-87,0,4
-5,-4,-2,10,27,84,-6,-7
-3,-3,0,6,14,85,-1,-1
0,-1,-3,-5,-7,32,4,-2
-11,-12,-10,15,96,127,30,0
9,9,9,2,-14,67,10,8
-4,-2,-2,-9,-58,-128,-13,-9
-2,-1,1,5,-11,-28,-21,-3
0,0,1,0,-16,-27,20,0
-5,-6,-4,6,6,-33,-12,-6
2,1,3,13,75,-10,18,5
1,1,-2,-21,-53,-16,-18,-2
-2,-1,-3,7,17,23,-5,-3
0,0,3,7,19,-49,17,5
4,1,-2,-15,-69,-72,-5,3
-5,-3,-5,2,41,50,-14,-7
0,2,4,-8,-10,66,-2,-2
-6,-6,-7,1,3,-7,3,0
-1,-1,2,12,8,117,-4,-1
0,-3,-4,-17,-76,-96,0,-1
8,8,1,-20,-78,-77,-46,-7
-1,-3,-4,-1,17,46,8,-3
-3,-3,-1,8,55,78,8,2
1,0,1,-6,-47,-32,15,-2
-3,-2,-3,-1,4,9,1,0
-1,1,2,1,11,16,-10,2
-2,0,-4,-13,23,76,16,-1
1,2,0,1,0,-59,7,6
1,0,-3,-6,-34,-106,-5,0
-2,-3,0,4,32,42,9,0
-5,-5,1,6,-7,72,-7,-6
4,1,4,5,-29,-93,1,4
0,0,-1,-3,51,34,-9,-1
-1,2,-1,-2,-37,-23,16,-2
-1,1,-1,1,17,-5,10,2
-5,-7,-6,-5,-49,-27,-1,-3
3,5,4,-10,-5,-73,3,-1
-1,-1,-4,7,13,45,-4,0
-1,0,1,4,-4,-22,-7,0
-4,-3,-4,-2,20,86,11,-2
-3,-4,-4,-4,8,101,22,5
0,0,0,-7,-68,-128,-23,-5
0,-1,-4,-13,-26,9,-13,-6
3,2,2,6,56,100,12,5
-3,-3,-1,15,16,-23,-3,-3
-2,-3,-3,-5,-6,2,-5,-2
-1,-1,3,12,9,-17,-9,-1
2,0,-3,-10,-4,12,-16,-5
-2,-5,-1,-1,-25,-76,5,1
-4,-2,1,18,108,122,5,2
6,5,1,-18,-77,-100,-18,-1
-1,-1,3,23,84,70,-10,-5
-4,-2,-3,2,8,45,12,-1
1,3,3,-1,21,22,-11,0
-1,0,2,-2,-4,13,-1,1
-4,-1,4,22,67,53,7,-6
-1,-1,-1,-3,-47,43,-6,-1
-2,-3,-6,-15,-31,18,1,-4
-1,-2,-2,2,23,-16,12,3
-2,-3,-1,-2,-43,-80,-17,-3
-2,-3,-3,1,39,69,10,0
0,-4,-4,-14,-3,70,22,5
-2,-1,-4,-6,-28,-86,-28,-8
-1,-2,-7,-12,-19,5,4,1
-3,-3,1,3,-7,2,-2,-5
-1,-1,2,5,67,59,2,0
1,-1,-3,-1,-10,-22,-1,-1
-4,-3,-1,-5,14,38,-4,-7
0,0,-2,-3,25,41,12,5
-3,-4,-4,2,2,-20,-5,-7
3,4,4,10,7,-31,2,6
-7,-6,-6,-5,-7,23,11,0
3,0,3,-7,-43,-84,-30,1
-6,0,0,-2,-41,-32,-30,-11
0,-1,0,6,14,39,19,3
5,6,0,-12,-69,-53,1,7
-2,-2,0,4,37,-48,-12,-7
-4,-8,-7,6,13,37,13,0
2,2,1,-1,-2,-42,-11,-1
-3,-3,-2,2,19,53,4,-5
-1,-2,0,-4,18,55,12,1
2,1,-2,-9,-70,-108,-15,-1
-6,-6,-5,2,38,110,1,-5
1,-1,1,1,-21,-109,0,0
-2,0,-1,3,-27,12,-21,-5
4,3,0,-17,-88,-128,-22,-2
-2,-3,-2,-3,33,94,8,2
4,3,4,2,-9,-48,-10,2
-7,-5,-5,2,25,118,10,-5
0,-3,-3,-7,-25,-7,6,2
-1,-2,-1,1,-5,-40,-3,-4
0,0,-2,-9,-22,-23,-6,-2
2,2,6,21,84,107,30,9
-4,0,0,6,31,11,-4,-7
-6,-7,-6,-2,35,3,0,-4
-3,2,1,3,-1,54,-4,-1
1,-2,-5,-5,16,5,7,4
6,3,2,3,36,-11,14,8
-1,-1,1,4,-5,36,-15,-3
-4,-2,2,13,95,82,29,-3
2,0,-3,-20,-95,-105,-25,-4
2,1,5,13,21,113,20,4
3,2,-1,-5,6,-12,10,5
-4,-6,-4,6,21,30,7,5
-3,1,0,-2,-24,-69,-12,-5
-2,-1,0,-8,3,72,3,0
8,8,8,1,-78,-73,-23,2
-3,-3,-3,-9,-10,42,-22,-8
-3,-2,1,8,2,35,7,-1
-4,-5,-4,-12,49,82,-11,-3
3,-2,1,4,-65,-61,53,14
-2,2,-3,-19,-71,-128,-48,-12
-3,-3,-4,4,27,43,-2,-5
-2,-2,2,6,2,21,-4,-1
-6,-7,-4,0,34,-3,6,-5
8,4,3,1,9,2,-1,4
7,5,6,3,22,-13,-1,0
-4,-2,-7,-5,-14,33,-26,-6
-6,-3,-5,-5,25,46,-4,-5
5,3,5,8,39,29,-10,2
-3,-2,-1,-2,3,-76,-10,-4
2,1,3,11,19,12,0,0
-3,-2,-7,-17,-38,-82,-13,-7
-5,-5,-4,10,61,63,7,-1
2,-1,-3,-3,11,87,17,4
0,0,-5,-13,-92,-128,-38,-7
-8,-2,2,17,31,113,13,-5
0,-6,-5,-14,-37,-69,9,0
0,0,-2,1,-37,-13,-4,0
-1,-1,3,0,-15,-14,5,1
1,1,3,9,80,94,18,3
-4,-2,-8,-1,-40,-32,-6,-5
-2,-1,2,7,5,58,2,-3
-1,-1,-1,-7,38,-9,11,3
-2,-1,-4,6,18,35,-6,-4
3,3,3,-10,-48,-69,-7,-1
-2,-2,0,-3,-2,-33,-12,-1
-2,-1,2,9,31,66,14,2
-2,-1,-4,-7,-2,14,-1,1
0,-1,-1,-11,-59,-45,-28,-2
-2,-5,-4,-4,31,62,-3,-4
0,1,0,2,-5,-20,8,-1
5,4,0,-15,-33,-55,-15,3
2,3,4,10,-4,-10,-11,0
0,-1,1,-1,1,11,16,4
1,0,-2,1,-1,-102,-8,-1
2,0,-2,-14,-72,-77,-10,0
-4,-1,0,4,31,74,14,1
3,3,1,-5,3,-22,-6,2
-3,-4,-6,8,7,34,22,2
-10,-7,-2,9,15,-56,-47,-16
1,0,0,-8,-30,-15,10,2
-1,-1,-1,-3,-13,-25,-3,-5
-2,-1,1,5,10,41,-6,-6
1,-1,-5,-6,25,81,16,5
-3,-3,0,7,13,22,2,-2
-3,-3,-6,-10,3,-43,-6,-2
0,0,1,10,43,-12,5,1
-2,-1,3,8,-12,30,0,-2
0,-1,-1,-1,2,7,21,5
0,0,-3,-10,-43,-57,-9,-1
-1,-1,-2,-5,-6,9,-7,-2
0,-1,-1,-4,-8,-6,5,1
-5,-3,-4,3,16,61,-13,-3
-3,-1,1,8,24,53,16,-4
-4,-2,-4,-5,-19,-2,-3,-5
-1,-3,-6,-13,-53,-80,-15,-5
0,-2,-1,-6,-2,-61,-10,-1
-4,-3,-5,-1,20,92,0,1
-1,-1,1,-3,2,75,10,-3
0,1,1,4,13,2,9,2
-4,-4,1,0,34,70,-3,-4
0,-1,-4,-9,-101,-128,-33,-5
-2,-2,-7,-13,-18,36,-2,-7
0,-1,-1,3,25,101,20,1
-1,-1,-4,-11,-6,38,-9,0
1,1,0,9,63,83,10,1
-2,-3,0,3,-30,-43,-6,0
-3,-3,-4,-6,-15,33,-6,-6
4,2,5,10,1,-18,0,3
-2,-1,-4,-7,1,4,4,0
-2,-1,-3,-6,-15,32,4,-1
5,3,5,-3,-44,-93,-9,6
-5,-4,-2,7,19,-36,-6,-12
-1,-4,-2,8,55,82,10,5
6,7,6,-8,-68,-128,-8,0
-4,-4,-7,9,29,46,-7,-3
-4,-5,-9,-5,40,117,14,0
2,2,2,-4,-27,-72,-2,0
1,-2,5,11,25,-33,-13,3
-2,-4,-5,-17,7,54,2,-4
2,1,-2,-3,-23,-37,5,3
-3,-3,2,12,24,51,6,-3
-1,-4,-10,-17,-82,-75,-4,4
3,4,6,1,-24,-45,-15,-3
-1,-1,-3,-8,6,5,5,1
-4,-5,-8,-21,-25,7,-2,0
3,4,7,13,24,1,12,4
0,2,8,23,-17,-37,8,3
3,2,-4,-25,-89,-123,-16,-1
-1,1,0,0,4,81,-5,-1
-2,-2,-5,-8,-13,-8,-3,-3
5,3,6,0,1,19,-4,5
-4,-5,1,31,62,94,6,-5
-1,-1,-5,-16,-102,-93,-4,-3
-4,-4,-4,-8,2,-47,-21,-5
-2,-3,-6,-8,48,65,5,0
1,2,3,-7,-53,-77,-33,-8
-2,-3,-2,5,39,42,12,-1
-3,-2,-2,1,53,86,20,1
-3,-3,-5,-17,-28,-12,-6,-5
3,0,2,16,-2,-18,-2,1
-1,-2,-2,-7,2,-8,-5,-3
1,0,1,0,12,127,8,-3
2,2,2,7,-1,-90,4,6
-4,-5,-8,-11,-3,114,19,-1
0,3,4,8,4,-113,-13,0
-6,-5,-2,3,19,24,6,-2
-3,-2,-7,-10,-10,35,-12,-2
1,1,0,-3,-2,22,26,5
-3,-3,-1,10,44,100,-15,-8
1,-2,0,-6,16,25,4,1
4,5,11,26,62,8,-2,-4
1,0,0,-3,-18,-39,0,4
-2,-3,-7,-7,2,69,5,-3
-1,3,2,2,11,40,29,3
5,-3,-1,5,-8,15,3,1
-8,-2,4,4,10,-11,6,2
4,3,3,-3,-7,16,-17,-4
0,-2,-2,7,39,87,1,2
-2,1,-5,-10,-14,9,2,0
-1,0,0,0,-1,-39,-18,-7
-6,-4,-5,2,-2,53,21,3
1,3,3,-14,-37,-118,-18,2
-1,-3,-3,-6,26,33,-10,-2
-1,-4,-3,1,46,65,-6,-4
0,0,1,-2,17,12,-1,2
2,0,0,6,24,-65,-6,-1
-4,-2,2,-7,-42,-71,-20,-5
-5,-4,-6,-6,-1,14,26,-1
4,0,3,5,-18,-126,-3,2
-1,-2,-4,-6,-22,42,2,0
0,2,2,3,47,60,-22,-7
0,0,-4,-2,-44,-66,-7,-2
-1,0,-2,2,-7,28,-3,0
-1,-1,-2,-6,0,74,3,0
-7,-5,-6,-10,0,60,12,-3
7,5,11,13,27,0,-9,3
-2,-3,-4,3,-16,-103,-3,-2
-3,-4,-5,-5,-11,-3,-10,-2
-4,-3,-5,0,18,82,20,-1
5,3,6,0,32,20,12,9
1,2,3,-7,-48,-50,-21,-8
-4,-4,-3,6,22,6,-5,-8
2,0,2,4,-22,-43,3,1
-6,-5,-3,-4,-9,84,-8,-2
0,-1,-2,-1,-12,-54,10,4
-1,-1,0,7,8,35,5,-2
1,-1,-3,-6,-69,-84,-3,-2
3,2,2,2,-16,-22,-13,1
-4,-4,-5,-8,27,52,2,-5
1,2,-3,-12,-64,-93,-21,-3
-3,-4,-3,0,16,50,17,3
1,1,4,9,-2,-34,2,-1
0,0,-3,-11,-40,-66,5,4
-2,-2,-5,-10,-38,-67,-31,-9
-9,-7,-6,0,38,104,6,-10
-4,-2,-6,-5,36,37,5,-2
-1,-1,-4,-8,-13,127,8,0
-4,1,2,13,25,69,4,-4
-4,-6,-9,-12,-5,27,0,0
0,1,-4,-4,-80,-63,-11,-7
-3,-3,-4,-5,44,85,20,0
2,-1,5,16,23,-45,-8,2
-2,-2,-4,-11,-11,13,-4,0
-2,-4,-4,-6,3,15,10,-1
8,7,11,14,9,-61,-43,-2
-3,-5,-7,-7,-20,-11,0,3
1,1,-1,-7,-10,27,-3,-5
-1,1,-1,-8,-21,-86,-7,-2
-5,-5,-1,9,68,82,1,-3
-3,-3,2,9,-11,-44,9,1
4,5,1,-6,14,30,-8,1
-4,-6,-7,0,49,60,-2,-4
0,1,2,6,-5,-3,35,2
-6,-5,-8,-2,67,50,-3,-3
4,3,0,-15,-100,-118,-22,0
4,3,2,0,3,28,4,1
-6,-7,-3,5,23,-6,-3,-1
1,2,4,13,49,77,34,5
-5,-5,-4,3,2,-101,-6,-5
-4,-6,-1,10,73,110,20,3
-1,-3,-5,-13,-93,-95,-10,-2
-1,-3,-2,-2,26,50,11,0
-3,-1,3,10,39,-24,-8,-4
0,-1,2,5,32,-5,9,2
-1,1,3,18,77,62,5,-1
6,4,4,-8,-71,-99,-14,0
-3,-2,-2,-6,-20,6,12,-2
-4,-1,-1,1,32,84,-2,-2
3,2,0,-9,-70,-63,-5,1
1,0,-1,-7,0,-85,-16,-2
-1,-1,2,13,39,77,8,3
0,-2,1,3,23,68,9,3
0,1,4,1,17,69,-4,-3
-1,-2,1,1,-11,20,1,1
3,1,-1,-7,-49,-77,-15,-2
-3,-3,-3,-2,15,46,-6,-8
1,-1,-4,-22,-92,-71,-4,1
-3,-2,-2,4,48,96,-4,-6
2,2,3,16,4,-2,4,5
0,1,-1,-17,-21,-4,1,-1
-2,-2,-3,8,13,-14,-31,-7
-1,1,-2,-7,-5,31,5,-1
3,-3,-3,-5,-2,17,3,0
-1,-1,-2,-4,-120,-128,-16,2
-6,-3,-1,-1,22,119,11,0
0,0,-4,-7,-20,-51,-5,-2
0,1,0,1,10,7,-2,-1
-1,1,-5,-11,-25,11,2,-3
-3,0,0,-1,-6,19,-3,-1
-2,-4,-4,0,8,-10,-21,-4
1,2,3,3,14,16,23,3
-2,-3,-3,-7,56,99,-4,-6
3,1,-3,-9,-85,-128,-31,-2
0,1,3,3,34,45,1,0
-6,-6,-6,-3,-7,19,-4,-2
-3,-1,0,0,-25,-29,-6,-1
0,-1,1,23,70,119,26,1
0,-2,-8,-24,-53,-91,-6,0
-5,-8,-7,3,43,65,2,-3
6,5,4,-4,-72,-71,-4,6
-4,-3,-3,-3,64,106,3,-6
3,3,4,-1,-45,-36,5,3
4,4,5,-5,-28,-29,-19,2
-1,-2,0,2,32,-60,-3,-3
-1,-3,-4,-2,39,50,3,-1
-5,-2,-3,-4,-42,-59,13,-5
-7,-5,-5,-4,49,87,-3,-4
4,1,2,4,0,9,5,2
1,-2,-2,-2,-26,-96,-14,0
-3,-2,-1,5,28,55,22,4
-2,-2,0,-4,-11,20,-20,-5
-2,1,1,1,5,-35,-17,-4
-3,-3,-2,0,47,40,8,-3
4,2,2,-2,-26,-17,-1,2
-2,0,1,6,14,-15,14,2
2,-1,0,1,-2,19,7,3
-1,-1,0,3,7,-30,-1,2
1,1,-2,-5,7,27,-3,0
-3,-1,-1,0,2,33,1,1
1,2,2,2,-45,-63,-23,-2
-3,-2,-3,-8,-6,47,5,-2
-1,-2,2,3,26,103,5,1
0,0,-1,-5,-44,-95,4,0
-6,-6,-6,11,40,91,15,0
4,4,3,-15,-87,-103,-2,4
-3,-2,-1,-7,-24,-106,-30,-8
0,0,0,7,43,-59,2,1
-6,-6,-5,-4,-21,-5,14,-1
3,2,-2,-20,-60,-61,-10,-1
-5,-2,-4,-1,16,11,6,-1
4,3,0,-4,10,-33,-8,3
-2,-1,-1,-2,22,37,5,-3
-8,-3,1,14,43,41,7,-4
4,1,-3,-5,-38,-26,-13,0
0,0,0,-3,-1,-68,-11,1
1,-2,-2,7,-14,0,-6,1
2,1,2,-13,-65,-96,-22,-10
-1,0,4,9,26,71,-2,0
-1,0,0,7,17,98,13,0
-4,-3,-6,-11,-6,21,-1,-4
1,0,0,-4,-17,-23,-26,-1
-2,-3,-2,9,21,20,9,-4
1,1,3,-4,-77,-96,-2,2
-3,-3,-3,-1,41,51,12,0
0,-2,-4,7,42,104,6,2
-1,2,1,-3,-2,30,0,0
-5,-6,-4,0,8,119,6,-3
-3,-2,0,9,87,70,25,0
3,3,0,-9,-18,-45,-28,-3
-4,-3,-2,3,27,110,19,-3
-2,-3,-5,-10,1,33,8,-1
-4,-3,-5,2,-5,-15,-16,-6
-2,-3,0,12,37,52,37,7
3,2,4,-2,-38,-76,-16,-1
-1,-1,-1,1,0,21,-21,-2
2,2,1,-17,-38,-2,-17,-8
0,1,-3,5,41,76,-1,0
-5,-5,-7,-2,9,72,-1,6
0,2,0,5,12,85,11,-1
-2,-2,-5,-10,-8,21,-21,-3
-7,-6,-1,14,15,2,31,4
4,3,0,-18,-78,-84,-52,-8
