(-0.204284668, -0.6795044, 0.640014648, 0.29473877)
(-0.204406738, -0.679931641, 0.6395874, 0.29473877)
(-0.204528809, -0.684448242, 0.6345825, 0.2949829)
(-0.205627441, -0.6890869, 0.6292114, 0.294921875)
(-0.206787109, -0.695068359, 0.6222534, 0.2947998)
(-0.207580566, -0.700439453, 0.616027832, 0.294677734)
(-0.2074585, -0.7056885, 0.609985352, 0.29473877)
(-0.2074585, -0.7056885, 0.609985352, 0.29473877)
(-0.207397461, -0.7122803, 0.6022949, 0.29473877)
(-0.207397461, -0.7122803, 0.6022949, 0.29473877)
(-0.208251953, -0.7211914, 0.5913086, 0.29473877)
(-0.2098999, -0.730285645, 0.579772949, 0.294128418)
(-0.21105957, -0.7364502, 0.572143555, 0.29284668)
(-0.210327148, -0.7394409, 0.568847656, 0.292114258)
(-0.210327148, -0.7394409, 0.568847656, 0.292114258)
(-0.208984375, -0.743286133, 0.5645752, 0.291748047)
(-0.20916748, -0.7495117, 0.556518555, 0.2911377)
(-0.20916748, -0.7495117, 0.556518555, 0.2911377)
(-0.2109375, -0.7578125, 0.545043945, 0.289978027)
(-0.2109375, -0.7578125, 0.545043945, 0.289978027)
(-0.212890625, -0.7657471, 0.533935547, 0.288635254)
(-0.213989258, -0.771789551, 0.5251465, 0.2876587)
(-0.213989258, -0.771789551, 0.5251465, 0.2876587)
(-0.21472168, -0.7776489, 0.5165405, 0.2869873)
(-0.215576172, -0.7836914, 0.5076904, 0.285644531)
(-0.216064453, -0.7896118, 0.498901367, 0.284484863)
(-0.21661377, -0.7932129, 0.4932251, 0.283935547)
(-0.21661377, -0.7932129, 0.4932251, 0.283935547)
(-0.21661377, -0.7954712, 0.489501953, 0.284057617)
(-0.21661377, -0.7954712, 0.489501953, 0.284057617)
(-0.216064453, -0.798156738, 0.4854126, 0.283996582)
(-0.214782715, -0.801269531, 0.481140137, 0.28338623)
(-0.214782715, -0.801269531, 0.481140137, 0.28338623)
(-0.21270752, -0.8032837, 0.4786377, 0.2835083)
(-0.21270752, -0.8032837, 0.4786377, 0.2835083)
(-0.21105957, -0.805542, 0.475219727, 0.284057617)
(-0.21105957, -0.805542, 0.475219727, 0.284057617)
(-0.209350586, -0.807739258, 0.471801758, 0.2849121)
(-0.203552246, -0.8130493, 0.464355469, 0.286193848)
(-0.205078125, -0.816040039, 0.460510254, 0.282714844)
(-0.205078125, -0.816040039, 0.460510254, 0.282714844)
(-0.2064209, -0.8167114, 0.459228516, 0.2819214)
(-0.2064209, -0.8167114, 0.459228516, 0.2819214)
(-0.207885742, -0.816894531, 0.4586792, 0.281188965)
(-0.209106445, -0.8173218, 0.457763672, 0.280517578)
(-0.209106445, -0.8173218, 0.457763672, 0.280517578)
(-0.211364746, -0.8178711, 0.456726074, 0.278930664)
(-0.2119751, -0.818481445, 0.4557495, 0.278259277)
(-0.2119751, -0.818481445, 0.4557495, 0.278259277)
(-0.2119751, -0.818481445, 0.4557495, 0.278259277)
(-0.21270752, -0.8187866, 0.45513916, 0.277832031)
(-0.2130127, -0.8185425, 0.455932617, 0.276977539)
(-0.2130127, -0.8185425, 0.455932617, 0.276977539)
(-0.213500977, -0.818664551, 0.455688477, 0.276611328)
(-0.213500977, -0.818664551, 0.455688477, 0.276611328)
(-0.214599609, -0.8187256, 0.455688477, 0.2756958)
(-0.216125488, -0.8189087, 0.455322266, 0.2744751)
(-0.216125488, -0.8189087, 0.455322266, 0.2744751)
(-0.215820313, -0.8198242, 0.455810547, 0.271240234)
(-0.216003418, -0.8200073, 0.455078125, 0.27166748)
(-0.216003418, -0.8198242, 0.4550171, 0.272338867)
(-0.216003418, -0.8198242, 0.4550171, 0.272338867)
(-0.214294434, -0.8190918, 0.456481934, 0.273376465)
(-0.214294434, -0.8187866, 0.457580566, 0.272583)
(-0.215271, -0.8184204, 0.458740234, 0.270874023)
(-0.215271, -0.8184204, 0.458740234, 0.270874023)
(-0.215759277, -0.818481445, 0.45892334, 0.270019531)
(-0.215759277, -0.818481445, 0.45892334, 0.270019531)
(-0.215515137, -0.8180542, 0.460632324, 0.2685547)
(-0.215515137, -0.8180542, 0.460632324, 0.2685547)
(-0.215148926, -0.81829834, 0.460632324, 0.268188477)
(-0.21472168, -0.8182373, 0.4613037, 0.267456055)
(-0.214538574, -0.8183594, 0.461181641, 0.2675171)
(-0.214538574, -0.8183594, 0.461181641, 0.2675171)
(-0.214538574, -0.8183594, 0.461181641, 0.2675171)
(-0.214538574, -0.8183594, 0.461181641, 0.2675171)
(-0.2142334, -0.818664551, 0.460876465, 0.267333984)
(-0.2142334, -0.818664551, 0.460876465, 0.267333984)
(-0.2140503, -0.8189697, 0.460449219, 0.2672119)
(-0.2140503, -0.8189697, 0.460449219, 0.2672119)
(-0.213867188, -0.819152832, 0.460388184, 0.267089844)
(-0.2133789, -0.8220825, 0.456115723, 0.265686035)
(-0.2133789, -0.8220825, 0.456115723, 0.265686035)
(-0.213134766, -0.8222046, 0.4560547, 0.265625)
(-0.213134766, -0.8222046, 0.4560547, 0.265625)
(-0.212890625, -0.8220825, 0.456115723, 0.266052246)
(-0.212890625, -0.8220825, 0.456115723, 0.266052246)
(-0.212890625, -0.8220825, 0.456115723, 0.266052246)
(-0.212890625, -0.8220825, 0.456115723, 0.266052246)
(-0.2130127, -0.8222656, 0.455688477, 0.266235352)
(-0.213928223, -0.820922852, 0.4569702, 0.267333984)
(-0.213928223, -0.820922852, 0.4569702, 0.267333984)
(-0.213928223, -0.8206177, 0.457397461, 0.267578125)
(-0.213928223, -0.8206177, 0.457397461, 0.267578125)
(-0.213867188, -0.8206177, 0.457397461, 0.267578125)
(-0.213867188, -0.8206177, 0.457397461, 0.267578125)
(-0.213867188, -0.8206177, 0.4574585, 0.267578125)
(-0.213928223, -0.818664551, 0.459655762, 0.26965332)
(-0.213500977, -0.8189697, 0.459289551, 0.2697754)
(-0.213256836, -0.8189697, 0.45916748, 0.270080566)
(-0.213256836, -0.8189697, 0.45916748, 0.270080566)
(-0.2130127, -0.819030762, 0.458984375, 0.270385742)
(-0.2130127, -0.819030762, 0.458984375, 0.270385742)
(-0.212890625, -0.8189087, 0.45916748, 0.270568848)
(-0.212768555, -0.8187866, 0.4593506, 0.270751953)
(-0.212768555, -0.8187866, 0.4593506, 0.270751953)
(-0.212768555, -0.8187256, 0.459289551, 0.2709961)
(-0.212768555, -0.8187256, 0.4593506, 0.2709961)
(-0.21307373, -0.8178711, 0.460632324, 0.271057129)
(-0.213134766, -0.8180542, 0.4602661, 0.2711792)
(-0.212341309, -0.8180542, 0.460449219, 0.2713623)
(-0.212341309, -0.8180542, 0.460449219, 0.2713623)
(-0.212219238, -0.817993164, 0.460632324, 0.27142334)
(-0.212219238, -0.817810059, 0.460998535, 0.27130127)
(-0.212097168, -0.817443848, 0.461730957, 0.271240234)
(-0.212097168, -0.817443848, 0.461730957, 0.271240234)
(-0.212097168, -0.817443848, 0.461730957, 0.271240234)
(-0.212097168, -0.817443848, 0.461730957, 0.271240234)
(-0.211853027, -0.8175659, 0.4616089, 0.27130127)
(-0.211853027, -0.8175659, 0.4616089, 0.27130127)
(-0.211425781, -0.817688, 0.461486816, 0.271484375)
(-0.21105957, -0.817993164, 0.4609375, 0.271789551)
(-0.21105957, -0.817993164, 0.4609375, 0.271789551)
(-0.211181641, -0.8180542, 0.460632324, 0.271972656)
(-0.211181641, -0.8180542, 0.460632324, 0.271972656)
(-0.21105957, -0.8179321, 0.46105957, 0.271728516)
(-0.21105957, -0.8179321, 0.461181641, 0.2715454)
(-0.21105957, -0.8179321, 0.461181641, 0.2715454)
(-0.211181641, -0.8182373, 0.461547852, 0.2699585)
(-0.211181641, -0.8187256, 0.461425781, 0.268615723)
(-0.211181641, -0.8187256, 0.461425781, 0.268615723)
(-0.21105957, -0.8190918, 0.4607544, 0.2687378)
(-0.21105957, -0.8190918, 0.4607544, 0.2687378)
(-0.21105957, -0.819213867, 0.460510254, 0.268798828)
(-0.21105957, -0.819213867, 0.460510254, 0.268798828)
(-0.210876465, -0.819519043, 0.459960938, 0.2689209)
(-0.210876465, -0.819519043, 0.459960938, 0.2689209)
(-0.210876465, -0.8196411, 0.459777832, 0.268981934)
