(0.0556030273, -0.7036743, 0.708251953, 0.0131835938)
(0.0556030273, -0.7036743, 0.708251953, 0.0131835938)
(0.05645752, -0.7091675, 0.7025757, 0.0154418945)
(0.0567626953, -0.710327148, 0.701416, 0.0160522461)
(0.060546875, -0.717041, 0.6940918, 0.01953125)
(0.060546875, -0.717041, 0.6940918, 0.01953125)
(0.06237793, -0.7241821, 0.6864624, 0.0222167969)
(0.0686035156, -0.7435913, 0.6644287, 0.030090332)
(0.0725097656, -0.7575073, 0.647827148, 0.03552246)
(0.0758056641, -0.7728882, 0.6286621, 0.0413208)
(0.07788086, -0.7878418, 0.6091919, 0.0458374023)
(0.07788086, -0.7878418, 0.6091919, 0.0458374023)
(0.07952881, -0.8026123, 0.5891113, 0.04949951)
(0.0803222656, -0.8187256, 0.565979, 0.05419922)
(0.0805664063, -0.8338623, 0.5429077, 0.05834961)
(0.0805664063, -0.8338623, 0.5429077, 0.05834961)
(0.0805664063, -0.8338623, 0.5429077, 0.05834961)
(0.08154297, -0.844909668, 0.525268555, 0.05999756)
(0.0834960938, -0.850463867, 0.5161133, 0.05834961)
(0.09075928, -0.8594971, 0.500244141, 0.05279541)
(0.0955810547, -0.8656616, 0.488830566, 0.05041504)
(0.100708008, -0.870727539, 0.479064941, 0.0473022461)
(0.105834961, -0.8746338, 0.4710083, 0.0437011719)
(0.105834961, -0.8746338, 0.4710083, 0.0437011719)
(0.105834961, -0.8746338, 0.4710083, 0.0437011719)
(0.105834961, -0.8746338, 0.4710083, 0.0437011719)
(0.1161499, -0.881713867, 0.455810547, 0.0372314453)
(0.124694824, -0.887573242, 0.442443848, 0.030090332)
(0.124694824, -0.887573242, 0.442443848, 0.030090332)
(0.12890625, -0.8908081, 0.434936523, 0.026184082)
(0.1328125, -0.8934326, 0.428588867, 0.0223388672)
(0.136901855, -0.895813, 0.422424316, 0.0184936523)
(0.141052246, -0.8986206, 0.415222168, 0.0146484375)
(0.14453125, -0.9013672, 0.408081055, 0.0113525391)
(0.147644043, -0.903564453, 0.4020996, 0.007873535)
(0.150390625, -0.9053955, 0.3970337, 0.00451660156)
(0.156494141, -0.9095459, 0.38494873, -0.00366210938)
(0.156494141, -0.9095459, 0.38494873, -0.00366210938)
(0.157958984, -0.910522461, 0.382019043, -0.00598144531)
(0.159301758, -0.911193848, 0.3798828, -0.007507324)
(0.160461426, -0.911560059, 0.378417969, -0.008666992)
(0.160461426, -0.911560059, 0.378417969, -0.008666992)
(0.160644531, -0.911743164, 0.3779297, -0.008972168)
(0.160705566, -0.9118042, 0.377746582, -0.009033203)
(0.160705566, -0.9118042, 0.377746582, -0.009033203)
(0.160827637, -0.911560059, 0.3782959, -0.008911133)
(0.160827637, -0.911560059, 0.3782959, -0.008911133)
(0.161010742, -0.9110718, 0.379394531, -0.009033203)
(0.161010742, -0.9110718, 0.379394531, -0.009033203)
(0.160461426, -0.9108887, 0.380004883, -0.009521484)
(0.160461426, -0.9108887, 0.380004883, -0.009521484)
(0.16015625, -0.910644531, 0.38079834, -0.009643555)
(0.159851074, -0.909606934, 0.383300781, -0.0103759766)
(0.159851074, -0.909606934, 0.383300781, -0.0103759766)
(0.159851074, -0.909606934, 0.383300781, -0.0103759766)
(0.159790039, -0.9095459, 0.3834839, -0.0101318359)
(0.159606934, -0.9091797, 0.384460449, -0.00970459)
(0.159240723, -0.909301758, 0.384338379, -0.009399414)
(0.159240723, -0.909301758, 0.384338379, -0.009399414)
(0.159240723, -0.9093628, 0.3842163, -0.009155273)
(0.1585083, -0.9083252, 0.386901855, -0.0112304688)
(0.1585083, -0.9083252, 0.386901855, -0.0112304688)
(0.158630371, -0.9081421, 0.387268066, -0.0113525391)
(0.158630371, -0.9081421, 0.387268066, -0.0113525391)
(0.158630371, -0.9081421, 0.387268066, -0.0113525391)
(0.158630371, -0.9081421, 0.387268066, -0.0113525391)
(0.15838623, -0.90826416, 0.387084961, -0.0117797852)
(0.15826416, -0.907959, 0.387817383, -0.0121459961)
(0.15826416, -0.907959, 0.387817383, -0.0121459961)
(0.15826416, -0.907959, 0.387817383, -0.0121459961)
(0.15826416, -0.907959, 0.387817383, -0.0122070313)
(0.15826416, -0.907959, 0.387817383, -0.0122070313)
(0.15826416, -0.907714844, 0.3883667, -0.0123901367)
(0.15826416, -0.907714844, 0.3883667, -0.0123901367)
(0.15826416, -0.907714844, 0.3883667, -0.0123901367)
(0.15826416, -0.907714844, 0.3883667, -0.0123901367)
(0.15826416, -0.9075928, 0.388671875, -0.012512207)
(0.15826416, -0.9075928, 0.388671875, -0.012512207)
(0.15826416, -0.9075928, 0.388671875, -0.012512207)
(0.157348633, -0.907348633, 0.389648438, -0.0117797852)
(0.1572876, -0.907348633, 0.389648438, -0.0117797852)
(0.1572876, -0.907348633, 0.389648438, -0.0117797852)
(0.1572876, -0.907348633, 0.389648438, -0.0117797852)
(0.1572876, -0.907348633, 0.389648438, -0.0117797852)
(0.157226563, -0.9072876, 0.389831543, -0.0120849609)
(0.157348633, -0.9071655, 0.390014648, -0.0131835938)
(0.157348633, -0.9071655, 0.390014648, -0.0131835938)
(0.157653809, -0.907226563, 0.389709473, -0.0135498047)
(0.157653809, -0.907226563, 0.389709473, -0.0135498047)
(0.15814209, -0.907348633, 0.389282227, -0.01361084)
(0.15814209, -0.9075928, 0.388671875, -0.0122070313)
(0.15814209, -0.9075928, 0.3887329, -0.0122070313)
(0.15814209, -0.9075928, 0.3887329, -0.0122070313)
(0.15814209, -0.9075928, 0.3887329, -0.0122070313)
(0.15814209, -0.9075928, 0.3887329, -0.0122070313)
(0.15814209, -0.9075928, 0.3887329, -0.0122070313)
(0.15814209, -0.9075928, 0.3887329, -0.0122070313)
(0.15814209, -0.9075928, 0.3887329, -0.0122070313)
(0.15814209, -0.9075928, 0.3887329, -0.0122070313)
(0.15814209, -0.9075928, 0.3887329, -0.0122070313)
(0.15814209, -0.9075928, 0.3887329, -0.0122070313)
(0.15814209, -0.9075928, 0.3887329, -0.0122070313)
(0.15814209, -0.9075928, 0.3887329, -0.0122070313)
(0.15814209, -0.9075928, 0.3887329, -0.0122070313)
(0.15814209, -0.9075928, 0.3887329, -0.0122070313)
(0.15814209, -0.9075928, 0.3887329, -0.0122070313)
(0.15814209, -0.9075928, 0.3887329, -0.0122070313)
(0.15814209, -0.9075928, 0.3887329, -0.0122070313)
(0.15814209, -0.9075928, 0.3887329, -0.0122070313)
(0.15814209, -0.9075928, 0.3887329, -0.0122070313)
(0.15814209, -0.9075928, 0.3887329, -0.0122070313)
(0.15814209, -0.907531738, 0.38885498, -0.0122070313)
(0.158203125, -0.9075928, 0.3887329, -0.01171875)
(0.158203125, -0.9077759, 0.388244629, -0.0116577148)
(0.158203125, -0.9077759, 0.388305664, -0.0116577148)
(0.158447266, -0.9076538, 0.388427734, -0.0119018555)
(0.158447266, -0.9076538, 0.388427734, -0.0119018555)
(0.158447266, -0.9076538, 0.38848877, -0.0119018555)
(0.158447266, -0.907531738, 0.3887329, -0.0120239258)
(0.158447266, -0.907531738, 0.3887329, -0.0120239258)
(0.158447266, -0.907531738, 0.3887329, -0.0120239258)
(0.1585083, -0.907531738, 0.3887329, -0.0120239258)
(0.1585083, -0.907531738, 0.3887329, -0.0120239258)
(0.158447266, -0.9074707, 0.38885498, -0.0120849609)
(0.158447266, -0.9074707, 0.38885498, -0.0120849609)
(0.158447266, -0.907531738, 0.3887329, -0.0119628906)
(0.158447266, -0.907531738, 0.3887329, -0.0119628906)
(0.15838623, -0.907531738, 0.388793945, -0.0119628906)
(0.15838623, -0.907409668, 0.3890381, -0.0119628906)
(0.15838623, -0.907409668, 0.3890381, -0.0119628906)
(0.15838623, -0.907409668, 0.3890381, -0.0119628906)
(0.15838623, -0.907409668, 0.3890381, -0.0119628906)
(0.15826416, -0.907531738, 0.38885498, -0.0119628906)
(0.157653809, -0.907531738, 0.3890381, -0.0125732422)
