(-0.7074412, -0.6635539, -0.243316486, -0.004495897)
(-0.6588731, -0.2665217, -0.703452647, 0.00265279226)
(-0.663615167, -0.2573713, -0.702313364, -0.011432128)
(-0.6681391, -0.243440062, -0.7028096, -0.0196419079)
(-0.672238469, -0.229964912, -0.7032335, -0.0259679854)
(-0.6696003, -0.229023814, -0.706521153, -0.00337221124)
(-0.6641345, -0.251829267, -0.7038411, 0.0107283071)
(-0.6588658, -0.275278151, -0.6997786, 0.0206773281)
(-0.6618594, -0.279827863, -0.6954039, 0.00719759427)
(-0.654863834, -0.294328719, -0.6954055, 0.0305805318)
(-0.648220241, -0.313931465, -0.692257345, 0.0451358333)
(-0.6512003, -0.3033115, -0.694358945, 0.0424966663)
(-0.655177534, -0.293563038, -0.695196331, 0.0355686769)
(-0.6514195, -0.314028263, -0.689704359, 0.036696095)
(-0.6447577, -0.3218389, -0.6910765, 0.05586059)
(-0.6446194, -0.3372239, -0.684647441, 0.0447629653)
(-0.649796, -0.322928518, -0.68711853, 0.0367489047)
(-0.6539805, -0.309231162, -0.689735532, 0.0308289248)
(-0.6473122, -0.3168299, -0.691369832, 0.0511221662)
(-0.641747534, -0.3335448, -0.687906265, 0.06076873)
(-0.640224, -0.349339724, -0.681914032, 0.05539239)
(-0.6465274, -0.33556363, -0.6836912, 0.0443363227)
(-0.6507169, -0.3214081, -0.68668586, 0.04155599)
(-0.6435769, -0.33285886, -0.6864897, 0.06120189)
(-0.6379922, -0.3496822, -0.682393968, 0.0708990842)
(-0.643042147, -0.353931457, -0.67713964, 0.0520682968)
(-0.6487548, -0.337491632, -0.680724144, 0.0427940264)
(-0.6497907, -0.3221128, -0.6866896, 0.0497266762)
(-0.6440885, -0.3358, -0.6846264, 0.06062142)
(-0.649988949, -0.3278003, -0.684085965, 0.04569188)
(-0.6492962, -0.3415618, -0.6785148, 0.0369819663)
(-0.6515617, -0.325532377, -0.6839791, 0.0408504754)
(-0.6458555, -0.326742, -0.687385738, 0.0600930676)
(-0.651966453, -0.320960253, -0.685667634, 0.04223833)
(-0.6578295, -0.31154418, -0.6851962, 0.0265831966)
(-0.651658356, -0.318144023, -0.6871183, 0.0446566753)
(-0.645724058, -0.3311419, -0.68570745, 0.0564880855)
(-0.6465168, -0.343410164, -0.6797937, 0.0443383753)
(-0.6514104, -0.3267603, -0.6836822, 0.0383516736)
(-0.655593336, -0.311182529, -0.687187433, 0.03370792)
(-0.649129748, -0.321212769, -0.687686145, 0.0504065566)
(-0.643930554, -0.33414, -0.685671, 0.05965844)
(-0.6504005, -0.323076278, -0.686065435, 0.04376131)
(-0.656053841, -0.3098132, -0.6874168, 0.03266822)
(-0.6500417, -0.3228318, -0.6864031, 0.04556486)
(-0.6442087, -0.336013466, -0.6847597, 0.0565170981)
(-0.6493651, -0.3217963, -0.6873585, 0.0480665825)
(-0.6462885, -0.313463181, -0.6927459, 0.06445939)
(-0.650413156, -0.319644749, -0.687478542, 0.046510227)
(-0.6551947, -0.322021663, -0.682822645, 0.0278410353)
(-0.650293767, -0.3206956, -0.6870755, 0.0469006673)
(-0.6447566, -0.335098028, -0.68473047, 0.0560568161)
(-0.650385559, -0.3221599, -0.6864123, 0.0452744924)
(-0.6547447, -0.306547761, -0.6897267, 0.0401859358)
(-0.652273059, -0.3233346, -0.684563458, 0.03698088)
(-0.6462378, -0.327606738, -0.687011957, 0.0553641431)
(-0.6428872, -0.3437386, -0.6822549, 0.05538993)
(-0.647982359, -0.32882002, -0.685302556, 0.0485455468)
(-0.653106153, -0.3142879, -0.687744, 0.04103226)
(-0.6514276, -0.33035472, -0.682086468, 0.03557931)
(-0.6523795, -0.315861583, -0.687591, 0.0430235341)
(-0.6467483, -0.3297446, -0.685692966, 0.0530122556)
(-0.6529882, -0.321152955, -0.684913, 0.036896944)
(-0.6534489, -0.306595981, -0.6905998, 0.04555623)
(-0.6514995, -0.322986, -0.6852456, 0.0408280976)
(-0.6451501, -0.329671085, -0.686822951, 0.05807335)
(-0.65106535, -0.324356, -0.685008, 0.04088154)
(-0.6457681, -0.323353529, -0.689121068, 0.0594828464)
(-0.6517639, -0.315424085, -0.6883581, 0.04329619)
(-0.647954643, -0.331807971, -0.684114337, 0.0452306457)
(-0.653906465, -0.32019186, -0.6846955, 0.0327981338)
(-0.649024963, -0.3185585, -0.688931942, 0.05157315)
(-0.649887443, -0.331515372, -0.682807, 0.03896804)
(-0.646814942, -0.3230911, -0.688623965, 0.0551319346)
(-0.6528178, -0.3167562, -0.687073231, 0.0377478935)
(-0.646725, -0.324288934, -0.6882339, 0.0540154539)
(-0.6526079, -0.3158834, -0.687630355, 0.03853572)
(-0.6470627, -0.3297249, -0.685740054, 0.0484967977)
(-0.6531146, -0.321745872, -0.684719443, 0.0328648053)
(-0.6473692, -0.3250341, -0.6875336, 0.0506303124)
(-0.6530199, -0.313998371, -0.6881406, 0.0378482677)
(-0.6470104, -0.326632082, -0.6871029, 0.0507804677)
(-0.647270143, -0.3404612, -0.680841267, 0.0397829264)
(-0.650761366, -0.324296683, -0.685418, 0.039287895)
(-0.6529429, -0.3085835, -0.6903566, 0.04300542)
(-0.6487544, -0.32488817, -0.686547637, 0.0470919274)
(-0.653945446, -0.3246119, -0.6827712, 0.0283888187)
(-0.6484289, -0.326596916, -0.68605566, 0.04692665)
(-0.653612256, -0.327632517, -0.681665838, 0.0279226229)
(-0.6535743, -0.314158738, -0.687493, 0.0387079567)
(-0.6476991, -0.326198936, -0.6865799, 0.05184824)
(-0.6530701, -0.3258631, -0.6828001, 0.033115834)
(-0.6543062, -0.3107041, -0.68829143, 0.0400184281)
(-0.650751, -0.3271204, -0.683958948, 0.0414203629)
(-0.647399068, -0.319941878, -0.6892536, 0.05866034)
(-0.6514328, -0.3258938, -0.683951139, 0.0404883549)
(-0.6545783, -0.309725583, -0.688415647, 0.0410029478)
(-0.6526094, -0.326059669, -0.682969332, 0.0365907177)
(-0.6512015, -0.315083623, -0.688553452, 0.0505283475)
(-0.6490924, -0.3315052, -0.683055043, 0.0471092127)
(-0.655434549, -0.324447483, -0.681353152, 0.0299523845)
(-0.655414045, -0.310670346, -0.68722415, 0.0404876769)
(-0.651431859, -0.327252, -0.683114, 0.04356411)
(-0.647337, -0.322146267, -0.687997758, 0.06193146)
(-0.650612533, -0.330732942, -0.682111, 0.04520531)
(-0.6563971, -0.3165657, -0.68387866, 0.035199102)
(-0.662359536, -0.3098959, -0.6818406, 0.0183782578)
(-0.6565116, -0.3192171, -0.6825754, 0.0344072133)
(-0.650534034, -0.32510677, -0.684429169, 0.051650025)
(-0.656545162, -0.315219223, -0.6842691, 0.0368931368)
(-0.650801241, -0.326500416, -0.6836376, 0.0499496)
(-0.6568229, -0.315219969, -0.683966041, 0.0375566557)
(-0.6513727, -0.327788562, -0.682553053, 0.04888318)
(-0.656447351, -0.313032329, -0.685095, 0.0416224)
(-0.654237032, -0.328981638, -0.67994535, 0.03767304)
(-0.657810748, -0.313272566, -0.683962, 0.0366249867)
(-0.652444839, -0.327799827, -0.681727469, 0.04594071)
(-0.658589065, -0.318103284, -0.6812456, 0.0312249176)
(-0.6529907, -0.322245866, -0.6836347, 0.0490342863)
(-0.659046, -0.316348, -0.6815931, 0.0318285264)
(-0.653228343, -0.321896434, -0.683525443, 0.0496828146)
(-0.6589108, -0.319789827, -0.680141747, 0.0312770829)
(-0.6531495, -0.324732244, -0.6822894, 0.0492518879)
(-0.658745766, -0.323916674, -0.6783882, 0.0303540025)
(-0.6576715, -0.3122961, -0.6841086, 0.0439850278)
(-0.6557044, -0.328613132, -0.6785864, 0.0398218036)
(-0.655919731, -0.314797521, -0.6842697, 0.04946636)
(-0.658840358, -0.323002964, -0.678631, 0.032531105)
(-0.6582544, -0.3103681, -0.684389949, 0.0445341468)
(-0.656119, -0.326985538, -0.6788929, 0.0411417335)
(-0.6551993, -0.314966679, -0.6845577, 0.05376423)
(-0.65734005, -0.325715959, -0.6784551, 0.03888196)
(-0.6611168, -0.309671044, -0.6823678, 0.037449684)
(-0.656491339, -0.3252417, -0.679218233, 0.0435852222)
(-0.6616154, -0.310844868, -0.681424558, 0.0360716023)
(-0.6579784, -0.326991916, -0.677258134, 0.038237825)
(-0.6606077, -0.31109646, -0.6819851, 0.0413837023)
(-0.656100869, -0.326679856, -0.678667963, 0.0471352)
(-0.661062, -0.312365025, -0.6810523, 0.03991049)
(-0.6576113, -0.328785449, -0.6766255, 0.0403176174)
(-0.6631746, -0.31500718, -0.6782366, 0.0310640968)
(-0.6590926, -0.311581135, -0.68267864, 0.0496377423)
(-0.6576777, -0.327856123, -0.6767985, 0.0437514223)
(-0.6590662, -0.312684864, -0.682183146, 0.04986016)
(-0.660280168, -0.324810624, -0.676156342, 0.0366158374)
(-0.6649998, -0.309321016, -0.679040253, 0.0316253863)
(-0.659371436, -0.322028935, -0.6779416, 0.0438376628)
(-0.660649657, -0.333898216, -0.6716754, 0.03010456)
(-0.6605733, -0.320494562, -0.67769146, 0.0407478772)
(-0.6615347, -0.30567193, -0.683097064, 0.0481143445)
(-0.6613743, -0.3204089, -0.67708987, 0.03836153)
(-0.6667362, -0.307213455, -0.6784264, 0.0286408067)
(-0.6617985, -0.3223763, -0.6758971, 0.0354882553)
(-0.66119945, -0.3096182, -0.68171525, 0.0470761061)
(-0.660797834, -0.3244189, -0.675793, 0.0374498628)
(-0.660126746, -0.31193617, -0.6815547, 0.0491110124)
(-0.66178447, -0.323186159, -0.675579, 0.0344218425)
(-0.667589366, -0.313091427, -0.675201833, 0.0200150833)
(-0.6616786, -0.320410579, -0.6768905, 0.0365773477)
(-0.658439159, -0.313370526, -0.6821888, 0.0536215752)
(-0.6615067, -0.321738064, -0.676419437, 0.0367436633)
(-0.6601784, -0.336993128, -0.670613647, 0.0296231639)
(-0.6636316, -0.3207364, -0.67513144, 0.03031046)
(-0.660063744, -0.3152433, -0.6801446, 0.0483839251)
(-0.661345541, -0.3273362, -0.6739885, 0.0348234363)
(-0.6608781, -0.314379364, -0.6799185, 0.0460045)
(-0.6634234, -0.323061466, -0.674261, 0.02954119)
(-0.6608743, -0.314404815, -0.679916143, 0.0459228046)
(-0.659057438, -0.330518782, -0.6743108, 0.04129819)
(-0.6643759, -0.315899283, -0.6765184, 0.033692576)
(-0.660449564, -0.3318654, -0.672568738, 0.03637336)
(-0.665486932, -0.3168943, -0.6751409, 0.0298327785)
(-0.6617363, -0.3118395, -0.6801243, 0.0478773974)
(-0.6625461, -0.324768662, -0.6740186, 0.0354532972)
(-0.6649882, -0.3335719, -0.6679526, 0.0189659)
(-0.6622334, -0.3260058, -0.6737251, 0.03552109)
(-0.6649057, -0.310151339, -0.678438663, 0.0377824157)
(-0.6593746, -0.324068785, -0.6766654, 0.048253838)
(-0.662439346, -0.332164943, -0.6707259, 0.03110053)
(-0.665033758, -0.3163311, -0.6756324, 0.03443196)
(-0.6610861, -0.332699865, -0.6715041, 0.03685444)
(-0.663948655, -0.317024827, -0.676139951, 0.03875893)
(-0.6649585, -0.329029679, -0.6700265, 0.0251816977)
(-0.6660888, -0.314549983, -0.675481439, 0.0332969166)
(-0.6608642, -0.32909435, -0.67318505, 0.04215866)
(-0.661711454, -0.341795117, -0.666656733, 0.0297145136)
(-0.663027167, -0.327118576, -0.6722975, 0.03747655)
(-0.6685633, -0.325348854, -0.66845274, 0.018498309)
(-0.6664405, -0.3164516, -0.674193263, 0.0343341343)
(-0.661517143, -0.33223784, -0.671085358, 0.0407125242)
(-0.660432637, -0.320566982, -0.6768851, 0.0537781939)
(-0.6626592, -0.3309827, -0.6706903, 0.038829416)
(-0.6681381, -0.316859484, -0.6724983, 0.030623043)
(-0.662450135, -0.330889136, -0.6707948, 0.0413110331)
(-0.6683684, -0.325539827, -0.6683736, 0.024170734)
(-0.663982, -0.322931, -0.673067331, 0.0427069962)
(-0.669824243, -0.3177051, -0.670640647, 0.0253000911)
(-0.663912833, -0.329134136, -0.6703496, 0.0390108079)
(-0.6698871, -0.3173589, -0.6707003, 0.0263772365)
(-0.66380477, -0.328268439, -0.6707854, 0.0406205058)
(-0.6650728, -0.339947581, -0.664368331, 0.0269895457)
(-0.664930642, -0.326887578, -0.670485, 0.0382323228)
(-0.664441645, -0.314111084, -0.676287, 0.04987439)
(-0.665572762, -0.326509356, -0.6701217, 0.0366262235)
(-0.660253346, -0.341556877, -0.6674332, 0.0440164)
(-0.6659737, -0.3283108, -0.668964267, 0.03431792)
(-0.6713736, -0.314994663, -0.6703702, 0.0252917577)
(-0.665761352, -0.328493774, -0.6689988, 0.03597633)
(-0.663036346, -0.3201444, -0.6746455, 0.0523833558)
(-0.6667221, -0.3263995, -0.669135, 0.034689106)
(-0.66985786, -0.310588568, -0.6734482, 0.03595479)
(-0.6662608, -0.327150822, -0.6691072, 0.0369394943)
(-0.6691271, -0.311362624, -0.673649549, 0.03896822)
(-0.6676549, -0.32701084, -0.6680151, 0.03250643)
(-0.666571558, -0.3153786, -0.673877358, 0.04591377)
(-0.66662097, -0.3293211, -0.6677815, 0.0351017267)
(-0.6681025, -0.314439654, -0.673084736, 0.04151813)
(-0.6663528, -0.330439985, -0.6674556, 0.0358648375)
(-0.672298551, -0.3189673, -0.6676444, 0.0229221489)
(-0.666424751, -0.324994743, -0.66982913, 0.0398170464)
(-0.671627, -0.310988724, -0.6717399, 0.03112554)
(-0.6656431, -0.3240067, -0.670869946, 0.0432733446)
(-0.6644445, -0.339405358, -0.6648825, 0.03534021)
(-0.666514754, -0.3239718, -0.6702351, 0.0398176)
(-0.672432, -0.31481573, -0.669417, 0.0246383324)
(-0.666309953, -0.326724946, -0.66922, 0.03776801)
(-0.6611284, -0.342110425, -0.666301668, 0.0437220149)
(-0.6659789, -0.327318221, -0.6692782, 0.03743629)
(-0.671388566, -0.314671457, -0.6704461, 0.0268550757)
(-0.6653224, -0.326256752, -0.6703064, 0.0398997627)
(-0.6703093, -0.312247366, -0.6724354, 0.0319027)
(-0.664903045, -0.3270453, -0.670311332, 0.04035015)
(-0.669005, -0.330991715, -0.665128469, 0.021931354)
(-0.663248658, -0.3338978, -0.668561757, 0.0404789)
(-0.6690111, -0.321493179, -0.6695104, 0.0286705233)
(-0.6690279, -0.3078716, -0.675339937, 0.03914976)
(-0.665294349, -0.324967116, -0.6709447, 0.0401608758)
(-0.661765754, -0.341608256, -0.666182339, 0.0396362022)
(-0.6670906, -0.3275232, -0.668387949, 0.0312429667)
(-0.6714954, -0.3122561, -0.671470046, 0.0267974511)
(-0.666043043, -0.327286, -0.6693478, 0.0352695324)
(-0.660582, -0.3420415, -0.666955233, 0.04254117)
