(0, 0, 0, 0)
(-0.696428061, -0.0389608368, -0.6999594, -0.15338476)
(-0.700726748, -0.006443547, -0.6927546, -0.170386523)
(-0.70370245, 0.0248921476, -0.6845473, -0.188621908)
(-0.70574, 0.0534906574, -0.67608887, -0.204874858)
(-0.707635939, 0.07932418, -0.6677419, -0.216979042)
(-0.7094723, 0.104635023, -0.6594495, -0.2254483)
(-0.709506452, 0.126982361, -0.65155226, -0.23654969)
(-0.7096203, 0.1494214, -0.6439061, -0.24392055)
(-0.7139753, 0.1460579, -0.6449669, -0.230052322)
(-0.7092857, 0.143864736, -0.6437414, -0.248623967)
(-0.7104074, 0.164555326, -0.6364069, -0.251453936)
(-0.709016442, 0.148033679, -0.640427947, -0.2554089)
(-0.7058513, 0.158849061, -0.635446, -0.269720882)
(-0.703337252, 0.171382636, -0.630143166, -0.280827761)
(-0.7083791, 0.1655375, -0.6327943, -0.265269428)
(-0.71360594, 0.163100168, -0.6340406, -0.249314025)
(-0.7086574, 0.165179864, -0.6324626, -0.265539736)
(-0.710402846, 0.148831531, -0.6379696, -0.257239074)
(-0.712560356, 0.167060927, -0.632457554, -0.253664881)
(-0.70768714, 0.17284441, -0.629726231, -0.2697195)
(-0.7098544, 0.158509359, -0.634805143, -0.260775626)
(-0.705673158, 0.165781036, -0.6316511, -0.274880052)
(-0.710366666, 0.159157678, -0.6347326, -0.259157479)
(-0.7151897, 0.155875862, -0.6365884, -0.242819935)
(-0.710516632, 0.16122523, -0.6341995, -0.258772939)
(-0.706104755, 0.1678772, -0.631357, -0.273169428)
(-0.7108882, 0.162020355, -0.63419944, -0.2572517)
(-0.716456234, 0.167553589, -0.6331378, -0.24031812)
(-0.71115905, 0.1654337, -0.632910669, -0.257504374)
(-0.7133376, 0.150672, -0.6378135, -0.248276651)
(-0.710730553, 0.1637041, -0.6332708, -0.258903831)
(-0.7101812, 0.145481616, -0.639205456, -0.2566986)
(-0.714233, 0.160960689, -0.6352804, -0.245727062)
(-0.709423, 0.165532753, -0.633229554, -0.261415958)
(-0.712889, 0.154304415, -0.637428463, -0.248323515)
(-0.7181246, 0.155032068, -0.6379078, -0.230945289)
(-0.7139424, 0.1610801, -0.635315239, -0.246402308)
(-0.7088504, 0.148890421, -0.638152242, -0.261006624)
(-0.71268636, 0.140491113, -0.6416439, -0.246238783)
(-0.710305035, 0.153973162, -0.6370184, -0.2568397)
(-0.710186541, 0.171555251, -0.63145, -0.259758919)
(-0.7101092, 0.153349429, -0.6375954, -0.256322026)
(-0.714732, 0.14901717, -0.64002955, -0.239403576)
(-0.710410953, 0.1559546, -0.6372213, -0.2548403)
(-0.7149979, 0.169820592, -0.633484542, -0.2421495)
(-0.7096425, 0.161714569, -0.6351783, -0.2584652)
(-0.7114418, 0.146175265, -0.6402171, -0.2502107)
(-0.715930164, 0.161460161, -0.6360585, -0.238336444)
(-0.7106295, 0.157686934, -0.636372447, -0.255285263)
(-0.713299453, 0.144436434, -0.6410058, -0.243830934)
(-0.7121133, 0.16014564, -0.635906756, -0.25074)
(-0.7079857, 0.144257575, -0.640047848, -0.261313617)
(-0.7136957, 0.15188548, -0.6386169, -0.244413063)
(-0.7129328, 0.133251458, -0.6437702, -0.243989184)
(-0.712496459, 0.150025621, -0.63831836, -0.249781311)
(-0.7107982, 0.1645105, -0.633323, -0.258077919)
(-0.7137249, 0.151492819, -0.637835, -0.246603414)
(-0.7092426, 0.155851945, -0.6354197, -0.2625398)
(-0.7149339, 0.160436869, -0.634883642, -0.245055944)
(-0.7098801, 0.147842109, -0.6380476, -0.259052843)
(-0.714909554, 0.147099242, -0.6394033, -0.241721988)
(-0.7131663, 0.162590086, -0.6343385, -0.250145733)
(-0.7124524, 0.14393416, -0.6398804, -0.249494851)
(-0.7152379, 0.161765188, -0.6346464, -0.243907347)
(-0.714525044, 0.143750712, -0.639780164, -0.243866757)
(-0.7117679, 0.156002522, -0.6353903, -0.2555951)
(-0.7159401, 0.1483384, -0.638556659, -0.240147784)
(-0.7150639, 0.129375264, -0.6440134, -0.239149034)
(-0.7157527, 0.147705257, -0.63869375, -0.2407313)
(-0.7118532, 0.1558274, -0.6353487, -0.2555679)
(-0.7150359, 0.143848822, -0.639418244, -0.243260264)
(-0.7147545, 0.160886377, -0.6339438, -0.24770309)
(-0.715162337, 0.14362748, -0.6392502, -0.24346076)
(-0.7151761, 0.160903, -0.6339523, -0.246450588)
(-0.717723548, 0.146677941, -0.6385901, -0.235714257)
(-0.7125283, 0.1420632, -0.6387839, -0.253133833)
(-0.7162119, 0.158596575, -0.6343683, -0.2438531)
(-0.713191569, 0.140215263, -0.6395817, -0.250265539)
(-0.7182151, 0.15001969, -0.63771385, -0.2344826)
(-0.7138126, 0.135940909, -0.6408553, -0.247580737)
(-0.7168337, 0.153773874, -0.635869, -0.241192132)
(-0.7143778, 0.135372609, -0.6407097, -0.246636838)
(-0.717969, 0.152160555, -0.6361052, -0.238197282)
(-0.712673, 0.144301474, -0.6373317, -0.2551128)
(-0.7173857, 0.157518744, -0.6340167, -0.242009014)
(-0.718103945, 0.140196353, -0.6391586, -0.236955568)
(-0.7186408, 0.158391863, -0.63355, -0.238918051)
(-0.715364039, 0.1414473, -0.63778466, -0.247947067)
(-0.7192717, 0.15802215, -0.6331408, -0.238348439)
(-0.71792537, 0.139567852, -0.6380805, -0.240742967)
(-0.722558, 0.154336527, -0.634114146, -0.228011623)
(-0.717582762, 0.149773687, -0.6343068, -0.245555848)
(-0.7166998, 0.166270912, -0.628704846, -0.2518442)
(-0.720095038, 0.154124811, -0.632614434, -0.23980765)
(-0.720928, 0.137266859, -0.637431562, -0.234736964)
(-0.718599439, 0.149909511, -0.63318783, -0.245387927)
(-0.720876336, 0.135999724, -0.6377707, -0.234712362)
(-0.719592035, 0.152222618, -0.6326066, -0.242537469)
(-0.715060353, 0.157240927, -0.630003154, -0.2589594)
(-0.719737351, 0.151407763, -0.6323933, -0.243172243)
(-0.714602768, 0.14117226, -0.6344695, -0.258576274)
(-0.7199601, 0.148402512, -0.6333575, -0.241851985)
(-0.7206198, 0.166960537, -0.6277997, -0.242278323)
(-0.718833864, 0.1486545, -0.633091152, -0.245713726)
(-0.717427969, 0.164394826, -0.627873957, -0.253072739)
(-0.720397055, 0.151484013, -0.63234663, -0.241285011)
(-0.719634533, 0.132671624, -0.637841, -0.240173325)
(-0.7207967, 0.151685745, -0.63246727, -0.239643)
(-0.7197262, 0.168920889, -0.6269347, -0.245790109)
(-0.72124213, 0.15293707, -0.6319195, -0.238951147)
(-0.7199062, 0.1341097, -0.6370053, -0.240777463)
(-0.7196268, 0.152088583, -0.6313317, -0.245818511)
(-0.722429037, 0.170151, -0.6259858, -0.2393462)
(-0.7206365, 0.151936412, -0.6311919, -0.243300557)
(-0.7152423, 0.149648622, -0.630859554, -0.2608636)
(-0.720618069, 0.154550329, -0.6303499, -0.243891)
(-0.7258373, 0.160630777, -0.6290803, -0.22719124)
(-0.721042156, 0.149794832, -0.63134855, -0.243020326)
(-0.726101637, 0.150327772, -0.631637, -0.226302072)
(-0.721094847, 0.148943648, -0.630792439, -0.244824231)
(-0.717551, 0.158760726, -0.6265609, -0.259493828)
(-0.7222042, 0.152765289, -0.6287314, -0.244500726)
(-0.71906817, 0.163916484, -0.624424934, -0.2572271)
(-0.7233457, 0.156148821, -0.627221167, -0.242862642)
(-0.718224764, 0.155866757, -0.626069963, -0.260567278)
(-0.7235005, 0.153373376, -0.6273653, -0.2437957)
(-0.723229468, 0.1707585, -0.6216347, -0.247691035)
(-0.71945715, 0.154227525, -0.6262472, -0.25770098)
(-0.7232198, 0.145457625, -0.629508, -0.243956581)
(-0.7223203, 0.1623926, -0.624008656, -0.249990523)
(-0.7174848, 0.165923834, -0.6221079, -0.2658318)
(-0.721339345, 0.155645892, -0.626075566, -0.251938939)
(-0.724871159, 0.146639124, -0.6292658, -0.2389214)
(-0.7222501, 0.159596935, -0.624780834, -0.250065029)
(-0.722328663, 0.176055, -0.619540155, -0.251825)
(-0.723440766, 0.158471465, -0.6252645, -0.246098831)
(-0.7236206, 0.141496643, -0.6303723, -0.242863521)
(-0.721210063, 0.154660866, -0.625909448, -0.253324747)
(-0.718821049, 0.166775867, -0.621767163, -0.2624649)
(-0.72201705, 0.1543, -0.6264377, -0.249917209)
(-0.7264686, 0.15109238, -0.628166735, -0.2341386)
(-0.72258085, 0.159429476, -0.625018358, -0.248618886)
(-0.725246549, 0.145215929, -0.629523337, -0.237970844)
(-0.723073363, 0.158644989, -0.624797165, -0.2482444)
(-0.7249499, 0.144230008, -0.6293547, -0.239912584)
(-0.7216507, 0.154975981, -0.625604868, -0.2526284)
(-0.7266817, 0.154347464, -0.626734853, -0.2351891)
(-0.721379936, 0.152504265, -0.6266373, -0.25234738)
(-0.724471867, 0.1405607, -0.6308958, -0.239486381)
(-0.7275856, 0.15791449, -0.62621, -0.231394023)
(-0.7227162, 0.147022456, -0.62860316, -0.246827185)
(-0.7205372, 0.160956576, -0.6237566, -0.2566067)
(-0.7236207, 0.148612246, -0.6279952, -0.244763985)
(-0.7250301, 0.167079613, -0.622405, -0.242956161)
(-0.7216972, 0.149616912, -0.6273167, -0.25147903)
(-0.7269339, 0.156907767, -0.6259714, -0.23474884)
(-0.7226247, 0.14162825, -0.6299722, -0.246758774)
(-0.724509537, 0.160013765, -0.6248017, -0.243113875)
(-0.718984, 0.153247386, -0.626127, -0.2598887)
(-0.722988546, 0.144456908, -0.6296659, -0.244827628)
(-0.727979958, 0.145002767, -0.6301319, -0.2279323)
(-0.7236651, 0.149906933, -0.6277934, -0.244360685)
(-0.7185306, 0.14141, -0.629235864, -0.260344416)
(-0.724143445, 0.146800369, -0.628538251, -0.2429104)
(-0.729300141, 0.15487124, -0.6267687, -0.226489022)
(-0.724380434, 0.155390143, -0.625822842, -0.243870229)
(-0.71908617, 0.145609185, -0.627930462, -0.259646475)
(-0.7243022, 0.145270586, -0.6290078, -0.242140651)
(-0.726903439, 0.1631401, -0.62393254, -0.2360187)
(-0.723431349, 0.146902263, -0.6280529, -0.246203765)
(-0.7232227, 0.164137885, -0.6222406, -0.2506477)
(-0.72190994, 0.145452663, -0.6277254, -0.2522904)
(-0.727236152, 0.1524906, -0.626525462, -0.235244334)
(-0.7217382, 0.147248715, -0.6274516, -0.2524205)
(-0.7262964, 0.160640657, -0.624156654, -0.238990575)
(-0.724993348, 0.14184621, -0.6294379, -0.240981832)
(-0.7258368, 0.160200015, -0.623611569, -0.242085651)
(-0.723909438, 0.142003581, -0.6285461, -0.24641408)
(-0.725358, 0.160431027, -0.6230479, -0.244803771)
(-0.724216, 0.14162001, -0.628628, -0.245523378)
(-0.7234065, 0.1581985, -0.6234485, -0.25093478)
(-0.7225789, 0.139562622, -0.629159, -0.25012207)
(-0.727469742, 0.150320113, -0.626877367, -0.234981686)
(-0.7235564, 0.133993715, -0.6309876, -0.245696142)
(-0.7253857, 0.152289435, -0.625763059, -0.242990077)
(-0.723952651, 0.133440629, -0.631097257, -0.244545385)
(-0.7264883, 0.151595846, -0.6259748, -0.239559963)
(-0.723463535, 0.13410297, -0.630272746, -0.24773629)
(-0.7273634, 0.150672853, -0.625667334, -0.2382868)
(-0.722539067, 0.139226377, -0.6280358, -0.25322777)
(-0.725628138, 0.1566866, -0.623092949, -0.2463095)
(-0.7272615, 0.141013563, -0.628027141, -0.238302052)
(-0.7253767, 0.155837446, -0.6231751, -0.247378334)
(-0.7247483, 0.136991233, -0.6286704, -0.246468574)
(-0.727829754, 0.154161885, -0.623865068, -0.239353865)
(-0.727235734, 0.135495335, -0.629038155, -0.23891449)
(-0.7274108, 0.153512716, -0.623447061, -0.24211815)
(-0.72212255, 0.145984873, -0.62456435, -0.2591272)
(-0.727498353, 0.156057253, -0.622136533, -0.243594766)
(-0.726297557, 0.137119785, -0.627562046, -0.244654879)
(-0.7285685, 0.155361488, -0.6224217, -0.240087643)
(-0.7263711, 0.137164533, -0.627358139, -0.244934008)
(-0.727993846, 0.155941516, -0.6218602, -0.242892817)
(-0.7247575, 0.138477251, -0.626533151, -0.25101158)
(-0.729845941, 0.14890328, -0.6242284, -0.235566914)
(-0.7245887, 0.142286062, -0.6251945, -0.2527011)
(-0.7298692, 0.147293344, -0.624532938, -0.235699654)
(-0.724734843, 0.138616025, -0.6260375, -0.252233863)
(-0.729669, 0.152183115, -0.622418344, -0.238785863)
(-0.727022648, 0.1344567, -0.62699616, -0.245428935)
(-0.7261438, 0.151456147, -0.62167424, -0.251589447)
(-0.7311642, 0.151767656, -0.622413933, -0.234449342)
(-0.72595197, 0.150305212, -0.622073352, -0.251846582)
(-0.729501545, 0.13948445, -0.625815749, -0.238172561)
(-0.734117448, 0.13521485, -0.6272885, -0.222030669)
(-0.731136739, 0.1462617, -0.6230374, -0.23637028)
(-0.727749348, 0.155877054, -0.6192656, -0.250186473)
(-0.7223474, 0.1455806, -0.621760845, -0.2653939)
(-0.7270324, 0.142757684, -0.6240663, -0.248164117)
(-0.731072962, 0.157416523, -0.62057513, -0.235878587)
(-0.730879068, 0.139135256, -0.625765562, -0.234253317)
(-0.7312547, 0.157463327, -0.6200532, -0.236655459)
(-0.726655066, 0.145086676, -0.622820258, -0.251032)
(-0.7274407, 0.1631772, -0.6173503, -0.251161039)
(-0.727948, 0.1454644, -0.62317127, -0.246149212)
(-0.7327076, 0.144948483, -0.6242356, -0.22904022)
(-0.7283355, 0.15094699, -0.621803641, -0.245158553)
(-0.7317265, 0.140303463, -0.625351, -0.2320073)
(-0.7279498, 0.148743868, -0.6221501, -0.246766374)
(-0.7226218, 0.147791684, -0.621551335, -0.2639117)
(-0.727322, 0.143384859, -0.6239374, -0.2472763)
(-0.73255384, 0.148404017, -0.623174369, -0.230206)
(-0.7281267, 0.153124526, -0.620933831, -0.246628568)
(-0.7273105, 0.1340513, -0.626445651, -0.246202648)
(-0.7311671, 0.149685845, -0.6224902, -0.235573217)
(-0.725744665, 0.142997652, -0.623619735, -0.252873033)
(-0.727068365, 0.16125758, -0.618194461, -0.251402169)
(-0.7278667, 0.1436353, -0.6238638, -0.245708868)
(-0.7321714, 0.1374931, -0.626463354, -0.229269058)
(-0.72843647, 0.146208346, -0.623250842, -0.244052991)
(-0.7332588, 0.1447798, -0.624283433, -0.2272455)
(-0.7288558, 0.149173111, -0.622219145, -0.243639171)
(-0.7234482, 0.143311366, -0.623023033, -0.2606275)
(-0.728357136, 0.14118053, -0.624703944, -0.2435343)
(-0.733353138, 0.146182016, -0.6240898, -0.226574481)
(-0.728555143, 0.149477646, -0.6223818, -0.243935868)
(-0.7285892, 0.13135916, -0.6275679, -0.2409587)
(-0.7317653, 0.148786068, -0.622790754, -0.2334825)
(-0.7266261, 0.1414848, -0.623940766, -0.250388771)
(-0.7284367, 0.1599787, -0.618550062, -0.247351184)
(-0.7276401, 0.141255423, -0.624349236, -0.24652575)
