(0, 0, 0, 0)
(-0.695692658, -0.257982582, -0.6697412, -0.0300564431)
(-0.691218257, -0.27404, -0.6682943, -0.0224073753)
(-0.6965285, -0.259247482, -0.668302, -0.0317985341)
(-0.6919232, -0.274778277, -0.667265654, -0.02226869)
(-0.696863055, -0.258823484, -0.668215036, -0.02967906)
(-0.6968535, -0.248184189, -0.6727338, -0.0151338186)
(-0.696654856, -0.261282623, -0.667546332, -0.0280215815)
(-0.695391536, -0.2763002, -0.6623161, -0.0377654321)
(-0.696853936, -0.2631155, -0.6666962, -0.0260979347)
(-0.7016733, -0.246659979, -0.6676769, -0.03194945)
(-0.697162, -0.261607349, -0.6671335, -0.02144019)
(-0.7020632, -0.24704431, -0.6671549, -0.0313142575)
(-0.697651, -0.2637097, -0.6657122, -0.0238243081)
(-0.692910254, -0.273730576, -0.667004645, -0.007196961)
(-0.6981629, -0.264589757, -0.6648497, -0.0231434647)
(-0.7033906, -0.250755, -0.6642193, -0.0342975222)
(-0.698947966, -0.2618022, -0.6652652, -0.0188042037)
(-0.703633547, -0.255315959, -0.6620943, -0.0366715044)
(-0.6989692, -0.2707742, -0.661366463, -0.0267921742)
(-0.7039895, -0.2553776, -0.661797345, -0.0347182639)
(-0.699235737, -0.268417269, -0.6622507, -0.0211041272)
(-0.7036329, -0.251376122, -0.6641821, -0.0239349268)
(-0.701042831, -0.268376172, -0.6601046, -0.0278405342)
(-0.701928854, -0.255855024, -0.6645373, -0.0149769513)
(-0.7028704, -0.26544255, -0.6592109, -0.0308903325)
(-0.7035942, -0.253287315, -0.663691461, -0.0177298263)
(-0.703586, -0.265563756, -0.658373535, -0.03141545)
(-0.70528847, -0.251377821, -0.6625041, -0.02157931)
(-0.7044279, -0.265219063, -0.65751946, -0.0332898349)
(-0.70608, -0.250988, -0.6617469, -0.0233883131)
(-0.7041372, -0.266952962, -0.657229543, -0.03124279)
(-0.7060358, -0.252361566, -0.661322355, -0.021905683)
(-0.703841567, -0.268630475, -0.6569947, -0.02833192)
(-0.707284331, -0.2516489, -0.660106361, -0.0261010118)
(-0.7044035, -0.268689215, -0.6562636, -0.03065844)
(-0.706364751, -0.254038274, -0.66032505, -0.0220057443)
(-0.70177567, -0.270012826, -0.659101248, -0.0137661789)
(-0.7068156, -0.254751951, -0.6595299, -0.0230953023)
(-0.7043072, -0.271469355, -0.6553031, -0.02887167)
(-0.7068492, -0.2557103, -0.659137666, -0.0226698816)
(-0.704519868, -0.252045035, -0.663408041, -0.00383627787)
(-0.706472635, -0.258120924, -0.658624053, -0.0220084023)
(-0.7096955, -0.257264, -0.6545467, -0.0414246)
(-0.7064133, -0.258110076, -0.6586863, -0.022174973)
(-0.710959733, -0.246774912, -0.6574824, -0.0368151739)
(-0.705977738, -0.258882225, -0.658840358, -0.0224694181)
(-0.701759934, -0.262084365, -0.6624446, -0.00346095464)
(-0.7058456, -0.25677833, -0.6598271, -0.0217966)
(-0.7015213, -0.274387181, -0.6574183, -0.0195108633)
(-0.704292834, -0.2577088, -0.6612813, -0.01626899)
(-0.7062305, -0.2615973, -0.656930864, -0.0353163332)
(-0.7059493, -0.250790864, -0.6620402, -0.0210338272)
(-0.703761637, -0.2663028, -0.657947063, -0.0301321968)
(-0.7032082, -0.255812764, -0.66318655, -0.0155428741)
(-0.7030015, -0.26680705, -0.6585409, -0.0304443538)
(-0.7039954, -0.252528965, -0.6634772, -0.0204325821)
(-0.7045526, -0.260707259, -0.6589565, -0.03759911)
(-0.700495243, -0.262970924, -0.6631844, -0.0184198134)
(-0.7022653, -0.267372847, -0.658755362, -0.0371033959)
(-0.699826, -0.262940735, -0.6638899, -0.0188659113)
(-0.701829433, -0.266999245, -0.6593406, -0.037641827)
(-0.6993238, -0.2636311, -0.6641369, -0.0191639028)
(-0.702133656, -0.264646351, -0.6599188, -0.03844333)
(-0.6990531, -0.26335758, -0.664524734, -0.0193500258)
(-0.7020337, -0.2633224, -0.6605379, -0.03872696)
(-0.6997598, -0.259209484, -0.6653828, -0.0203059483)
(-0.7014989, -0.2647767, -0.66054225, -0.0384238549)
(-0.699287534, -0.260863364, -0.6652475, -0.0198246948)
(-0.70096755, -0.2665874, -0.6604045, -0.0379675366)
(-0.698240638, -0.264136344, -0.665072262, -0.019259654)
(-0.7016223, -0.262518018, -0.6612938, -0.0387426466)
(-0.698327959, -0.2624709, -0.66563046, -0.0195769984)
(-0.700357556, -0.266893536, -0.6609215, -0.0380754136)
(-0.6976182, -0.26471, -0.6655093, -0.0188405011)
(-0.700539649, -0.2662819, -0.6609964, -0.0377092436)
(-0.6970463, -0.267660022, -0.6649425, -0.0183332767)
(-0.701767, -0.259088159, -0.662695646, -0.03508119)
(-0.6966591, -0.2712178, -0.6638401, -0.0205764975)
(-0.7014534, -0.2605604, -0.6624338, -0.0353957266)
(-0.697001457, -0.266264975, -0.6655857, -0.0169556942)
(-0.7018853, -0.2542066, -0.6646669, -0.03088797)
(-0.6972812, -0.2710956, -0.663096368, -0.0246847384)
(-0.702046156, -0.255557537, -0.663937032, -0.0317684971)
(-0.6971333, -0.270277977, -0.6637197, -0.020767007)
(-0.701938033, -0.255031526, -0.66434747, -0.02974148)
(-0.697912037, -0.2727286, -0.661604047, -0.0286018271)
(-0.7001354, -0.257303417, -0.665685356, -0.02164178)
(-0.6969099, -0.274591476, -0.6620482, -0.0246620271)
(-0.7000843, -0.2579849, -0.665453, -0.0223175343)
(-0.6966602, -0.275343627, -0.662010252, -0.0243493784)
(-0.699777842, -0.2587026, -0.665525258, -0.0214497466)
(-0.6990716, -0.27169463, -0.66054, -0.03417416)
(-0.6999495, -0.258696824, -0.665317655, -0.0223395824)
(-0.6989479, -0.2723531, -0.6603977, -0.0342101976)
(-0.6971946, -0.2664703, -0.6653203, -0.0161943343)
(-0.702056766, -0.254889548, -0.6642419, -0.0305026062)
(-0.6970864, -0.2671969, -0.6651221, -0.017000692)
(-0.7016793, -0.259398222, -0.6627073, -0.0343180932)
(-0.6965926, -0.271090239, -0.6640002, -0.0193032548)
(-0.701423764, -0.260951042, -0.6623571, -0.03453175)
(-0.6964388, -0.2717001, -0.663917959, -0.0191031229)
(-0.701072156, -0.255727082, -0.6651253, -0.0266440231)
(-0.696600258, -0.2730364, -0.6631027, -0.0222278461)
(-0.6987342, -0.2578241, -0.6671339, -0.0151477782)
(-0.696800649, -0.273822248, -0.6625356, -0.0231679212)
(-0.7017873, -0.259192228, -0.6627378, -0.03305423)
(-0.6967397, -0.272153, -0.663405, -0.0195059739)
(-0.701726854, -0.260480821, -0.6622661, -0.03365574)
(-0.6971176, -0.2682601, -0.6646865, -0.0159800816)
(-0.701174855, -0.264824748, -0.66106236, -0.03490205)
(-0.7002284, -0.25640893, -0.666028142, -0.0184709448)
(-0.7008529, -0.265755862, -0.661053956, -0.0344496258)
(-0.697567761, -0.265507519, -0.6653422, -0.0149863567)
(-0.6999744, -0.269057274, -0.6606935, -0.03358505)
(-0.6968223, -0.268023849, -0.665127754, -0.0143905226)
(-0.70114696, -0.262539566, -0.662104845, -0.0329108872)
(-0.6964607, -0.26973927, -0.6647954, -0.0151724415)
(-0.7005104, -0.265461951, -0.6615699, -0.0337682851)
(-0.6961845, -0.269922256, -0.665015042, -0.0149757024)
(-0.7010186, -0.259402454, -0.663597941, -0.0303509478)
(-0.6962959, -0.267445564, -0.6659403, -0.0129777174)
(-0.700377, -0.263145924, -0.6627595, -0.0312426481)
(-0.69556576, -0.271538675, -0.66502887, -0.0138402758)
(-0.700451851, -0.262088537, -0.6631372, -0.0304281879)
(-0.7021566, -0.246910974, -0.6674891, -0.0216634)
(-0.7004571, -0.262038976, -0.6631331, -0.0308193117)
(-0.695221961, -0.2771354, -0.6629233, -0.0198804941)
(-0.6995431, -0.26096344, -0.664774537, -0.0247456413)
(-0.6952601, -0.277926654, -0.662480831, -0.02212043)
(-0.6996614, -0.26099655, -0.6645696, -0.0264969636)
(-0.6948404, -0.269471049, -0.666705668, -0.009256061)
(-0.699424148, -0.262824267, -0.6640958, -0.0265719555)
(-0.6944329, -0.2787512, -0.6631261, -0.0180123225)
(-0.6995263, -0.264356256, -0.6632873, -0.02878794)
(-0.694420636, -0.2751955, -0.6647303, -0.0134550631)
(-0.699258745, -0.2606088, -0.6652721, -0.0230928119)
(-0.6948358, -0.2657858, -0.6682382, -0.004331546)
(-0.6987305, -0.2634571, -0.6646922, -0.0234595481)
(-0.6995244, -0.272375315, -0.659465432, -0.0397845134)
(-0.6966709, -0.270700365, -0.664041758, -0.0204811841)
(-0.7009316, -0.2540766, -0.665966749, -0.0250632223)
(-0.696371138, -0.270689458, -0.664385438, -0.0196619257)
(-0.700637639, -0.254327685, -0.6661968, -0.0246200655)
(-0.6961407, -0.2718718, -0.6641262, -0.0202554688)
(-0.700611353, -0.256092668, -0.665493131, -0.0260595586)
(-0.695723, -0.271096349, -0.6649906, -0.0162438583)
(-0.7002674, -0.254777759, -0.666473, -0.0229717661)
(-0.69818306, -0.270729452, -0.66202, -0.0312324688)
(-0.6965795, -0.264370769, -0.666858435, -0.0135985985)
(-0.695438743, -0.278466046, -0.66198796, -0.024362)
(-0.69927305, -0.261158615, -0.6649863, -0.0246297233)
(-0.7040988, -0.248127773, -0.6643049, -0.0371003635)
(-0.6991858, -0.263459474, -0.6641112, -0.0261661671)
(-0.6943388, -0.279934585, -0.6626941, -0.01915362)
(-0.6970894, -0.263330549, -0.6667167, -0.0145655842)
(-0.7015001, -0.257012576, -0.6638923, -0.0330008827)
(-0.698633969, -0.255921245, -0.6680021, -0.0137099577)
(-0.6978795, -0.2698317, -0.662958264, -0.0253254063)
(-0.6940387, -0.2718976, -0.666592836, -0.006003799)
(-0.698625147, -0.266203582, -0.6636801, -0.0242333133)
(-0.701247752, -0.2498232, -0.6674425, -0.0189891532)
(-0.698272645, -0.2670462, -0.6637769, -0.0224036686)
(-0.6989296, -0.254011571, -0.6684807, -0.0104414262)
(-0.6981291, -0.267707318, -0.663666844, -0.0222481247)
(-0.70241493, -0.251084715, -0.6654824, -0.026511997)
(-0.697834432, -0.2670621, -0.6643481, -0.0186186023)
(-0.702632844, -0.252087682, -0.6648115, -0.0280104261)
(-0.698284149, -0.2691593, -0.6628593, -0.0238769036)
(-0.703084469, -0.254389584, -0.6631857, -0.033804886)
(-0.698101044, -0.2664018, -0.6643105, -0.0194067843)
(-0.6991235, -0.252464533, -0.6688884, -0.008744017)
(-0.6979998, -0.267183125, -0.664118469, -0.0188705)
(-0.697536469, -0.27970773, -0.6589276, -0.0319488272)
(-0.700008452, -0.263750255, -0.663150668, -0.025597)
(-0.697340965, -0.2605826, -0.6676575, -0.006751285)
(-0.700195, -0.2628914, -0.6632935, -0.0256285574)
(-0.695162, -0.274290144, -0.6643839, -0.0104338089)
(-0.7001045, -0.2658545, -0.662144661, -0.0271946453)
(-0.695826352, -0.270525962, -0.66525656, -0.008662748)
(-0.70064193, -0.262105882, -0.6631422, -0.02537227)
(-0.6956279, -0.27259925, -0.6646081, -0.009352186)
(-0.700433969, -0.264132053, -0.6625324, -0.0260256063)
(-0.697721, -0.2612481, -0.6669958, -0.00716699054)
(-0.70071274, -0.263125241, -0.6626312, -0.0262042116)
(-0.695620537, -0.2774045, -0.6625321, -0.0144967623)
(-0.7003876, -0.2615885, -0.6637485, -0.02160082)
(-0.6968605, -0.278790444, -0.6604076, -0.0228715446)
(-0.700622559, -0.261843324, -0.663364351, -0.0226683859)
(-0.700376, -0.273926228, -0.6581213, -0.03625173)
(-0.7000846, -0.2640263, -0.6631283, -0.0207968149)
(-0.6959699, -0.281213939, -0.6604563, -0.018499529)
(-0.7002177, -0.26425302, -0.66288054, -0.02132641)
(-0.703624547, -0.247308165, -0.6658372, -0.020297857)
(-0.699617267, -0.2646096, -0.66349417, -0.0171136316)
(-0.7028968, -0.2646457, -0.659219742, -0.0364428051)
(-0.7012161, -0.258836627, -0.664044142, -0.0185756367)
(-0.705552042, -0.252396733, -0.6611903, -0.0363261625)
(-0.700809, -0.2630746, -0.662766159, -0.0199863482)
(-0.6959823, -0.27899915, -0.6615329, -0.0119302766)
(-0.7009889, -0.264057517, -0.662123, -0.0219401829)
(-0.702884853, -0.2484126, -0.66636014, -0.0144340033)
(-0.700158656, -0.265523732, -0.662512958, -0.0187499952)
(-0.7036722, -0.248734668, -0.665310442, -0.0183969457)
(-0.7006779, -0.265992075, -0.661703348, -0.0211513489)
(-0.699593961, -0.25753662, -0.6665002, -0.004552266)
(-0.701747954, -0.262995, -0.661711752, -0.0228279326)
(-0.7032071, -0.248229459, -0.6661077, -0.0135073764)
(-0.7027145, -0.261088163, -0.6613029, -0.0265292916)
(-0.69779104, -0.270327866, -0.663266838, -0.009361558)
(-0.7025928, -0.2617497, -0.6611981, -0.025839461)
(-0.6990585, -0.2625646, -0.6650809, -0.006666864)
(-0.7028861, -0.2598058, -0.661653757, -0.0258125)
(-0.6997489, -0.258691043, -0.665874243, -0.00647794)
(-0.7010944, -0.266703159, -0.660901666, -0.02334536)
(-0.699122667, -0.261199772, -0.665563643, -0.005224929)
(-0.701766551, -0.2645564, -0.6610185, -0.0242501255)
(-0.703776956, -0.249020234, -0.665139, -0.0166475177)
(-0.699795663, -0.266263664, -0.6627301, -0.0133602573)
(-0.7045778, -0.2510701, -0.663356841, -0.0221735463)
(-0.7001962, -0.267489165, -0.6617464, -0.0163267758)
(-0.7050543, -0.25359112, -0.6616789, -0.0277682319)
(-0.6999963, -0.26901713, -0.6613133, -0.0173145626)
(-0.700825036, -0.2553356, -0.666036248, -0.006602523)
(-0.7000012, -0.269203156, -0.661208153, -0.0182143971)
(-0.702815, -0.2525252, -0.664887249, -0.0143919252)
(-0.702633739, -0.264757276, -0.659861863, -0.02813711)
(-0.7008575, -0.2591312, -0.664491534, -0.01003802)
(-0.700243533, -0.272722, -0.6593891, -0.0220845249)
(-0.6996189, -0.26295346, -0.66433835, -0.00659605348)
(-0.704438567, -0.253728181, -0.6624526, -0.0233418178)
(-0.699945748, -0.2613668, -0.664631367, -0.00533516)
(-0.7030557, -0.263053477, -0.6602415, -0.0244290382)
(-0.699446, -0.264446616, -0.6639406, -0.005105352)
(-0.704297662, -0.255970925, -0.661785, -0.022008257)
(-0.7001088, -0.261577368, -0.664388061, -0.00366335246)
(-0.70419234, -0.257931173, -0.661116, -0.0225905459)
(-0.6992434, -0.274057657, -0.660112441, -0.0142292781)
(-0.7039773, -0.259115249, -0.6608742, -0.0228129514)
(-0.698943853, -0.27092433, -0.6618205, -0.008441722)
(-0.7037777, -0.255666, -0.6625858, -0.0176594853)
(-0.69907254, -0.264390081, -0.664375544, -0.000776789268)
(-0.703226149, -0.261065453, -0.6610069, -0.0196870286)
(-0.6995929, -0.2786044, -0.6576736, -0.02036733)
(-0.7030757, -0.261733741, -0.6609163, -0.019225277)
(-0.7070704, -0.2568743, -0.657744765, -0.03792966)
(-0.7032911, -0.259806424, -0.6614647, -0.0186181273)
(-0.698290646, -0.269685775, -0.663064659, -0.00225220667)
(-0.703155458, -0.261326373, -0.6609943, -0.01916839)
(-0.7049115, -0.2674498, -0.6558841, -0.03723606)
(-0.703621268, -0.260596842, -0.6607676, -0.0198153369)
(-0.698491633, -0.272206157, -0.6618063, -0.005077715)
(-0.703227162, -0.257624745, -0.662470043, -0.015315216)
(-0.7078205, -0.245710671, -0.661638439, -0.0291696563)
(-0.7029787, -0.2604855, -0.661554754, -0.0177080967)
(-0.698602736, -0.277744383, -0.6592632, -0.013579323)
(-0.7027818, -0.2608822, -0.6616286, -0.01690693)
(-0.707479537, -0.2503057, -0.6601245, -0.032486394)
(-0.7025902, -0.261775434, -0.6614639, -0.0174944773)
(-0.70172143, -0.275251359, -0.656463563, -0.02965498)
