(0.5124512, -0.117980957, -0.242492676, 0.8152466)
(0.505249, -0.114501953, -0.2442627, 0.819702148)
(0.505249, -0.114501953, -0.2442627, 0.819702148)
(0.49621582, -0.110351563, -0.24621582, 0.8251343)
(0.49621582, -0.110351563, -0.24621582, 0.8251343)
(0.486083984, -0.105834961, -0.248535156, 0.8311157)
(0.476074219, -0.101745605, -0.250793457, 0.8366699)
(0.4675293, -0.09851074, -0.252868652, 0.841247559)
(0.4675293, -0.09851074, -0.252868652, 0.841247559)
(0.461181641, -0.09564209, -0.254638672, 0.844543457)
(0.461181641, -0.09564209, -0.254638672, 0.844543457)
(0.4560547, -0.09307861, -0.255615234, 0.847290039)
(0.4560547, -0.09307861, -0.255615234, 0.847290039)
(0.451965332, -0.09075928, -0.256652832, 0.84942627)
(0.451965332, -0.09075928, -0.256652832, 0.84942627)
(0.4486084, -0.08880615, -0.2584839, 0.8508911)
(0.445007324, -0.0876464844, -0.260620117, 0.8522339)
(0.445007324, -0.0876464844, -0.260620117, 0.8522339)
(0.440368652, -0.0859985352, -0.2623291, 0.8543091)
(0.440368652, -0.0859985352, -0.2623291, 0.8543091)
(0.43572998, -0.0843505859, -0.263793945, 0.8563843)
(0.43572998, -0.0843505859, -0.263793945, 0.8563843)
(0.431335449, -0.08288574, -0.26550293, 0.858215332)
(0.431335449, -0.08288574, -0.26550293, 0.858215332)
(0.427001953, -0.08203125, -0.267150879, 0.8599243)
(0.4229126, -0.08154297, -0.268676758, 0.861572266)
(0.4229126, -0.08154297, -0.268676758, 0.861572266)
(0.419189453, -0.08117676, -0.2701416, 0.862915039)
(0.419189453, -0.08117676, -0.2701416, 0.862915039)
(0.415771484, -0.08099365, -0.27130127, 0.8641968)
(0.415771484, -0.08099365, -0.27130127, 0.8641968)
(0.4118042, -0.08081055, -0.2723999, 0.8657837)
(0.407348633, -0.0802001953, -0.2736206, 0.867614746)
(0.407348633, -0.0802001953, -0.2736206, 0.867614746)
(0.4029541, -0.08001709, -0.274780273, 0.86932373)
(0.39831543, -0.0795898438, -0.27557373, 0.8712158)
(0.39831543, -0.0795898438, -0.27557373, 0.8712158)
(0.393981934, -0.07904053, -0.276184082, 0.8730469)
(0.393981934, -0.07904053, -0.276184082, 0.8730469)
(0.389648438, -0.07861328, -0.276794434, 0.8748169)
(0.389648438, -0.07861328, -0.276794434, 0.8748169)
(0.385620117, -0.07824707, -0.2775879, 0.8764038)
(0.381713867, -0.07800293, -0.278381348, 0.877868652)
(0.381713867, -0.07800293, -0.278381348, 0.877868652)
(0.377502441, -0.07751465, -0.2789917, 0.8795166)
(0.377502441, -0.07751465, -0.2789917, 0.8795166)
(0.373352051, -0.07672119, -0.279602051, 0.881164551)
(0.3694458, -0.07574463, -0.2802124, 0.8826904)
(0.3694458, -0.07574463, -0.2802124, 0.8826904)
(0.365844727, -0.07489014, -0.280639648, 0.8841553)
(0.365844727, -0.07489014, -0.280639648, 0.8841553)
(0.3630371, -0.07470703, -0.280944824, 0.8852539)
(0.3630371, -0.07470703, -0.280944824, 0.8852539)
(0.3607788, -0.07446289, -0.281005859, 0.886169434)
(0.3607788, -0.07446289, -0.281005859, 0.886169434)
(0.358825684, -0.07397461, -0.281188965, 0.8869629)
(0.358825684, -0.07397461, -0.281188965, 0.8869629)
(0.35723877, -0.07348633, -0.281555176, 0.8875122)
(0.355896, -0.07293701, -0.281799316, 0.8880005)
(0.355896, -0.07293701, -0.281799316, 0.8880005)
(0.3548584, -0.07244873, -0.282043457, 0.8883667)
(0.3548584, -0.07244873, -0.282043457, 0.8883667)
(0.354125977, -0.072265625, -0.282592773, 0.8885498)
(0.3529663, -0.0717773438, -0.28302002, 0.888855)
(0.3529663, -0.0717773438, -0.28302002, 0.888855)
(0.352050781, -0.07141113, -0.283447266, 0.889160156)
(0.352050781, -0.07141113, -0.283447266, 0.889160156)
(0.351623535, -0.07110596, -0.283935547, 0.889160156)
(0.351623535, -0.07110596, -0.283935547, 0.889160156)
(0.35144043, -0.07080078, -0.2843628, 0.889160156)
(0.35144043, -0.07080078, -0.2843628, 0.889160156)
(0.3508911, -0.06976318, -0.28515625, 0.889160156)
(0.350769043, -0.06945801, -0.2854004, 0.889160156)
(0.350769043, -0.06945801, -0.2854004, 0.889160156)
(0.350769043, -0.06896973, -0.285827637, 0.8890991)
(0.350769043, -0.06896973, -0.285827637, 0.8890991)
(0.350769043, -0.06854248, -0.286071777, 0.8890381)
(0.350769043, -0.06854248, -0.286071777, 0.8890381)
(0.351257324, -0.06817627, -0.286315918, 0.888793945)
(0.351257324, -0.06817627, -0.286315918, 0.888793945)
(0.35168457, -0.0681152344, -0.286376953, 0.88861084)
(0.351623535, -0.06774902, -0.286560059, 0.88861084)
(0.351623535, -0.06774902, -0.286560059, 0.88861084)
(0.3517456, -0.06738281, -0.286682129, 0.8885498)
(0.3517456, -0.06738281, -0.286682129, 0.8885498)
(0.3522339, -0.06732178, -0.286743164, 0.888305664)
(0.3522339, -0.06732178, -0.286743164, 0.888305664)
(0.352844238, -0.06750488, -0.2866211, 0.888122559)
(0.353027344, -0.06768799, -0.286499023, 0.8880615)
(0.353027344, -0.06768799, -0.286499023, 0.8880615)
(0.353393555, -0.06774902, -0.286438, 0.887939453)
(0.353393555, -0.06774902, -0.286438, 0.887939453)
(0.353759766, -0.06781006, -0.2861328, 0.8878784)
(0.353759766, -0.06781006, -0.2861328, 0.8878784)
(0.35369873, -0.06781006, -0.285888672, 0.8880005)
(0.35369873, -0.06781006, -0.285888672, 0.8880005)
(0.353881836, -0.06793213, -0.285644531, 0.8880005)
(0.353881836, -0.06793213, -0.285644531, 0.8880005)
(0.354553223, -0.06817627, -0.2854004, 0.887756348)
(0.355102539, -0.0684814453, -0.284973145, 0.8876343)
(0.355102539, -0.0684814453, -0.284973145, 0.8876343)
(0.355102539, -0.0684814453, -0.284973145, 0.8876343)
(0.355102539, -0.0684814453, -0.284973145, 0.8876343)
(0.355102539, -0.0687255859, -0.284667969, 0.887756348)
(0.3555298, -0.06890869, -0.284423828, 0.8876343)
(0.3555298, -0.06890869, -0.284423828, 0.8876343)
(0.356201172, -0.06933594, -0.2841797, 0.887390137)
(0.356201172, -0.06933594, -0.2841797, 0.887390137)
(0.3567505, -0.06970215, -0.284057617, 0.887207031)
(0.3567505, -0.06970215, -0.284057617, 0.887207031)
(0.3567505, -0.06970215, -0.284057617, 0.887207031)
(0.3567505, -0.06970215, -0.284057617, 0.887207031)
(0.356567383, -0.06994629, -0.284057617, 0.887268066)
(0.356567383, -0.06994629, -0.284057617, 0.887268066)
(0.356567383, -0.06994629, -0.284057617, 0.887268066)
(0.3569336, -0.07006836, -0.283813477, 0.887146)
(0.3569336, -0.07006836, -0.283813477, 0.887146)
(0.357421875, -0.0703125, -0.283752441, 0.8869629)
(0.357421875, -0.0703125, -0.283752441, 0.8869629)
(0.357421875, -0.0703125, -0.283752441, 0.8869629)
(0.357421875, -0.0703125, -0.283752441, 0.8869629)
(0.357666016, -0.0703735352, -0.2836914, 0.886901855)
(0.357666016, -0.0703735352, -0.2836914, 0.886901855)
(0.358032227, -0.0703735352, -0.283569336, 0.8867798)
(0.358032227, -0.0703735352, -0.283569336, 0.8867798)
(0.358215332, -0.07019043, -0.283569336, 0.8867798)
(0.358215332, -0.07019043, -0.283569336, 0.88671875)
(0.358215332, -0.07019043, -0.283569336, 0.88671875)
(0.3581543, -0.07019043, -0.283569336, 0.8867798)
(0.3581543, -0.07019043, -0.283569336, 0.8867798)
(0.3583374, -0.07019043, -0.283752441, 0.8865967)
(0.358581543, -0.0701293945, -0.283813477, 0.8864746)
(0.358581543, -0.0701293945, -0.283813477, 0.8864746)
(0.3590088, -0.07006836, -0.283813477, 0.886352539)
(0.3590088, -0.07006836, -0.283813477, 0.886352539)
(0.359619141, -0.07019043, -0.283752441, 0.8861084)
(0.359619141, -0.07019043, -0.283752441, 0.8861084)
(0.359985352, -0.07019043, -0.2836914, 0.8859863)
(0.359985352, -0.07019043, -0.2836914, 0.8859863)
(0.360168457, -0.0702514648, -0.2836914, 0.885864258)
(0.360168457, -0.0702514648, -0.2836914, 0.885864258)
(0.360351563, -0.07006836, -0.283630371, 0.885864258)
(0.360351563, -0.07006836, -0.283630371, 0.885864258)
(0.361083984, -0.0703735352, -0.283447266, 0.8856201)
(0.3618164, -0.07055664, -0.28326416, 0.885314941)
(0.362121582, -0.07067871, -0.283203125, 0.8852539)
(0.362121582, -0.0706176758, -0.283203125, 0.8851929)
(0.3619995, -0.07086182, -0.282897949, 0.885314941)
(0.3619995, -0.07086182, -0.282897949, 0.885314941)
(0.361938477, -0.07086182, -0.282897949, 0.885376)
(0.361938477, -0.07086182, -0.282897949, 0.885376)
(0.362426758, -0.07104492, -0.282775879, 0.8851929)
(0.362426758, -0.07104492, -0.282775879, 0.8851929)
(0.362609863, -0.07116699, -0.282531738, 0.8851929)
(0.362609863, -0.07116699, -0.282531738, 0.8851929)
(0.362609863, -0.07116699, -0.282531738, 0.8851929)
(0.362609863, -0.07116699, -0.282531738, 0.8851929)
(0.3626709, -0.07116699, -0.282531738, 0.8851929)
(0.3626709, -0.07116699, -0.282531738, 0.8851929)
(0.3626709, -0.07116699, -0.282531738, 0.8851929)
(0.3626709, -0.07116699, -0.282531738, 0.8851929)
(0.3626709, -0.07116699, -0.282531738, 0.8851929)
(0.362976074, -0.07122803, -0.282531738, 0.8850708)
(0.362792969, -0.07122803, -0.2824707, 0.885131836)
(0.362792969, -0.07122803, -0.2824707, 0.885131836)
(0.362792969, -0.07116699, -0.2824707, 0.885131836)
(0.362792969, -0.07116699, -0.2824707, 0.885131836)
(0.362792969, -0.07122803, -0.2824707, 0.885131836)
(0.362792969, -0.07122803, -0.2824707, 0.885131836)
(0.362792969, -0.07122803, -0.2824707, 0.885131836)
(0.362792969, -0.07122803, -0.2824707, 0.885131836)
(0.362792969, -0.07122803, -0.2824707, 0.885131836)
(0.362792969, -0.07128906, -0.2824707, 0.885131836)
(0.362792969, -0.07128906, -0.2824707, 0.885131836)
(0.362854, -0.07141113, -0.282165527, 0.8851929)
(0.362854, -0.07141113, -0.282165527, 0.8851929)
(0.362915039, -0.07147217, -0.282165527, 0.8851929)
(0.362854, -0.07147217, -0.282165527, 0.8851929)
(0.362854, -0.07147217, -0.282165527, 0.8851929)
(0.362915039, -0.07147217, -0.282165527, 0.8851929)
(0.362792969, -0.07141113, -0.282165527, 0.8851929)
(0.362792969, -0.07141113, -0.282165527, 0.8851929)
(0.362792969, -0.07141113, -0.282165527, 0.8851929)
(0.362792969, -0.07141113, -0.282165527, 0.8851929)
(0.3626709, -0.07147217, -0.282165527, 0.8852539)
(0.3626709, -0.07147217, -0.282165527, 0.8852539)
(0.3626709, -0.07147217, -0.282165527, 0.8852539)
(0.3626709, -0.07147217, -0.2821045, 0.8852539)
(0.3626709, -0.07147217, -0.2821045, 0.8852539)
(0.362731934, -0.07171631, -0.2819214, 0.8852539)
(0.362731934, -0.07171631, -0.2819214, 0.8852539)
(0.362548828, -0.0717773438, -0.2819214, 0.885376)
(0.362548828, -0.0717773438, -0.2819214, 0.885376)
(0.362426758, -0.0720214844, -0.281799316, 0.885437)
(0.362426758, -0.0720214844, -0.281799316, 0.885437)
(0.362426758, -0.0720214844, -0.281799316, 0.885437)
(0.362426758, -0.0720214844, -0.281799316, 0.885437)
(0.362426758, -0.0720214844, -0.281799316, 0.885437)
(0.362426758, -0.0720214844, -0.281799316, 0.885437)
(0.362426758, -0.0720214844, -0.281799316, 0.885437)
(0.362548828, -0.07208252, -0.281555176, 0.885437)
(0.362548828, -0.07208252, -0.281555176, 0.885437)
(0.362548828, -0.07208252, -0.281555176, 0.885437)
(0.362609863, -0.07208252, -0.281555176, 0.885437)
(0.362609863, -0.07208252, -0.281555176, 0.885437)
(0.362609863, -0.07208252, -0.281555176, 0.885437)
(0.362609863, -0.0721435547, -0.281555176, 0.885437)
(0.362609863, -0.0721435547, -0.281555176, 0.885437)
(0.362609863, -0.0721435547, -0.281555176, 0.885437)
(0.362609863, -0.0721435547, -0.281494141, 0.885437)
(0.362609863, -0.0721435547, -0.281494141, 0.885437)
(0.3626709, -0.07220459, -0.281494141, 0.885437)
(0.3626709, -0.07220459, -0.281494141, 0.885437)
(0.3626709, -0.07220459, -0.281494141, 0.885437)
(0.362609863, -0.07220459, -0.281494141, 0.885437)
(0.362609863, -0.07220459, -0.281494141, 0.885437)
(0.362609863, -0.07220459, -0.281494141, 0.885437)
(0.362609863, -0.07220459, -0.281494141, 0.885437)
(0.3624878, -0.07244873, -0.281494141, 0.885498047)
(0.3624878, -0.07244873, -0.281494141, 0.885498047)
(0.362243652, -0.07244873, -0.281738281, 0.885498047)
(0.362243652, -0.07244873, -0.281738281, 0.885498047)
(0.3619995, -0.0725708, -0.281738281, 0.8855591)
(0.3619995, -0.0725708, -0.281738281, 0.8855591)
(0.3614502, -0.07269287, -0.281982422, 0.8857422)
(0.360717773, -0.07293701, -0.2819214, 0.8859863)
(0.360717773, -0.07293701, -0.2819214, 0.8859863)
(0.359863281, -0.07305908, -0.282348633, 0.886230469)
(0.359863281, -0.07305908, -0.282348633, 0.886230469)
(0.3590088, -0.07336426, -0.282592773, 0.8864746)
(0.35760498, -0.07354736, -0.2833252, 0.8867798)
(0.35760498, -0.07354736, -0.2833252, 0.8867798)
(0.355957031, -0.07373047, -0.284057617, 0.887207031)
(0.355957031, -0.07373047, -0.284057617, 0.887207031)
(0.354248047, -0.07397461, -0.284973145, 0.887573242)
(0.354248047, -0.07397461, -0.284973145, 0.887573242)
(0.352111816, -0.0739135742, -0.2859497, 0.888122559)
(0.352111816, -0.0739135742, -0.2859497, 0.888122559)
(0.3499756, -0.07373047, -0.2869873, 0.88861084)
(0.3499756, -0.07373047, -0.2869873, 0.88861084)
(0.348510742, -0.07385254, -0.287719727, 0.888977051)
(0.3475952, -0.07421875, -0.2883911, 0.8890991)
(0.3475952, -0.07421875, -0.2883911, 0.8890991)
(0.346069336, -0.0759277344, -0.2890625, 0.8892822)
(0.3449707, -0.07678223, -0.2892456, 0.8895874)
(0.3449707, -0.07678223, -0.2892456, 0.8895874)
(0.3449707, -0.07678223, -0.2892456, 0.8895874)
(0.343994141, -0.07739258, -0.289611816, 0.8897705)
(0.343994141, -0.07739258, -0.289611816, 0.8897705)
(0.343200684, -0.07775879, -0.289855957, 0.890014648)
(0.342834473, -0.0778198242, -0.2902832, 0.890014648)
(0.342834473, -0.0778198242, -0.2902832, 0.890014648)
(0.342407227, -0.07788086, -0.2906494, 0.890014648)
(0.342407227, -0.07788086, -0.2906494, 0.890014648)
(0.341918945, -0.07775879, -0.29119873, 0.8900757)
(0.341186523, -0.07751465, -0.291748047, 0.890197754)
(0.341186523, -0.07751465, -0.291748047, 0.890197754)
(0.340515137, -0.07733154, -0.292297363, 0.8902588)
(0.340515137, -0.07733154, -0.292297363, 0.8902588)
(0.3399048, -0.07739258, -0.29284668, 0.8903198)
(0.3399048, -0.07739258, -0.29284668, 0.8903198)
(0.339294434, -0.07739258, -0.293396, 0.890380859)
(0.339294434, -0.07739258, -0.293396, 0.890380859)
(0.338806152, -0.07745361, -0.293823242, 0.8904419)
(0.3383789, -0.07763672, -0.294189453, 0.8904419)
(0.337890625, -0.07788086, -0.294494629, 0.8905029)
(0.337890625, -0.07788086, -0.294494629, 0.8905029)
(0.337219238, -0.07800293, -0.294921875, 0.890625)
(0.337219238, -0.07800293, -0.294921875, 0.890625)
(0.336730957, -0.0781860352, -0.2952881, 0.890625)
(0.336364746, -0.0781860352, -0.295715332, 0.890625)
(0.336364746, -0.0781860352, -0.295715332, 0.890625)
(0.3359375, -0.07800293, -0.296142578, 0.890686035)
(0.3359375, -0.07800293, -0.296142578, 0.890686035)
(0.335693359, -0.07775879, -0.2965088, 0.890686035)
(0.335693359, -0.07775879, -0.2965088, 0.890686035)
(0.335510254, -0.07757568, -0.296936035, 0.890625)
(0.335510254, -0.07757568, -0.296936035, 0.890625)
(0.335327148, -0.07745361, -0.29699707, 0.890686035)
(0.335327148, -0.07745361, -0.29699707, 0.890686035)
(0.335144043, -0.07714844, -0.2972412, 0.890686035)
(0.335144043, -0.07714844, -0.2972412, 0.890686035)
(0.335144043, -0.07714844, -0.2972412, 0.890686035)
(0.335021973, -0.07696533, -0.297485352, 0.890686035)
(0.335021973, -0.07696533, -0.297485352, 0.890686035)
(0.335205078, -0.0769043, -0.2977295, 0.8905029)
(0.335021973, -0.0769043, -0.297851563, 0.890563965)
(0.335021973, -0.0769043, -0.297851563, 0.890563965)
(0.335021973, -0.0769043, -0.297851563, 0.890563965)
(0.334777832, -0.07659912, -0.297973633, 0.890625)
(0.334777832, -0.07659912, -0.297973633, 0.890625)
(0.334777832, -0.07659912, -0.297973633, 0.890625)
(0.3347168, -0.0765380859, -0.298217773, 0.890563965)
(0.3347168, -0.0765380859, -0.298217773, 0.890563965)
(0.334655762, -0.0765380859, -0.298217773, 0.890563965)
(0.334655762, -0.0765380859, -0.298217773, 0.890563965)
(0.334289551, -0.0764160156, -0.298217773, 0.8907471)
(0.334289551, -0.0764160156, -0.298217773, 0.8907471)
(0.334289551, -0.0764160156, -0.298217773, 0.8907471)
(0.334106445, -0.0764160156, -0.2979126, 0.8909302)
(0.334106445, -0.0764160156, -0.2979126, 0.8909302)
(0.334106445, -0.0764160156, -0.2979126, 0.8909302)
(0.334106445, -0.0764160156, -0.2979126, 0.8909302)
(0.33416748, -0.07635498, -0.297607422, 0.8909912)
(0.33416748, -0.07635498, -0.297607422, 0.8909912)
(0.3340454, -0.07611084, -0.297424316, 0.8911133)
(0.3340454, -0.07611084, -0.297424316, 0.8911133)
(0.3338623, -0.0758056641, -0.297302246, 0.891235352)
(0.3338623, -0.0758056641, -0.297302246, 0.891235352)
(0.3338623, -0.07574463, -0.297302246, 0.891235352)
(0.333984375, -0.07562256, -0.297119141, 0.8912964)
(0.333984375, -0.07562256, -0.297119141, 0.8912964)
(0.334228516, -0.07531738, -0.297119141, 0.891235352)
(0.334228516, -0.07531738, -0.297119141, 0.891235352)
(0.334289551, -0.07525635, -0.297119141, 0.891235352)
(0.334289551, -0.07495117, -0.297119141, 0.891235352)
(0.334289551, -0.07495117, -0.297119141, 0.891235352)
(0.3345337, -0.0748291, -0.2970581, 0.8911743)
(0.3345337, -0.0748291, -0.2970581, 0.8911743)
(0.334472656, -0.07458496, -0.297119141, 0.891235352)
(0.334594727, -0.07434082, -0.297119141, 0.8911743)
(0.334594727, -0.07434082, -0.297119141, 0.8911743)
(0.334838867, -0.07421875, -0.297119141, 0.8911133)
(0.334838867, -0.07421875, -0.297119141, 0.8911133)
(0.335021973, -0.0740356445, -0.297119141, 0.891052246)
(0.334960938, -0.0737915039, -0.2972412, 0.891052246)
(0.334960938, -0.0737915039, -0.2972412, 0.891052246)
(0.335021973, -0.0737915039, -0.2972412, 0.891052246)
(0.335021973, -0.0737915039, -0.2972412, 0.8909912)
(0.335021973, -0.0737915039, -0.2972412, 0.8909912)
(0.335083, -0.0736084, -0.297180176, 0.8909912)
(0.335083, -0.0736084, -0.297180176, 0.8909912)
(0.335083, -0.07336426, -0.297302246, 0.8909912)
(0.3352661, -0.07312012, -0.297424316, 0.8909302)
(0.3352661, -0.07312012, -0.297424316, 0.8909302)
(0.335388184, -0.07287598, -0.2975464, 0.890869141)
(0.335388184, -0.07287598, -0.2975464, 0.890869141)
(0.3355713, -0.0726318359, -0.2977295, 0.8907471)
(0.335449219, -0.07232666, -0.297851563, 0.8908081)
(0.3355713, -0.07208252, -0.298034668, 0.890686035)
(0.3355713, -0.07208252, -0.298034668, 0.890686035)
(0.33581543, -0.07183838, -0.298034668, 0.890625)
(0.33581543, -0.07183838, -0.298034668, 0.890625)
(0.3359375, -0.07159424, -0.298156738, 0.890563965)
(0.3359375, -0.07159424, -0.298156738, 0.890563965)
(0.33605957, -0.0713501, -0.2980957, 0.8905029)
(0.33605957, -0.0713501, -0.2980957, 0.8905029)
(0.33605957, -0.07098389, -0.2982788, 0.8905029)
(0.33605957, -0.0706176758, -0.2982788, 0.890563965)
(0.33605957, -0.0706176758, -0.2982788, 0.890563965)
(0.336242676, -0.0703125, -0.298400879, 0.8904419)
(0.336242676, -0.0703125, -0.298400879, 0.8904419)
(0.336425781, -0.06994629, -0.298522949, 0.890380859)
(0.3366089, -0.06958008, -0.298522949, 0.8903198)
(0.3366089, -0.06958008, -0.298522949, 0.8903198)
(0.336669922, -0.0692749, -0.29864502, 0.8903198)
(0.336853027, -0.06915283, -0.298583984, 0.8902588)
(0.336853027, -0.06915283, -0.298583984, 0.8902588)
(0.3369751, -0.06903076, -0.2987671, 0.8901367)
(0.3369751, -0.06903076, -0.2987671, 0.8901367)
(0.3369751, -0.06903076, -0.2987671, 0.8901367)
(0.3369751, -0.06903076, -0.2987671, 0.8901367)
(0.3369751, -0.06903076, -0.2987671, 0.8901367)
(0.3369751, -0.0690918, -0.2987671, 0.8901367)
(0.3369751, -0.0690918, -0.2987671, 0.8901367)
(0.3369751, -0.0690918, -0.298706055, 0.8901367)
(0.3369751, -0.0690918, -0.298706055, 0.8901367)
(0.3369751, -0.0690918, -0.298706055, 0.8901367)
(0.3369751, -0.0690918, -0.298706055, 0.8901367)
(0.3369751, -0.06903076, -0.2987671, 0.8901367)
(0.3369751, -0.0690918, -0.2987671, 0.8901367)
(0.3369751, -0.0690918, -0.2987671, 0.8901367)
(0.3369751, -0.06903076, -0.2987671, 0.8901367)
(0.3369751, -0.06903076, -0.2987671, 0.8901367)
(0.3369751, -0.06890869, -0.298583984, 0.890197754)
(0.3369751, -0.06890869, -0.298583984, 0.890197754)
(0.337036133, -0.0686035156, -0.29864502, 0.890197754)
(0.337036133, -0.0686035156, -0.29864502, 0.890197754)
(0.337097168, -0.06842041, -0.298522949, 0.8902588)
(0.337097168, -0.06842041, -0.298522949, 0.8902588)
(0.337280273, -0.0681152344, -0.298522949, 0.890197754)
(0.337463379, -0.0678710938, -0.298400879, 0.890197754)
(0.337463379, -0.0678710938, -0.298400879, 0.890197754)
(0.337463379, -0.0678710938, -0.298400879, 0.890197754)
(0.337463379, -0.0678710938, -0.298400879, 0.890197754)
(0.337463379, -0.0678710938, -0.298400879, 0.890197754)
(0.337463379, -0.0678710938, -0.298400879, 0.890197754)
(0.337463379, -0.0678710938, -0.298400879, 0.890197754)
(0.337463379, -0.0678710938, -0.298400879, 0.890197754)
(0.337463379, -0.06768799, -0.298583984, 0.8901367)
(0.337463379, -0.06768799, -0.298583984, 0.8901367)
(0.337463379, -0.06768799, -0.298583984, 0.8901367)
(0.3375244, -0.06768799, -0.298583984, 0.8901367)
(0.337463379, -0.06774902, -0.298583984, 0.8901367)
(0.337463379, -0.06768799, -0.298583984, 0.8901367)
(0.337463379, -0.06768799, -0.298583984, 0.8901367)
(0.337463379, -0.06768799, -0.298583984, 0.8901367)
(0.337463379, -0.06768799, -0.298583984, 0.8901367)
(0.337463379, -0.06768799, -0.298583984, 0.8901367)
(0.337463379, -0.06768799, -0.298583984, 0.8901367)
(0.337463379, -0.06768799, -0.298583984, 0.8901367)
(0.337463379, -0.06768799, -0.298583984, 0.8901367)
(0.3373413, -0.06756592, -0.298706055, 0.8901367)
(0.3373413, -0.06756592, -0.298706055, 0.8901367)
(0.3373413, -0.06756592, -0.298706055, 0.8901367)
(0.337463379, -0.06750488, -0.298828125, 0.8900757)
(0.337463379, -0.06750488, -0.298828125, 0.8900757)
(0.3375244, -0.06750488, -0.298828125, 0.8900757)
(0.337585449, -0.06744385, -0.29901123, 0.8899536)
(0.337585449, -0.06744385, -0.29901123, 0.8899536)
(0.337585449, -0.06744385, -0.29901123, 0.8899536)
(0.337585449, -0.06738281, -0.2991333, 0.8898926)
(0.337585449, -0.06738281, -0.2991333, 0.8898926)
(0.337585449, -0.06738281, -0.2991333, 0.8898926)
(0.3375244, -0.06719971, -0.299377441, 0.8898926)
(0.337463379, -0.06719971, -0.299560547, 0.889831543)
(0.337463379, -0.06719971, -0.299560547, 0.889831543)
(0.337585449, -0.06719971, -0.2998047, 0.8897095)
(0.337585449, -0.06719971, -0.2998047, 0.8897095)
(0.337585449, -0.06719971, -0.2998047, 0.8897095)
(0.337585449, -0.06719971, -0.2998047, 0.8897095)
(0.337585449, -0.06719971, -0.2998047, 0.8897095)
(0.337585449, -0.06719971, -0.2998047, 0.8897095)
(0.337585449, -0.06719971, -0.2998047, 0.8897095)
