(0.525085449, -0.181640625, -0.2290039, 0.7992554)
(0.525268555, -0.181274414, -0.228759766, 0.7992554)
(0.52545166, -0.1807251, -0.228759766, 0.7993164)
(0.52545166, -0.1807251, -0.228759766, 0.7993164)
(0.5256958, -0.180236816, -0.228759766, 0.7992554)
(0.5256958, -0.180236816, -0.228759766, 0.7992554)
(0.5258789, -0.1798706, -0.22869873, 0.7992554)
(0.526001, -0.17956543, -0.22869873, 0.799194336)
(0.526001, -0.17956543, -0.22869873, 0.799194336)
(0.5263672, -0.179199219, -0.22869873, 0.799072266)
(0.5263672, -0.179199219, -0.22869873, 0.799072266)
(0.526672363, -0.178955078, -0.2288208, 0.79888916)
(0.5270386, -0.178955078, -0.2290039, 0.798584)
(0.5270386, -0.178955078, -0.2290039, 0.798584)
(0.5274658, -0.178894043, -0.229248047, 0.7982178)
(0.5274658, -0.178894043, -0.229248047, 0.7982178)
(0.527771, -0.178955078, -0.229431152, 0.797973633)
(0.527771, -0.178955078, -0.229431152, 0.797973633)
(0.528015137, -0.179077148, -0.2296753, 0.797668457)
(0.528015137, -0.179077148, -0.2296753, 0.797668457)
(0.528198242, -0.179077148, -0.230102539, 0.797485352)
(0.5285034, -0.179138184, -0.23059082, 0.797119141)
(0.5285034, -0.179138184, -0.23059082, 0.797119141)
(0.5286865, -0.179138184, -0.231750488, 0.796630859)
(0.5286865, -0.179138184, -0.231750488, 0.796630859)
(0.5286255, -0.179077148, -0.23248291, 0.7965088)
(0.5284424, -0.178894043, -0.2331543, 0.796447754)
(0.5284424, -0.178894043, -0.2331543, 0.796447754)
(0.5283203, -0.178527832, -0.233764648, 0.796447754)
(0.5283203, -0.178527832, -0.233764648, 0.796447754)
(0.5283203, -0.178222656, -0.234375, 0.7963257)
(0.5283203, -0.178222656, -0.234375, 0.7963257)
(0.5283203, -0.17791748, -0.234863281, 0.796264648)
(0.5283203, -0.17791748, -0.234863281, 0.796264648)
(0.5284424, -0.1776123, -0.235351563, 0.796081543)
(0.5284424, -0.1776123, -0.235351563, 0.796081543)
(0.5286255, -0.1774292, -0.235717773, 0.795898438)
(0.5288086, -0.177307129, -0.236022949, 0.795715332)
(0.5288086, -0.177307129, -0.236022949, 0.795715332)
(0.528930664, -0.177185059, -0.236206055, 0.795593262)
(0.528930664, -0.177185059, -0.236206055, 0.795593262)
(0.52911377, -0.177001953, -0.236328125, 0.7954712)
(0.52911377, -0.177062988, -0.236328125, 0.7954712)
(0.52911377, -0.177062988, -0.236328125, 0.7954712)
(0.529052734, -0.176879883, -0.23638916, 0.7955322)
(0.529052734, -0.176879883, -0.23638916, 0.7955322)
(0.529052734, -0.176879883, -0.23638916, 0.7955322)
(0.52911377, -0.176696777, -0.23651123, 0.7954712)
(0.52923584, -0.176635742, -0.2366333, 0.795410156)
(0.52923584, -0.176635742, -0.2366333, 0.795410156)
(0.52923584, -0.176696777, -0.2366333, 0.795410156)
(0.52923584, -0.176696777, -0.2366333, 0.795410156)
(0.529418945, -0.176696777, -0.2364502, 0.7952881)
(0.5297241, -0.176818848, -0.23626709, 0.795105)
(0.5297241, -0.176818848, -0.23626709, 0.795105)
(0.5300293, -0.176818848, -0.23626709, 0.7949219)
(0.5300293, -0.176818848, -0.23626709, 0.7949219)
(0.5303345, -0.177001953, -0.236206055, 0.794677734)
(0.5305786, -0.177124023, -0.23614502, 0.794555664)
(0.5305786, -0.177124023, -0.23614502, 0.794555664)
(0.5305786, -0.177124023, -0.23614502, 0.794555664)
(0.5305786, -0.177124023, -0.23614502, 0.794555664)
(0.5305786, -0.177124023, -0.23614502, 0.794555664)
(0.5305786, -0.177124023, -0.23614502, 0.794555664)
(0.530822754, -0.177062988, -0.235900879, 0.7944946)
(0.530822754, -0.177062988, -0.235900879, 0.7944946)
(0.531005859, -0.177001953, -0.235717773, 0.7944336)
(0.531005859, -0.177001953, -0.235717773, 0.7944336)
(0.531188965, -0.176940918, -0.2355957, 0.7943115)
(0.5314331, -0.177001953, -0.235351563, 0.7942505)
(0.5314331, -0.177001953, -0.235351563, 0.7942505)
(0.5314331, -0.177001953, -0.235351563, 0.7942505)
(0.5314331, -0.177001953, -0.235351563, 0.7942505)
(0.531677246, -0.176879883, -0.234802246, 0.7942505)
(0.531677246, -0.176879883, -0.234802246, 0.7942505)
(0.531677246, -0.176757813, -0.234680176, 0.7943115)
(0.531677246, -0.176757813, -0.234680176, 0.7943115)
(0.5317993, -0.176452637, -0.23449707, 0.794372559)
(0.5317993, -0.176452637, -0.23449707, 0.794372559)
(0.5317383, -0.176269531, -0.234375, 0.7944336)
(0.5317383, -0.176269531, -0.234375, 0.7944336)
(0.5317993, -0.176086426, -0.23425293, 0.7944946)
(0.532043457, -0.175842285, -0.2341919, 0.7944336)
(0.532043457, -0.175842285, -0.2341919, 0.7944336)
(0.5321655, -0.175476074, -0.2341919, 0.7944336)
(0.5321655, -0.175476074, -0.2341919, 0.7944336)
(0.5322876, -0.175109863, -0.234313965, 0.794372559)
(0.532348633, -0.174743652, -0.234375, 0.7944336)
(0.532348633, -0.174743652, -0.234375, 0.7944336)
(0.5322876, -0.174377441, -0.23449707, 0.7944946)
(0.5322876, -0.174377441, -0.23449707, 0.7944946)
(0.5321655, -0.174072266, -0.2345581, 0.7946167)
(0.5321655, -0.174072266, -0.2345581, 0.7946167)
(0.5321655, -0.173706055, -0.234680176, 0.794677734)
(0.5321655, -0.173706055, -0.234680176, 0.794677734)
(0.532348633, -0.173583984, -0.234680176, 0.794555664)
(0.532348633, -0.173583984, -0.234680176, 0.794555664)
(0.5325928, -0.173461914, -0.234680176, 0.7944336)
(0.5327759, -0.173217773, -0.234680176, 0.794372559)
(0.5327759, -0.173217773, -0.234680176, 0.794372559)
(0.5327759, -0.173217773, -0.234680176, 0.794372559)
(0.5327759, -0.173217773, -0.234680176, 0.794372559)
(0.532959, -0.1730957, -0.234619141, 0.7943115)
(0.532959, -0.1730957, -0.234619141, 0.7943115)
(0.532959, -0.1730957, -0.234619141, 0.7943115)
(0.532959, -0.1730957, -0.234619141, 0.7943115)
(0.533081055, -0.172851563, -0.234680176, 0.7942505)
(0.5331421, -0.172729492, -0.234863281, 0.794189453)
(0.5331421, -0.172729492, -0.234863281, 0.794189453)
(0.5331421, -0.172546387, -0.235107422, 0.7941284)
(0.534301758, -0.1716919, -0.237182617, 0.7929077)
(0.5342407, -0.1716919, -0.237426758, 0.7929077)
(0.5342407, -0.1716919, -0.237426758, 0.7929077)
(0.5342407, -0.1716919, -0.237426758, 0.7929077)
(0.5342407, -0.1716919, -0.237426758, 0.7929077)
(0.5342407, -0.17175293, -0.237426758, 0.7929077)
(0.5342407, -0.17175293, -0.237426758, 0.7929077)
(0.5342407, -0.17175293, -0.237426758, 0.7929077)
(0.5342407, -0.17175293, -0.237365723, 0.7929077)
(0.5342407, -0.17175293, -0.237365723, 0.7929077)
(0.5342407, -0.17175293, -0.237426758, 0.7929077)
(0.5342407, -0.17175293, -0.237365723, 0.7929077)
(0.5342407, -0.17175293, -0.237365723, 0.7929077)
(0.5342407, -0.17175293, -0.237365723, 0.7929077)
(0.5342407, -0.17175293, -0.237426758, 0.7929077)
(0.5342407, -0.17175293, -0.237426758, 0.7929077)
(0.5342407, -0.17175293, -0.237426758, 0.7929077)
(0.5342407, -0.17175293, -0.237426758, 0.7929077)
(0.5342407, -0.17175293, -0.237426758, 0.7929077)
(0.5342407, -0.17175293, -0.237426758, 0.7929077)
(0.5342407, -0.17175293, -0.237426758, 0.7929077)
(0.5343628, -0.171447754, -0.237548828, 0.7928467)
(0.5343628, -0.171203613, -0.2376709, 0.7928467)
(0.5343628, -0.171203613, -0.2376709, 0.7928467)
(0.5343628, -0.171203613, -0.2376709, 0.7928467)
(0.5343628, -0.171203613, -0.2376709, 0.7928467)
(0.5343628, -0.171203613, -0.2376709, 0.7928467)
(0.5343628, -0.171203613, -0.2376709, 0.7928467)
(0.534667969, -0.171081543, -0.237731934, 0.792602539)
(0.534667969, -0.171081543, -0.237731934, 0.792602539)
(0.534973145, -0.171020508, -0.237854, 0.792419434)
(0.534973145, -0.171020508, -0.237854, 0.792419434)
(0.5350342, -0.171020508, -0.237792969, 0.792419434)
(0.5350342, -0.171020508, -0.237792969, 0.792419434)
(0.5350342, -0.1708374, -0.237854, 0.792419434)
(0.5352173, -0.1706543, -0.237915039, 0.792297363)
(0.5352173, -0.1706543, -0.237915039, 0.792297363)
(0.5352173, -0.1706543, -0.237915039, 0.792297363)
(0.5352783, -0.170471191, -0.237976074, 0.792297363)
(0.5352783, -0.170471191, -0.237976074, 0.792297363)
(0.5355835, -0.170471191, -0.237915039, 0.792114258)
(0.5355835, -0.170471191, -0.237915039, 0.792114258)
(0.535827637, -0.170349121, -0.237976074, 0.791931152)
(0.535827637, -0.170349121, -0.237976074, 0.791931152)
(0.535827637, -0.170288086, -0.237976074, 0.791931152)
(0.535827637, -0.170288086, -0.237976074, 0.791931152)
(0.535827637, -0.170288086, -0.237976074, 0.7919922)
(0.535827637, -0.170288086, -0.237976074, 0.7919922)
(0.535827637, -0.170288086, -0.237976074, 0.791931152)
(0.535827637, -0.170288086, -0.237976074, 0.791931152)
(0.535827637, -0.170288086, -0.237976074, 0.791931152)
(0.535827637, -0.170288086, -0.237976074, 0.791931152)
(0.535827637, -0.170288086, -0.237976074, 0.791931152)
(0.535827637, -0.170288086, -0.237976074, 0.791931152)
(0.535827637, -0.170288086, -0.237976074, 0.791931152)
(0.535827637, -0.170288086, -0.237976074, 0.791931152)
(0.535827637, -0.170288086, -0.237976074, 0.791931152)
(0.535827637, -0.170288086, -0.237976074, 0.791931152)
(0.535827637, -0.170288086, -0.237976074, 0.791931152)
(0.535827637, -0.170349121, -0.237976074, 0.791931152)
(0.535827637, -0.170349121, -0.237976074, 0.791931152)
(0.535827637, -0.170349121, -0.237976074, 0.791931152)
(0.5358887, -0.170349121, -0.237976074, 0.791931152)
(0.5358887, -0.170349121, -0.237976074, 0.791931152)
(0.5358887, -0.170349121, -0.237976074, 0.791931152)
(0.5358887, -0.170349121, -0.237976074, 0.791931152)
(0.5358887, -0.170349121, -0.237976074, 0.791931152)
(0.5360718, -0.17010498, -0.2376709, 0.791931152)
(0.5360718, -0.17010498, -0.2376709, 0.791931152)
(0.5361328, -0.170043945, -0.2374878, 0.791931152)
(0.5361328, -0.170043945, -0.2374878, 0.791931152)
(0.5361328, -0.170043945, -0.2374878, 0.791931152)
(0.536193848, -0.170043945, -0.2374878, 0.791931152)
(0.536193848, -0.170043945, -0.2374878, 0.791931152)
(0.536193848, -0.170043945, -0.2374878, 0.791931152)
(0.536193848, -0.170043945, -0.2374878, 0.791931152)
(0.536193848, -0.170043945, -0.2374878, 0.791931152)
(0.536193848, -0.170043945, -0.2374878, 0.791931152)
(0.536193848, -0.170043945, -0.237548828, 0.7918701)
(0.536193848, -0.170043945, -0.237548828, 0.7918701)
(0.536193848, -0.170043945, -0.237548828, 0.7918701)
(0.536193848, -0.170043945, -0.237548828, 0.7918701)
(0.5362549, -0.170043945, -0.2374878, 0.7918701)
(0.5362549, -0.170043945, -0.237548828, 0.7918701)
(0.5362549, -0.170043945, -0.237548828, 0.7918701)
(0.5362549, -0.170043945, -0.237548828, 0.7918701)
(0.5362549, -0.170043945, -0.237548828, 0.7918701)
(0.5362549, -0.170043945, -0.237548828, 0.7918701)
(0.5362549, -0.170043945, -0.237548828, 0.7918701)
(0.5362549, -0.170043945, -0.237548828, 0.7918701)
(0.5362549, -0.170043945, -0.237548828, 0.7918701)
(0.5362549, -0.170043945, -0.237548828, 0.7918701)
(0.536376953, -0.16986084, -0.237609863, 0.7918091)
(0.536376953, -0.16986084, -0.237609863, 0.7918091)
(0.536376953, -0.16986084, -0.237609863, 0.7918091)
(0.536376953, -0.16986084, -0.237609863, 0.7918091)
(0.536376953, -0.16986084, -0.237609863, 0.791748047)
(0.536376953, -0.16986084, -0.237609863, 0.791748047)
(0.536376953, -0.16986084, -0.237609863, 0.791748047)
(0.536438, -0.16986084, -0.237609863, 0.791748047)
(0.536438, -0.16986084, -0.237609863, 0.791748047)
(0.536438, -0.16986084, -0.237609863, 0.791748047)
(0.536438, -0.16986084, -0.237609863, 0.791748047)
(0.536743164, -0.169677734, -0.237731934, 0.7915039)
(0.53692627, -0.169555664, -0.237915039, 0.791381836)
(0.53692627, -0.169555664, -0.237915039, 0.791381836)
(0.53692627, -0.169555664, -0.237915039, 0.791381836)
(0.53692627, -0.169555664, -0.237915039, 0.791381836)
(0.5371094, -0.169494629, -0.238037109, 0.791259766)
(0.5371094, -0.169494629, -0.238037109, 0.791259766)
(0.5371094, -0.169494629, -0.238037109, 0.791259766)
(0.5371094, -0.169494629, -0.238037109, 0.791259766)
(0.5371094, -0.169494629, -0.238037109, 0.79119873)
(0.5371094, -0.169494629, -0.238037109, 0.79119873)
(0.5371094, -0.1694336, -0.238037109, 0.791259766)
(0.5371094, -0.1694336, -0.238037109, 0.791259766)
(0.5371094, -0.1694336, -0.238037109, 0.791259766)
(0.5371704, -0.1694336, -0.238037109, 0.79119873)
(0.5371704, -0.1694336, -0.238037109, 0.79119873)
(0.5371704, -0.1694336, -0.238037109, 0.79119873)
(0.5371704, -0.1694336, -0.238037109, 0.79119873)
(0.5371704, -0.1694336, -0.238098145, 0.79119873)
(0.5371704, -0.1694336, -0.238098145, 0.79119873)
(0.537231445, -0.1694336, -0.238098145, 0.79119873)
(0.537231445, -0.1694336, -0.238098145, 0.7911377)
(0.537231445, -0.1694336, -0.238098145, 0.7911377)
(0.537231445, -0.1694336, -0.238098145, 0.7911377)
(0.537231445, -0.1694336, -0.238098145, 0.7911377)
(0.5372925, -0.169372559, -0.238098145, 0.7911377)
(0.5372925, -0.169372559, -0.238098145, 0.7911377)
(0.5372925, -0.169372559, -0.238098145, 0.7911377)
(0.5372925, -0.169372559, -0.238098145, 0.7911377)
(0.5372925, -0.169372559, -0.238098145, 0.7911377)
(0.5373535, -0.169372559, -0.238098145, 0.79107666)
(0.5373535, -0.169372559, -0.23815918, 0.79107666)
(0.5373535, -0.169372559, -0.23815918, 0.79107666)
(0.5373535, -0.169189453, -0.238220215, 0.79107666)
(0.5373535, -0.169189453, -0.238220215, 0.79107666)
(0.5373535, -0.169189453, -0.23828125, 0.79107666)
(0.5373535, -0.169189453, -0.23828125, 0.79107666)
(0.537414551, -0.169189453, -0.23828125, 0.79107666)
(0.537414551, -0.168823242, -0.23840332, 0.79107666)
(0.537414551, -0.168823242, -0.23840332, 0.79107666)
(0.537414551, -0.168823242, -0.23840332, 0.79107666)
(0.537414551, -0.168823242, -0.23840332, 0.79107666)
(0.5374756, -0.168518066, -0.238525391, 0.79107666)
(0.5374756, -0.168518066, -0.238525391, 0.79107666)
(0.537597656, -0.168212891, -0.238586426, 0.7910156)
(0.537597656, -0.168212891, -0.238586426, 0.7910156)
(0.537597656, -0.168212891, -0.238586426, 0.7910156)
(0.537780762, -0.16784668, -0.23840332, 0.7910156)
(0.537780762, -0.16784668, -0.23840332, 0.7910156)
(0.537963867, -0.167663574, -0.23840332, 0.7909546)
(0.537963867, -0.167663574, -0.23840332, 0.7909546)
(0.538085938, -0.167480469, -0.23828125, 0.7909546)
(0.538085938, -0.167480469, -0.23828125, 0.7909546)
(0.538085938, -0.167480469, -0.23828125, 0.7909546)
(0.538085938, -0.167480469, -0.23828125, 0.7909546)
(0.538085938, -0.167480469, -0.23828125, 0.790893555)
(0.5380249, -0.167297363, -0.238464355, 0.7909546)
(0.5380249, -0.167297363, -0.238464355, 0.7909546)
(0.537963867, -0.1671753, -0.238525391, 0.7910156)
(0.537963867, -0.1671753, -0.238525391, 0.7910156)
(0.537963867, -0.1671753, -0.238525391, 0.7910156)
(0.537963867, -0.167053223, -0.238586426, 0.79107666)
(0.537963867, -0.167053223, -0.238525391, 0.7910156)
(0.537963867, -0.167053223, -0.238525391, 0.7910156)
(0.537963867, -0.167053223, -0.238525391, 0.7910156)
(0.537963867, -0.167053223, -0.238586426, 0.7910156)
(0.5380249, -0.167053223, -0.238586426, 0.7910156)
(0.5380249, -0.166992188, -0.238586426, 0.7909546)
(0.5380249, -0.166992188, -0.238586426, 0.7909546)
(0.5380249, -0.166992188, -0.238586426, 0.7909546)
(0.538085938, -0.166992188, -0.238586426, 0.7909546)
(0.538085938, -0.166992188, -0.238586426, 0.7909546)
(0.538085938, -0.166992188, -0.238586426, 0.7909546)
(0.538085938, -0.166992188, -0.238586426, 0.7909546)
(0.538085938, -0.166992188, -0.238586426, 0.7909546)
(0.538147, -0.166992188, -0.238586426, 0.790893555)
(0.538147, -0.166992188, -0.238586426, 0.790893555)
(0.538147, -0.166992188, -0.238586426, 0.790893555)
(0.538147, -0.166992188, -0.238586426, 0.790893555)
(0.538147, -0.166992188, -0.238586426, 0.790893555)
(0.538269043, -0.166748047, -0.2387085, 0.7908325)
(0.5383301, -0.1665039, -0.238769531, 0.7908325)
(0.5383301, -0.1665039, -0.238769531, 0.7908325)
(0.5383301, -0.1665039, -0.238769531, 0.7908325)
(0.5383911, -0.1661377, -0.2388916, 0.7908325)
(0.538452148, -0.165893555, -0.238952637, 0.7908325)
(0.538452148, -0.165893555, -0.238952637, 0.7908325)
(0.538452148, -0.165649414, -0.2390747, 0.7908325)
(0.538452148, -0.165649414, -0.2390747, 0.7908325)
(0.538452148, -0.165710449, -0.2390747, 0.7908325)
(0.5385742, -0.165466309, -0.239013672, 0.7907715)
(0.5385742, -0.165466309, -0.239013672, 0.7907715)
(0.5385742, -0.1652832, -0.239013672, 0.7908325)
(0.5385742, -0.1652832, -0.239013672, 0.7908325)
(0.538635254, -0.1652832, -0.239013672, 0.7908325)
(0.538635254, -0.1652832, -0.239013672, 0.7908325)
(0.5386963, -0.165039063, -0.2390747, 0.7908325)
(0.5386963, -0.164733887, -0.239013672, 0.7908325)
(0.5386963, -0.164733887, -0.239013672, 0.7908325)
(0.538818359, -0.164550781, -0.239013672, 0.7908325)
(0.538818359, -0.164550781, -0.239013672, 0.7908325)
(0.538818359, -0.164550781, -0.239013672, 0.7908325)
(0.538818359, -0.164550781, -0.239013672, 0.7908325)
(0.538818359, -0.164550781, -0.239013672, 0.7908325)
(0.5388794, -0.164550781, -0.239013672, 0.7907715)
(0.5388794, -0.164550781, -0.239013672, 0.7907715)
(0.5388794, -0.164550781, -0.239013672, 0.7907715)
(0.5388794, -0.164550781, -0.239013672, 0.7907715)
(0.5388794, -0.164550781, -0.239013672, 0.7907715)
(0.5389404, -0.164550781, -0.239013672, 0.7907715)
(0.5389404, -0.164550781, -0.239013672, 0.7907715)
(0.5389404, -0.164550781, -0.239013672, 0.7907715)
(0.5389404, -0.164550781, -0.239013672, 0.7907715)
(0.5389404, -0.164550781, -0.239013672, 0.7907715)
(0.5389404, -0.164550781, -0.239013672, 0.790710449)
(0.539001465, -0.164550781, -0.239013672, 0.790710449)
(0.539001465, -0.164550781, -0.239013672, 0.790710449)
(0.539001465, -0.164489746, -0.239013672, 0.790710449)
(0.539001465, -0.164489746, -0.239013672, 0.790710449)
(0.539001465, -0.164489746, -0.239013672, 0.790710449)
(0.539001465, -0.164489746, -0.2390747, 0.790710449)
(0.539001465, -0.164489746, -0.2390747, 0.790710449)
(0.539001465, -0.164489746, -0.2390747, 0.790710449)
(0.539001465, -0.164489746, -0.2390747, 0.790710449)
(0.539001465, -0.164489746, -0.2390747, 0.790710449)
(0.539001465, -0.164489746, -0.2390747, 0.790710449)
(0.539123535, -0.1642456, -0.2390747, 0.7906494)
(0.539123535, -0.1642456, -0.2390747, 0.7906494)
(0.5391846, -0.16394043, -0.2390747, 0.7906494)
(0.5391846, -0.16394043, -0.2390747, 0.7906494)
(0.539306641, -0.163696289, -0.239013672, 0.790710449)
(0.5394287, -0.163452148, -0.238830566, 0.790710449)
(0.5394287, -0.163452148, -0.238830566, 0.790710449)
(0.539489746, -0.163146973, -0.238647461, 0.7907715)
(0.539489746, -0.163146973, -0.238647461, 0.7907715)
(0.539672852, -0.1628418, -0.238525391, 0.790710449)
(0.539672852, -0.1628418, -0.238525391, 0.790710449)
(0.5397949, -0.162597656, -0.238342285, 0.7907715)
(0.5397949, -0.162597656, -0.238342285, 0.7907715)
(0.539917, -0.162414551, -0.23815918, 0.7907715)
(0.539917, -0.162414551, -0.23815918, 0.7907715)
(0.539917, -0.162414551, -0.238220215, 0.7907715)
(0.539917, -0.162353516, -0.238220215, 0.7907715)
(0.539917, -0.162353516, -0.238220215, 0.7907715)
(0.539978, -0.162353516, -0.238220215, 0.790710449)
(0.539978, -0.162353516, -0.238220215, 0.790710449)
(0.540039063, -0.162353516, -0.238220215, 0.790710449)
(0.540039063, -0.162353516, -0.238220215, 0.790710449)
(0.540039063, -0.162353516, -0.238220215, 0.790710449)
(0.540039063, -0.162353516, -0.238220215, 0.790710449)
(0.540039063, -0.162353516, -0.238220215, 0.790710449)
(0.5401001, -0.162414551, -0.23815918, 0.7906494)
(0.5401001, -0.162414551, -0.23815918, 0.7906494)
(0.5401001, -0.162414551, -0.23815918, 0.7906494)
(0.5401001, -0.162414551, -0.23815918, 0.7906494)
(0.5401001, -0.162414551, -0.23815918, 0.7906494)
(0.5401001, -0.162414551, -0.23815918, 0.7906494)
(0.5401001, -0.162353516, -0.238220215, 0.7906494)
(0.540161133, -0.16229248, -0.238220215, 0.7906494)
(0.540161133, -0.16229248, -0.238220215, 0.7906494)
(0.540161133, -0.16229248, -0.238220215, 0.7905884)
(0.540161133, -0.16229248, -0.238220215, 0.7905884)
(0.540222168, -0.16192627, -0.23828125, 0.7906494)
(0.5404053, -0.161560059, -0.238342285, 0.7905884)
(0.5404053, -0.161560059, -0.238342285, 0.7905884)
(0.5405884, -0.161315918, -0.238342285, 0.7904663)
(0.5405884, -0.161315918, -0.238342285, 0.7904663)
(0.5405884, -0.161315918, -0.238342285, 0.7904663)
(0.5405884, -0.161315918, -0.238342285, 0.7904663)
(0.5408325, -0.160644531, -0.238342285, 0.7904663)
(0.5408325, -0.160644531, -0.238342285, 0.7904663)
(0.540893555, -0.160339355, -0.238220215, 0.790527344)
(0.540893555, -0.160339355, -0.238220215, 0.790527344)
(0.5408325, -0.160095215, -0.238037109, 0.7906494)
(0.5408325, -0.160095215, -0.238037109, 0.7906494)
(0.5408325, -0.159790039, -0.237792969, 0.7908325)
(0.5409546, -0.1595459, -0.2374878, 0.790893555)
(0.54119873, -0.159240723, -0.237182617, 0.7908325)
(0.54119873, -0.159240723, -0.237182617, 0.7908325)
(0.5414429, -0.158996582, -0.236877441, 0.7907715)
(0.5414429, -0.158996582, -0.236877441, 0.7907715)
(0.5415039, -0.158874512, -0.2366333, 0.790893555)
(0.5415039, -0.158874512, -0.2366333, 0.790893555)
(0.5415039, -0.158874512, -0.23638916, 0.7909546)
(0.541564941, -0.158813477, -0.23638916, 0.790893555)
(0.541564941, -0.158813477, -0.23638916, 0.790893555)
(0.541564941, -0.158630371, -0.236206055, 0.7909546)
(0.541564941, -0.158630371, -0.236206055, 0.7909546)
(0.541687, -0.1583252, -0.236022949, 0.7910156)
(0.541687, -0.1583252, -0.236022949, 0.7910156)
(0.541931152, -0.15802002, -0.235961914, 0.7909546)
(0.541931152, -0.15802002, -0.235961914, 0.7909546)
(0.541931152, -0.15802002, -0.235961914, 0.7909546)
(0.5421753, -0.157043457, -0.235839844, 0.7910156)
(0.5421753, -0.157043457, -0.235839844, 0.7910156)
(0.5421753, -0.156555176, -0.235778809, 0.7911377)
(0.5421753, -0.156555176, -0.235778809, 0.7911377)
(0.5421753, -0.15612793, -0.235717773, 0.79119873)
(0.5421753, -0.15612793, -0.235717773, 0.79119873)
(0.5422363, -0.155700684, -0.235656738, 0.7913208)
(0.5422363, -0.155700684, -0.235656738, 0.7913208)
(0.542419434, -0.154907227, -0.235107422, 0.7915039)
(0.542419434, -0.154907227, -0.235107422, 0.7915039)
(0.5425415, -0.154602051, -0.234741211, 0.791564941)
(0.5425415, -0.154602051, -0.234741211, 0.791564941)
(0.542602539, -0.15423584, -0.234375, 0.791687)
(0.5426636, -0.153930664, -0.234069824, 0.7918091)
(0.5426636, -0.153930664, -0.234069824, 0.7918091)
