(0.0490722656, -0.10559082, 0.6765137, -0.727172852)
(0.0491943359, -0.105407715, 0.6765137, -0.7272339)
(0.05065918, -0.104797363, 0.6729126, -0.73046875)
(0.05065918, -0.104797363, 0.6729126, -0.73046875)
(0.05090332, -0.104736328, 0.6725464, -0.730834961)
(0.0508422852, -0.10345459, 0.671813965, -0.731689453)
(0.0508422852, -0.10345459, 0.671813965, -0.731689453)
(0.05102539, -0.102966309, 0.671936035, -0.7316284)
(0.05102539, -0.102966309, 0.671936035, -0.7316284)
(0.0522460938, -0.10357666, 0.6715698, -0.7318115)
(0.0524292, -0.103881836, 0.671264648, -0.7319946)
(0.0524292, -0.103881836, 0.671264648, -0.7319946)
(0.05267334, -0.103881836, 0.6712036, -0.732055664)
(0.0523681641, -0.1026001, 0.6715088, -0.7319946)
(0.0523681641, -0.102355957, 0.6713867, -0.7321167)
(0.0523681641, -0.102355957, 0.6713867, -0.7321167)
(0.05267334, -0.102233887, 0.6712036, -0.7322998)
(0.0529785156, -0.103393555, 0.669555664, -0.733581543)
(0.0529785156, -0.103393555, 0.669555664, -0.733581543)
(0.05255127, -0.10333252, 0.669189453, -0.7340088)
(0.05126953, -0.102050781, 0.6685791, -0.734802246)
(0.0516357422, -0.10144043, 0.6678467, -0.735534668)
(0.0516357422, -0.10144043, 0.6678467, -0.735534668)
(0.0523681641, -0.102294922, 0.6675415, -0.735656738)
(0.0537109375, -0.104675293, 0.6671753, -0.735534668)
(0.05493164, -0.106262207, 0.6665039, -0.735839844)
(0.05493164, -0.106262207, 0.6665039, -0.735839844)
(0.05493164, -0.106262207, 0.6665039, -0.735839844)
(0.0557861328, -0.107421875, 0.6658325, -0.736206055)
(0.05633545, -0.110290527, 0.664978, -0.73651123)
(0.05633545, -0.110290527, 0.664978, -0.73651123)
(0.0553588867, -0.11114502, 0.663147, -0.738098145)
(0.0553588867, -0.11114502, 0.663147, -0.738098145)
(0.05456543, -0.110290527, 0.6604614, -0.740722656)
(0.0502319336, -0.102355957, 0.6612549, -0.7414551)
(0.0458984375, -0.09716797, 0.661499, -0.7421875)
(0.0458984375, -0.09716797, 0.661499, -0.7421875)
(0.04498291, -0.09539795, 0.66192627, -0.742126465)
(0.0432739258, -0.0897827148, 0.6654663, -0.7397461)
(0.04296875, -0.0914917, 0.6657715, -0.7392578)
(0.04296875, -0.0914917, 0.6657715, -0.7392578)
(0.04296875, -0.0915527344, 0.6657715, -0.7392578)
(0.0427856445, -0.0914917, 0.665893555, -0.739135742)
(0.0427856445, -0.0914917, 0.665893555, -0.739135742)
(0.0425415039, -0.0915527344, 0.6660156, -0.7390747)
(0.04260254, -0.09185791, 0.6659546, -0.7390747)
(0.04260254, -0.09185791, 0.6659546, -0.7390747)
(0.04260254, -0.09185791, 0.6659546, -0.7390747)
(0.04260254, -0.09185791, 0.6659546, -0.7390747)
(0.0425415039, -0.09185791, 0.6659546, -0.7390747)
(0.0425415039, -0.09185791, 0.6659546, -0.7390747)
(0.0425415039, -0.09185791, 0.6659546, -0.7390747)
(0.0425415039, -0.09185791, 0.6659546, -0.7390747)
(0.0425415039, -0.09185791, 0.6659546, -0.7390747)
(0.0425415039, -0.09185791, 0.6659546, -0.7390747)
(0.04248047, -0.09185791, 0.6659546, -0.7390747)
(0.0425415039, -0.0920410156, 0.6659546, -0.7390747)
(0.0419921875, -0.09283447, 0.665527344, -0.7393799)
(0.0419921875, -0.09283447, 0.665527344, -0.7393799)
(0.042175293, -0.09320068, 0.6652832, -0.739501953)
(0.0426635742, -0.09362793, 0.664978, -0.7397461)
(0.04272461, -0.0934448242, 0.664306641, -0.740356445)
(0.04272461, -0.0934448242, 0.664306641, -0.740356445)
(0.04284668, -0.09338379, 0.6641846, -0.7404785)
(0.04333496, -0.09301758, 0.662963867, -0.741577148)
(0.04333496, -0.09301758, 0.662963867, -0.741577148)
(0.04345703, -0.09350586, 0.661865234, -0.7424927)
(0.04345703, -0.09350586, 0.661865234, -0.7424927)
(0.04345703, -0.09375, 0.6616211, -0.7426758)
(0.04345703, -0.09375, 0.6616211, -0.7426758)
(0.0438232422, -0.09448242, 0.661438, -0.7427368)
(0.0440673828, -0.09472656, 0.6611328, -0.7429199)
(0.0440673828, -0.09472656, 0.6611328, -0.7429199)
(0.0440063477, -0.09472656, 0.661010742, -0.743103)
(0.04437256, -0.0949707, 0.6605835, -0.743347168)
(0.04437256, -0.0949707, 0.6605835, -0.743347168)
(0.04473877, -0.0953369141, 0.6604614, -0.7434082)
(0.04486084, -0.0953369141, 0.660339355, -0.7435303)
(0.04486084, -0.0953369141, 0.660339355, -0.7435303)
(0.04486084, -0.0953369141, 0.660339355, -0.7435303)
(0.04486084, -0.09539795, 0.66015625, -0.743652344)
(0.04486084, -0.09539795, 0.66015625, -0.743652344)
(0.04486084, -0.09539795, 0.66015625, -0.743652344)
(0.04486084, -0.09539795, 0.66015625, -0.743652344)
(0.04486084, -0.09539795, 0.66015625, -0.743652344)
(0.04486084, -0.09539795, 0.66015625, -0.743652344)
(0.04486084, -0.09539795, 0.66015625, -0.743652344)
(0.04486084, -0.09539795, 0.66015625, -0.743652344)
(0.0445556641, -0.0953369141, 0.6602783, -0.7435913)
(0.0445556641, -0.0953369141, 0.6602783, -0.7435913)
(0.0445556641, -0.0953369141, 0.6602783, -0.7435913)
(0.0445556641, -0.09539795, 0.6602783, -0.7435913)
(0.04449463, -0.09539795, 0.6602783, -0.7435913)
(0.04449463, -0.09539795, 0.6602783, -0.7435913)
(0.04449463, -0.09539795, 0.6602783, -0.7435913)
(0.04449463, -0.09539795, 0.6602783, -0.7435913)
(0.04449463, -0.09539795, 0.6602783, -0.7435913)
(0.04449463, -0.09539795, 0.6602783, -0.7435913)
(0.04449463, -0.09539795, 0.6602783, -0.7435913)
(0.04449463, -0.09539795, 0.6602783, -0.7435913)
(0.04449463, -0.09539795, 0.6602783, -0.7435913)
(0.0441894531, -0.09564209, 0.6604004, -0.743469238)
(0.0441894531, -0.09564209, 0.6604004, -0.743469238)
(0.0441894531, -0.09564209, 0.6604004, -0.743469238)
(0.0441894531, -0.095703125, 0.6604004, -0.743469238)
(0.0441894531, -0.095703125, 0.6604004, -0.743469238)
(0.04425049, -0.09588623, 0.6600342, -0.7437744)
(0.04425049, -0.09588623, 0.6600342, -0.7437744)
(0.0444335938, -0.0960083, 0.6598511, -0.7438965)
(0.0444335938, -0.0960083, 0.6598511, -0.7438965)
(0.04473877, -0.0961914063, 0.659606934, -0.7440796)
(0.04473877, -0.0961914063, 0.659606934, -0.7440796)
(0.04473877, -0.0961914063, 0.659606934, -0.7440796)
(0.0446777344, -0.0961914063, 0.659606934, -0.7440796)
(0.0446777344, -0.0961914063, 0.659606934, -0.7440796)
(0.0450439453, -0.09625244, 0.6593628, -0.7442627)
(0.0450439453, -0.09625244, 0.6593628, -0.7442627)
(0.0450439453, -0.09625244, 0.6593628, -0.7442627)
(0.046081543, -0.0960693359, 0.6590576, -0.744506836)
(0.0468139648, -0.09625244, 0.6588135, -0.7446289)
(0.0468139648, -0.09625244, 0.6588135, -0.7446289)
(0.04699707, -0.09637451, 0.658752441, -0.744689941)
(0.04699707, -0.09661865, 0.6588135, -0.7445679)
(0.0469360352, -0.09661865, 0.6588135, -0.7445679)
(0.0469360352, -0.09661865, 0.6588135, -0.7445679)
(0.0469360352, -0.09661865, 0.6588135, -0.7445679)
(0.0469360352, -0.09661865, 0.6588135, -0.7445679)
(0.04724121, -0.09661865, 0.6588135, -0.7445679)
(0.04724121, -0.09661865, 0.6588135, -0.7445679)
(0.04748535, -0.09655762, 0.6588135, -0.7445679)
(0.04748535, -0.09655762, 0.6588135, -0.7445679)
(0.047668457, -0.0961914063, 0.6588135, -0.7445679)
(0.047668457, -0.0961914063, 0.6588135, -0.7445679)
(0.0479125977, -0.09576416, 0.6588745, -0.7445679)
(0.0482177734, -0.09552002, 0.6588745, -0.7445679)
(0.0482177734, -0.09552002, 0.6588745, -0.7445679)
(0.0482177734, -0.09552002, 0.6588745, -0.7445679)
(0.0485839844, -0.09527588, 0.658935547, -0.7445679)
(0.0491333, -0.09472656, 0.65838623, -0.745056152)
(0.0491333, -0.09460449, 0.65826416, -0.7451782)
(0.0491333, -0.09460449, 0.65826416, -0.7451782)
(0.0491943359, -0.09460449, 0.6581421, -0.7453003)
(0.0491943359, -0.09460449, 0.6581421, -0.7453003)
(0.0491333, -0.09387207, 0.6583252, -0.745239258)
(0.0490722656, -0.0934448242, 0.65838623, -0.745239258)
(0.0490722656, -0.0934448242, 0.65838623, -0.745239258)
(0.0490722656, -0.09301758, 0.658447266, -0.745239258)
(0.04949951, -0.09222412, 0.658447266, -0.7453003)
(0.04949951, -0.09222412, 0.658447266, -0.7453003)
(0.0498046875, -0.09197998, 0.658447266, -0.7453003)
(0.0498046875, -0.09197998, 0.658447266, -0.7453003)
(0.049987793, -0.09161377, 0.658569336, -0.745239258)
(0.049987793, -0.09161377, 0.658569336, -0.745239258)
(0.0500488281, -0.09124756, 0.6586304, -0.745239258)
(0.0507202148, -0.09063721, 0.658752441, -0.7451172)
(0.0507202148, -0.09063721, 0.658752441, -0.7451172)
(0.05102539, -0.09039307, 0.6588135, -0.7451172)
(0.05230713, -0.0895385742, 0.658935547, -0.7449951)
(0.05230713, -0.0895385742, 0.658935547, -0.7449951)
(0.05255127, -0.08959961, 0.658935547, -0.7449951)
(0.0523681641, -0.09008789, 0.6588745, -0.7449951)
(0.0522460938, -0.09020996, 0.658935547, -0.7449341)
(0.0522460938, -0.09020996, 0.658935547, -0.7449341)
(0.0522460938, -0.09020996, 0.658935547, -0.7449341)
(0.0522460938, -0.09020996, 0.658935547, -0.7449341)
(0.0522460938, -0.09020996, 0.658935547, -0.7449341)
(0.05218506, -0.0902709961, 0.658935547, -0.7449341)
(0.05218506, -0.0902709961, 0.658935547, -0.7449341)
(0.05218506, -0.09020996, 0.658935547, -0.7449341)
(0.05218506, -0.09020996, 0.658935547, -0.7449341)
(0.05218506, -0.09020996, 0.658935547, -0.7449341)
(0.05218506, -0.09020996, 0.658935547, -0.7449341)
(0.05218506, -0.09020996, 0.658935547, -0.7449341)
(0.05218506, -0.09020996, 0.658935547, -0.7449341)
(0.0518188477, -0.09057617, 0.6590576, -0.744812)
(0.0518188477, -0.09057617, 0.6590576, -0.744812)
(0.0518188477, -0.09057617, 0.6590576, -0.744812)
(0.0517578125, -0.09063721, 0.6590576, -0.744812)
(0.0517578125, -0.09063721, 0.6590576, -0.744812)
(0.0517578125, -0.09063721, 0.6590576, -0.744812)
(0.051940918, -0.09051514, 0.6590576, -0.744812)
(0.051940918, -0.09051514, 0.6590576, -0.744812)
(0.051940918, -0.09051514, 0.6590576, -0.744812)
(0.051940918, -0.09051514, 0.6590576, -0.744812)
(0.0521240234, -0.09051514, 0.6591797, -0.744689941)
(0.0521240234, -0.09051514, 0.6591797, -0.744689941)
(0.0523681641, -0.09051514, 0.659301758, -0.7445679)
(0.0523681641, -0.09051514, 0.659301758, -0.7445679)
