(0.113769531, -0.0769043, 0.68573, -0.7147827)
(0.114013672, -0.0769043, 0.685791, -0.7147217)
(0.117370605, -0.0791626, 0.6859741, -0.7136841)
(0.118347168, -0.07940674, 0.6861572, -0.7133179)
(0.118347168, -0.07940674, 0.6861572, -0.7133179)
(0.1194458, -0.07946777, 0.686523438, -0.7128296)
(0.118713379, -0.08074951, 0.6871338, -0.7121582)
(0.118713379, -0.08074951, 0.6871338, -0.7121582)
(0.115600586, -0.0799560547, 0.6869507, -0.7130127)
(0.106262207, -0.07873535, 0.685668945, -0.7158203)
(0.101745605, -0.0780639648, 0.6845093, -0.717590332)
(0.101745605, -0.0780639648, 0.6845093, -0.717590332)
(0.101745605, -0.0780639648, 0.6845093, -0.717590332)
(0.09655762, -0.07745361, 0.682922363, -0.719909668)
(0.09655762, -0.07745361, 0.682922363, -0.719909668)
(0.09039307, -0.0758667, 0.680114746, -0.723510742)
(0.0844726563, -0.07366943, 0.6767578, -0.7276001)
(0.0844726563, -0.07366943, 0.6767578, -0.7276001)
(0.0797119141, -0.07183838, 0.673584, -0.7312622)
(0.0797119141, -0.07183838, 0.673584, -0.7312622)
(0.07513428, -0.0706176758, 0.670166, -0.734985352)
(0.07067871, -0.06915283, 0.667419434, -0.738098145)
(0.06640625, -0.06732178, 0.6654663, -0.7404175)
(0.0604248047, -0.06323242, 0.6635132, -0.743042)
(0.0524292, -0.0559082031, 0.661560059, -0.7459717)
(0.0440063477, -0.0471801758, 0.659973145, -0.748535156)
(0.0380859375, -0.04083252, 0.658935547, -0.7501221)
(0.0380859375, -0.04083252, 0.658935547, -0.7501221)
(0.0354614258, -0.0390625, 0.6582031, -0.750976563)
(0.0354614258, -0.0390625, 0.6582031, -0.750976563)
(0.03375244, -0.03692627, 0.6569824, -0.7522583)
(0.0275268555, -0.03112793, 0.6561279, -0.753479)
(0.0236206055, -0.0272827148, 0.6561279, -0.7537842)
(0.0193481445, -0.02154541, 0.6560669, -0.7541504)
(0.0200805664, -0.0153808594, 0.654418945, -0.75567627)
(0.0197143555, -0.0119018555, 0.654602051, -0.755615234)
(0.0197143555, -0.0119018555, 0.654602051, -0.755615234)
(0.01953125, -0.0108642578, 0.654602051, -0.755615234)
(0.01953125, -0.0108642578, 0.654602051, -0.755615234)
(0.0188598633, -0.0104980469, 0.6546631, -0.755615234)
(0.0133056641, -0.00982666, 0.656188965, -0.754394531)
(0.0133056641, -0.00982666, 0.656188965, -0.754394531)
(0.0119628906, -0.009216309, 0.656677246, -0.7540283)
(0.0120239258, -0.00799560547, 0.659118652, -0.7518921)
(0.01159668, -0.0078125, 0.659484863, -0.7515869)
(0.01159668, -0.0078125, 0.659484863, -0.7515869)
(0.0116577148, -0.00769042969, 0.6595459, -0.7515259)
(0.01159668, -0.009521484, 0.6593628, -0.751647949)
(0.01159668, -0.009521484, 0.6593628, -0.751647949)
(0.0121459961, -0.0100708008, 0.659301758, -0.751709)
(0.0121459961, -0.0100708008, 0.659301758, -0.751709)
(0.0126342773, -0.0103759766, 0.6598511, -0.7512207)
(0.0123901367, -0.010559082, 0.6600952, -0.750976563)
(0.0123901367, -0.010559082, 0.6600952, -0.750976563)
(0.0122680664, -0.010925293, 0.6600952, -0.750976563)
(0.0122680664, -0.010925293, 0.6600952, -0.750976563)
(0.0112915039, -0.0109863281, 0.66015625, -0.750976563)
(0.009094238, -0.00982666, 0.6616821, -0.7496338)
(0.009094238, -0.00982666, 0.6616821, -0.7496338)
(0.008850098, -0.009521484, 0.661865234, -0.7495117)
(0.00799560547, -0.009643555, 0.6624756, -0.7489624)
(0.00799560547, -0.009643555, 0.6624756, -0.7489624)
(0.00799560547, -0.009643555, 0.6624756, -0.7489624)
(0.007507324, -0.009399414, 0.662780762, -0.748718262)
(0.00732421875, -0.009155273, 0.662780762, -0.748718262)
(0.00732421875, -0.009155273, 0.662780762, -0.748718262)
(0.00732421875, -0.009155273, 0.662780762, -0.748718262)
(0.007385254, -0.008544922, 0.663085938, -0.7484131)
(0.007385254, -0.008544922, 0.663085938, -0.7484131)
(0.00714111328, -0.008300781, 0.663269043, -0.748291)
(0.006652832, -0.00793457, 0.663085938, -0.7484741)
(0.006225586, -0.008483887, 0.662780762, -0.748718262)
(0.006225586, -0.008483887, 0.662780762, -0.748718262)
(0.00646972656, -0.008239746, 0.662597656, -0.748901367)
(0.007080078, -0.008117676, 0.6623535, -0.7490845)
(0.007080078, -0.008117676, 0.6623535, -0.7490845)
(0.007446289, -0.008178711, 0.662231445, -0.749206543)
(0.007446289, -0.008178711, 0.662231445, -0.749206543)
(0.008239746, -0.008911133, 0.66192627, -0.7494507)
(0.008239746, -0.008911133, 0.66192627, -0.7494507)
(0.009277344, -0.009887695, 0.6616821, -0.7496338)
(0.009277344, -0.009887695, 0.6616821, -0.7496338)
(0.0119018555, -0.0113525391, 0.660827637, -0.7503662)
(0.0151977539, -0.0142822266, 0.6600342, -0.7509155)
(0.0151977539, -0.0142822266, 0.6600342, -0.7509155)
(0.0151977539, -0.0142822266, 0.6600342, -0.7509155)
(0.0155639648, -0.0141601563, 0.659667969, -0.7512207)
(0.0156860352, -0.0142211914, 0.659729, -0.7512207)
(0.0147094727, -0.0132446289, 0.659790039, -0.751159668)
(0.0147094727, -0.0131225586, 0.6598511, -0.751159668)
(0.0142822266, -0.0126953125, 0.6591797, -0.751709)
(0.0142822266, -0.0126953125, 0.6591797, -0.751709)
(0.0142822266, -0.0126953125, 0.6591797, -0.751709)
(0.0142822266, -0.0126953125, 0.6591797, -0.751709)
(0.0142822266, -0.0126953125, 0.6591797, -0.751709)
(0.0141601563, -0.0125732422, 0.659118652, -0.75177)
(0.0141601563, -0.0125732422, 0.659118652, -0.75177)
(0.0140991211, -0.0125732422, 0.659118652, -0.75177)
(0.0140991211, -0.0125732422, 0.659118652, -0.75177)
(0.0151367188, -0.012878418, 0.658935547, -0.7519531)
(0.0159301758, -0.0131835938, 0.6586304, -0.75213623)
(0.0159301758, -0.0131835938, 0.6586304, -0.75213623)
(0.0162963867, -0.0131225586, 0.6586304, -0.752197266)
(0.0188598633, -0.0127563477, 0.6581421, -0.752502441)
(0.0190429688, -0.0128173828, 0.65802, -0.7526245)
(0.0190429688, -0.0128173828, 0.65802, -0.7526245)
(0.0194702148, -0.0130004883, 0.657897949, -0.7527466)
(0.01977539, -0.0134277344, 0.6576538, -0.7529297)
(0.01977539, -0.0134277344, 0.6576538, -0.7529297)
(0.0205078125, -0.01361084, 0.657348633, -0.7531738)
(0.0205078125, -0.01361084, 0.657348633, -0.7531738)
(0.0206298828, -0.013671875, 0.657226563, -0.7532959)
(0.0194702148, -0.0134887695, 0.6576538, -0.7529297)
(0.0194702148, -0.0134887695, 0.6576538, -0.7529297)
(0.0191040039, -0.0131835938, 0.6578369, -0.7528076)
(0.0188598633, -0.0124511719, 0.658447266, -0.7522583)
(0.0188598633, -0.0124511719, 0.658447266, -0.7522583)
(0.0186157227, -0.0122070313, 0.658569336, -0.752197266)
(0.0185546875, -0.0120239258, 0.6586914, -0.7520752)
(0.0185546875, -0.0120239258, 0.6586914, -0.7520752)
(0.0180053711, -0.0114135742, 0.6590576, -0.75177)
(0.0172119141, -0.0103149414, 0.659729, -0.7512207)
(0.0166625977, -0.009521484, 0.6600342, -0.750976563)
(0.0166625977, -0.009521484, 0.6600342, -0.750976563)
(0.0166625977, -0.009521484, 0.6600342, -0.750976563)
(0.0163574219, -0.009094238, 0.6602783, -0.750793457)
(0.0154418945, -0.008300781, 0.6604004, -0.7506714)
(0.0154418945, -0.008300781, 0.6604004, -0.7506714)
(0.0149536133, -0.00799560547, 0.6604614, -0.7506714)
(0.012512207, -0.007873535, 0.660339355, -0.750793457)
(0.012512207, -0.007873535, 0.660339355, -0.750793457)
(0.012512207, -0.007873535, 0.660339355, -0.750793457)
(0.0122070313, -0.00732421875, 0.659973145, -0.751159668)
(0.01184082, -0.007385254, 0.659118652, -0.7518921)
(0.0117797852, -0.007751465, 0.6588745, -0.75213623)
(0.0117797852, -0.008239746, 0.6586914, -0.7522583)
(0.0117797852, -0.008239746, 0.6586914, -0.7522583)
(0.0114746094, -0.008300781, 0.658569336, -0.7523804)
(0.0114746094, -0.008300781, 0.658569336, -0.7523804)
(0.0111083984, -0.008300781, 0.6585083, -0.7524414)
(0.0109863281, -0.008483887, 0.6586304, -0.752319336)
(0.0109863281, -0.008483887, 0.6586304, -0.752319336)
(0.0110473633, -0.008911133, 0.658752441, -0.752197266)
(0.0110473633, -0.008911133, 0.658752441, -0.752197266)
(0.0110473633, -0.009460449, 0.6588135, -0.75213623)
(0.0110473633, -0.009460449, 0.6588135, -0.75213623)
(0.0107421875, -0.0103149414, 0.6586914, -0.7522583)
(0.0107421875, -0.0103149414, 0.6586914, -0.7522583)
(0.0107421875, -0.0109863281, 0.6586914, -0.7522583)
(0.0108642578, -0.0113525391, 0.6588135, -0.75213623)
(0.0108642578, -0.0113525391, 0.6588135, -0.75213623)
(0.0106201172, -0.0115356445, 0.6588745, -0.7520752)
(0.0106201172, -0.0115356445, 0.6588745, -0.7520752)
(0.0101928711, -0.01159668, 0.659118652, -0.7518921)
(0.0101928711, -0.0123901367, 0.6599121, -0.751159668)
(0.0101928711, -0.0123901367, 0.6599121, -0.751159668)
