-10,-6,-9,-15,-3,3,-4,-12
9,3,5,18,15,0,2,1
-3,0,1,11,6,0,-4,-5
-1,0,-3,-12,-6,7,1,0
-7,-2,-4,-4,-4,9,17,5
10,2,0,-3,-21,-11,-5,2
-8,-6,-9,-14,1,-4,-3,-7
-1,2,8,19,10,-2,-4,-1
3,1,-1,-1,12,7,8,6
-1,-1,-2,1,7,9,-1,-10
-38,-16,-1,2,-8,-8,-7,-9
38,18,7,15,10,5,8,11
1,-2,-4,-15,-17,-11,-11,-6
1,2,2,11,0,-4,-3,-2
-2,3,0,-4,1,2,-1,2
-13,-6,-3,9,15,7,4,0
7,0,-2,-2,-4,-4,-3,1
-7,-7,-3,-13,-43,-35,-9,-1
-1,-2,-9,-15,13,19,0,-4
-8,-4,0,-5,4,15,7,2
23,13,6,25,13,-2,-2,5
-9,-4,-3,-6,0,4,3,-2
12,1,-2,2,-16,-16,0,6
-10,-5,-4,-19,-29,-7,1,0
-8,-1,2,8,4,-4,-6,-5
3,0,5,16,15,7,0,2
3,0,0,4,-16,-11,-3,-4
-3,-4,-5,-14,-9,-3,-8,-8
-5,-6,-2,-2,-1,3,6,3
-1,1,-1,-9,-4,0,0,0
-4,-1,2,4,13,9,-1,-4
-12,-1,-4,6,-5,-11,-3,-2
12,5,2,-1,-7,-5,-5,-4
17,1,-7,-8,5,5,3,5
4,-3,-1,-11,-20,-6,1,3
-11,3,4,20,35,3,-3,-4
-45,-25,-10,-15,-10,0,-6,-15
6,5,1,8,25,13,4,2
17,17,4,-3,8,-6,-6,0
-15,-9,-8,-13,-18,-11,-4,-8
11,12,8,17,-13,1,4,3
-19,-13,-5,-15,13,12,-17,-11
6,1,5,24,7,4,12,5
13,1,1,-1,1,2,-1,0
-3,-1,-2,2,-4,-10,-6,-2
0,3,5,0,-37,-8,5,0
5,2,-4,-12,3,-9,-4,-6
-22,-14,-8,-24,9,25,0,0
38,19,15,34,22,11,15,15
-24,-11,-4,-1,13,11,2,0
17,1,-5,2,-13,-10,-9,-12
-15,-15,0,-2,-8,-33,-13,-1
-14,0,-4,-4,-7,-5,-10,-10
9,1,-4,-19,7,21,17,8
-21,-8,9,31,-13,0,0,7
35,18,1,-5,-3,15,15,12
-25,-14,-7,-7,-2,-8,-3,-4
0,16,8,9,3,-10,-11,-8
-10,-32,-19,-28,-22,-7,0,-2
44,25,10,16,9,-4,-3,4
6,-3,-2,-5,1,0,-1,2
0,5,-1,4,4,-12,-1,4
-25,-8,0,-13,0,30,19,-1
-11,-13,-15,-41,-55,-52,-37,-13
-8,-13,-9,-14,-15,8,7,-3
-6,-7,-9,-15,-9,-7,-11,4
22,18,8,37,64,21,-1,9
-16,-7,-7,-30,-23,-10,10,0
4,5,8,9,8,5,-1,-1
-2,-8,-4,-2,-29,-15,-2,-1
-4,-1,-2,-9,-2,-11,-8,2
16,3,-3,0,29,30,12,4
-14,-9,-11,-28,-49,-24,-7,-1
-2,0,4,9,48,11,-4,-8
6,5,5,17,13,23,11,1
-14,-5,-3,21,36,11,7,-9
5,1,4,2,-3,-10,-16,8
3,-4,-4,7,-8,-15,9,0
7,-8,-8,-34,-12,-27,-9,8
-7,-13,-12,3,-1,12,2,2
-3,2,3,-8,14,7,-2,-6
-12,-14,-7,-10,-4,-4,-15,-16
4,9,-2,-15,-30,-19,-7,-9
-3,2,4,11,-12,1,-15,-5
-1,1,-2,-4,15,6,6,5
15,18,18,57,48,29,14,14
16,3,-2,-4,-6,5,7,3
32,9,19,51,44,35,23,1
6,-6,-6,-1,18,-8,-5,17
-26,-7,0,-20,2,10,1,-11
-3,4,-2,2,-20,-24,-15,-4
-3,2,3,2,10,-36,-4,-4
-5,4,-1,-5,10,27,18,-8
9,-4,-3,-7,-37,-21,-1,2
-15,-10,-5,-7,17,16,7,-4
-6,-2,3,21,-16,-16,3,8
-3,-2,-11,-32,-33,-18,-13,-9
-38,-14,-4,-12,26,13,-1,-15
15,5,2,6,-23,-20,-19,-9
58,34,2,-18,-5,1,-3,6
-21,-8,-4,5,8,23,13,1
16,4,-2,7,-18,-29,-15,-2
-49,-23,-1,-9,9,19,2,-13
-1,-4,-1,-16,-50,-8,21,7
22,11,20,64,97,21,-7,-2
-22,-25,-32,-55,-43,-21,1,-3
18,15,13,33,29,5,12,3
-23,-4,4,4,2,10,5,-5
2,1,-3,-20,-32,8,18,-2
25,20,20,30,31,21,0,18
-9,-1,-3,6,4,-6,4,0
-10,-3,0,-6,3,4,-22,-13
-9,-12,-8,4,-5,-2,10,4
3,2,-3,-17,-37,-24,0,-8
-2,-1,-3,-5,2,1,10,5
14,14,1,6,10,7,-5,7
2,-12,2,3,-30,-27,-15,0
8,4,-6,-2,10,6,2,5
-13,-10,-11,-13,-6,13,0,-5
-23,-9,1,-9,3,9,-4,-1
3,7,5,-4,-20,-20,-14,-7
22,8,7,25,14,-23,7,7
-13,-8,-3,0,-30,-1,-1,3
-3,-1,-2,-8,4,0,3,2
7,-2,-6,3,-6,-11,-6,10
-14,-20,-10,-13,-20,-34,-15,-10
4,1,-6,-3,5,-8,11,7
-7,-7,-13,-24,-37,-49,-7,-11
-5,-2,7,4,4,20,24,6
1,3,-5,-25,-34,5,-11,-13
5,6,3,3,12,4,-4,3
-2,-9,-1,4,0,-3,2,5
-6,-5,-13,-13,-15,-21,-10,-11
2,7,-11,-13,14,26,9,3
1,-1,14,2,0,-1,-10,-7
-17,-4,9,22,24,57,33,-2
10,6,-1,1,-18,-41,-41,-4
-9,0,-2,13,25,5,-25,-10
17,4,1,-3,12,44,29,21
-17,-10,-8,3,10,1,-26,-9
-6,-8,5,10,27,3,0,-3
8,-1,1,7,-12,-5,1,3
-16,-14,-11,-20,-26,-3,-7,-5
5,9,-2,7,-5,-20,-8,1
-6,-7,1,-5,3,25,14,4
-9,-8,5,7,1,4,-3,1
5,4,-3,-2,-1,-9,-6,-3
9,-1,-1,-1,-2,-2,-1,0
-3,-1,-8,-11,-8,-4,6,-1
3,-3,-3,-4,-4,17,11,4
2,2,-5,-6,-7,-14,4,-4
-2,6,13,9,12,1,0,1
3,3,1,2,14,37,5,-5
-7,-8,5,5,-12,-20,3,-2
13,13,-5,-4,-2,-17,-22,7
13,1,-3,-14,-14,-4,-12,-12
12,12,4,9,1,-11,-6,-6
-11,0,0,-12,-15,-1,1,-8
-9,-4,-4,-2,11,-1,-2,-8
-21,-17,-20,-29,-45,-35,-10,-3
-8,-3,17,19,11,3,-5,0
10,7,2,4,7,24,-7,-4
-2,-2,3,8,0,-16,-2,-6
-1,-7,-6,-18,-23,2,-7,-1
4,1,-10,-9,-10,-18,1,3
-3,2,1,-4,9,10,-8,-4
0,-2,6,10,-6,3,2,-3
-10,-5,0,6,0,19,8,-1
-4,1,-2,-16,-20,-8,-1,-2
9,7,-3,8,13,12,15,4
6,4,6,1,10,16,7,0
-5,-4,6,20,15,-6,2,0
2,7,1,0,16,5,-3,-1
3,2,5,-2,-4,-2,3,3
-4,-12,-13,-20,-21,-15,-11,-3
0,1,-3,8,17,2,-9,0
-7,-2,-5,-9,2,13,2,-4
4,-5,-7,-11,-23,-33,10,8
-3,5,2,2,7,2,-16,-11
-4,-6,-6,-6,-8,-2,24,-3
-1,-2,-7,-6,-8,-6,-9,-8
-5,-7,-13,-13,-1,-12,-19,-12
-11,-7,-4,-1,0,-1,-1,-4
9,-2,1,0,-9,-8,0,9
-15,-5,-5,1,-4,-20,-12,-9
-4,1,9,11,8,25,1,-1
5,2,-2,-1,-15,-6,3,-2
6,5,0,3,14,-4,-8,1
-16,-15,-7,-9,-5,13,12,-6
3,-1,1,-6,-6,-13,-6,2
-5,3,9,23,12,7,-7,-5
-8,2,1,6,10,6,0,-4
8,3,4,8,15,7,-6,4
11,6,6,14,9,2,12,4
2,4,2,-7,-4,-5,-9,3
-3,-5,-3,-5,-9,-14,-4,-3
-6,-8,-8,-12,-9,-6,-1,-1
3,8,10,2,-5,4,-1,-6
-2,-7,-12,-15,-25,-19,-8,0
-5,1,4,3,0,-5,10,-2
13,7,1,-1,20,38,4,8
3,0,0,-1,10,-14,-23,4
-15,-16,-9,-9,-5,-7,2,-3
-4,-3,-6,-14,-12,-9,-7,0
7,10,5,4,-4,-11,-7,-4
-1,-6,0,14,34,27,47,8
-9,-8,-1,-8,-13,-1,-3,-5
0,6,-2,-6,18,-1,-16,-8
7,-6,-5,-2,-14,-23,2,10
-2,-4,-8,1,-5,8,0,-1
11,4,-2,0,-1,-8,1,1
-3,-1,1,8,13,17,1,-5
-2,2,3,-6,-5,4,22,-3
-4,-2,-2,-5,-8,-10,-9,0
9,8,10,17,-6,-25,9,5
-8,-7,-3,8,25,36,7,7
6,1,-3,-2,6,6,-14,-1
-6,-1,1,0,-16,-11,-8,-7
-5,-9,-5,1,4,12,11,4
-4,-7,2,6,-6,-8,-7,2
-12,-12,-5,4,-8,-12,-1,-6
6,5,6,4,10,21,9,8
0,-4,-3,-4,1,-2,-12,-4
8,1,-4,-11,-23,-12,3,0
-14,-6,-6,-9,-10,20,9,-1
-2,-1,2,-13,-16,-26,-47,-12
5,3,4,18,26,18,3,2
6,4,-3,-11,-3,-1,-7,0
-8,-7,-14,-20,-30,-24,-9,-9
-2,1,5,0,-18,-11,6,0
1,3,0,6,43,23,6,2
-7,-2,2,0,-7,-7,-9,-9
0,1,-2,-29,-1,-7,11,1
1,0,-5,6,10,1,3,5
-12,-7,-10,-15,-14,-3,4,-7
11,4,4,6,-21,-15,-8,5
0,0,2,10,26,14,2,-2
-3,-7,-8,-6,-1,3,15,9
1,6,3,-4,-10,-2,-5,-10
-5,-2,-3,0,8,-4,-9,-6
0,5,4,7,-4,-14,-17,-14
-8,-11,-12,-9,-11,-3,-2,-3
-7,-1,4,6,4,0,1,4
-10,-11,-8,-3,-15,-4,7,0
8,-3,-3,13,18,12,-9,6
7,6,9,6,-7,-5,-3,-3
-4,2,-4,-9,-6,-7,-4,-4
-4,-2,-1,-1,5,-6,-11,0
-4,-4,-6,-7,-6,0,-1,4
-7,-9,-9,-7,2,3,3,-7
9,7,4,1,-16,-13,-16,9
9,12,8,0,-15,-10,-4,-4
-6,-4,2,10,7,0,7,-2
7,4,0,-2,2,4,1,9
-2,-1,-4,-5,-10,-6,6,3
-4,-4,-3,3,12,7,-10,0
3,1,6,0,-4,-5,3,-5
-3,0,1,5,-9,-9,0,0
-7,-10,-11,-8,-2,-5,-4,-7
-1,0,-4,-8,24,25,16,10
-2,-4,1,-16,-61,-46,-22,-10
-4,-2,5,8,26,17,-1,1
6,-2,-6,-4,3,6,3,-1
-26,-12,-6,-3,-4,-1,-3,-12
16,9,8,11,8,-1,3,8
6,6,3,5,9,-7,-1,2
-9,-2,-4,-11,-6,-2,-9,-4
-1,-3,-5,-11,-24,-13,6,-2
-3,-2,0,6,30,6,-4,1
3,10,1,4,0,5,5,-1
0,-6,-2,-6,9,5,-6,-4
3,-2,2,7,-4,-4,10,6
-1,6,4,-1,-4,0,-6,4
-8,-10,-10,-10,-22,-29,-24,-28
-2,-2,-4,2,7,11,3,-4
8,4,3,-2,1,2,2,2
-7,-5,-10,-12,-11,1,-2,-3
4,5,7,9,8,8,2,3
-6,-9,-5,-7,-10,-9,-3,-5
1,-3,-1,4,0,-3,-3,-7
-11,5,6,4,1,1,2,-12
39,2,-4,-3,-13,-9,3,31
0,3,6,2,9,2,1,4
3,-6,-15,-7,12,11,5,9
-9,4,15,13,-1,-2,-9,-18
-24,-13,-6,-4,-5,-1,0,-13
6,-6,3,10,-3,-5,-2,2
-13,-7,-3,0,-1,-4,-4,-9
8,2,-4,0,0,0,2,7
-10,-5,-7,-4,6,10,7,-3
2,2,0,-1,-7,-6,0,2
3,10,6,1,6,-3,-6,-4
-1,-10,-7,0,-5,-9,2,6
-1,2,-1,3,23,22,7,1
-5,0,-4,-11,-16,-13,-1,-5
2,1,4,2,-2,4,-3,0
-2,-4,-7,-3,2,3,2,0
0,4,4,6,-12,-9,8,-1
-3,-5,-2,9,12,6,-2,-1
1,-1,5,8,2,-2,7,5
-1,2,3,9,20,-4,-28,-11
6,2,-9,-18,-23,-7,4,6
6,7,1,0,-5,-3,-8,1
-7,-10,-7,-10,-10,-8,-2,-7
0,2,-4,-6,-2,3,6,1
-9,-4,-2,-7,-1,-5,-7,-7
11,12,7,1,-5,-3,3,6
-2,-4,-1,3,2,-1,-1,5
-7,-6,-2,2,-3,5,2,-5
-6,-2,3,-6,3,3,-1,-1
4,2,-3,1,5,5,8,5
5,2,0,7,8,7,0,-1
-1,-6,0,3,0,3,7,10
-9,-2,3,2,-5,-8,-8,-7
-6,-4,1,9,11,4,1,-4
-3,0,-5,-7,-2,-6,-7,-5
0,-5,-8,-13,-16,-6,4,5
-1,-5,-7,-12,-13,-5,-5,-2
-9,-5,-2,2,-2,-3,-4,-10
-1,-1,-1,-5,-6,-5,-6,-4
1,-1,-2,-6,-7,4,5,3
0,1,2,2,4,-4,-2,-3
-3,1,1,-6,-12,-2,-5,-8
2,0,9,21,16,10,6,5
7,-2,-4,-12,-12,-2,4,5
-4,-2,-3,-1,-14,-9,0,-1
-1,0,2,1,12,5,-3,0
1,0,0,0,0,-18,-10,-2
1,1,-2,-7,14,17,5,0
-5,-6,-2,4,14,8,2,2
1,-1,-5,-3,-3,-3,-4,-1
-4,0,-4,-9,-15,-5,-3,-4
-3,1,2,5,-3,-10,-3,-4
2,4,2,9,8,2,-2,-2
-5,-7,-3,-1,-2,-1,3,4
0,-5,-4,-7,-5,-1,-1,-1
0,-2,-1,3,0,-2,-1,-2
2,3,5,11,17,12,0,0
1,-2,-3,-8,0,2,1,-1
0,3,1,-2,0,-3,-5,-3
1,1,3,3,8,7,8,6
-6,-9,-9,-11,-15,-7,-5,-4
-2,-4,3,10,8,-1,0,-2
4,3,0,-2,0,4,2,-1
0,0,-11,-8,-4,-6,-4,-3
-3,-3,4,5,-7,-4,-4,-3
0,1,7,10,4,-2,-3,-1
-6,-4,-5,-4,-16,-2,2,3
-6,-4,-1,-2,1,2,1,-2
1,7,7,21,28,15,1,-2
5,-3,-9,-21,-28,-8,0,2
-1,-2,5,20,34,15,8,5
-3,1,1,7,-4,-6,-1,1
1,-3,-6,-16,-12,-10,-2,0
-3,-2,2,8,2,1,-1,0
0,1,-6,-17,-17,-4,0,-5
3,-4,-4,-11,-23,-13,-9,-3
-2,2,0,-5,-6,-3,-2,-2
-11,-6,-12,-18,-26,-28,-11,-9
0,-2,8,10,0,27,10,4
-1,4,8,8,14,7,-1,-1
-11,-12,-5,-4,-8,-11,-3,-3
6,6,3,0,6,11,5,5
1,-4,-9,-15,-19,-17,-2,4
-13,-11,-12,-8,-6,-1,-9,-14
2,1,2,6,0,3,4,3
-7,0,4,3,11,3,1,-1
1,0,-3,-3,-2,-6,-2,3
10,7,7,3,3,2,3,4
-6,-4,-8,-11,-10,-11,-10,-7
2,2,2,13,7,4,2,0
-5,4,2,-5,-2,-3,-4,-6
10,0,-4,0,3,-1,1,7
-2,-11,-11,-10,-12,-3,-1,0
0,3,0,-8,-5,-1,-1,3
-5,0,3,13,-16,-24,-6,-7
-2,-1,3,10,25,5,1,1
3,3,7,9,23,21,11,8
-4,-11,-13,-23,-32,-9,-5,-9
-1,-8,-7,-8,0,8,-2,-12
-6,-1,3,4,-20,-47,-24,5
-7,1,1,6,20,19,3,-7
5,-3,1,6,7,7,3,6
3,-3,-7,-9,-7,-12,-11,-3
-5,-3,1,2,6,18,12,-4
8,5,1,0,-6,-13,-8,1
-11,-3,-8,-4,4,10,-5,-12
0,1,5,9,9,6,1,1
7,3,3,1,3,3,4,4
-4,-2,-8,-6,-14,8,17,1
6,9,11,9,12,-3,0,3
2,5,4,4,13,8,2,0
-2,-2,-4,-9,-28,-4,-4,-4
1,-2,2,-5,4,-8,-4,0
7,4,6,11,6,-1,-4,-1
-9,-10,-8,-12,-14,-2,-7,-1
1,2,1,2,-4,-14,3,4
2,2,2,2,-5,5,0,-4
5,3,0,-3,-1,-3,-1,4
4,2,1,3,18,-1,-4,4
-13,0,0,-10,-13,-5,0,-9
7,2,-1,-1,0,-10,-7,3
-15,-3,-5,-13,-40,-7,20,-12
13,6,4,16,13,13,4,14
0,-4,-6,-9,7,11,1,-4
-7,-8,-10,-19,-27,-17,-12,-7
-3,-1,-1,3,15,10,11,3
-6,-5,-7,-14,-27,-30,-9,-9
-4,-4,-1,9,4,8,-2,-5
12,4,-2,0,-4,-4,0,11
-6,-8,-4,-10,9,-10,-12,-3
-5,1,-3,-6,9,5,4,-2
-2,-3,-2,-11,-12,-21,-11,-4
2,5,3,5,13,15,5,-1
3,-3,-6,-8,-3,-6,-5,2
-3,-2,0,-2,-9,1,0,0
5,4,7,25,35,15,16,11
-1,1,-5,-7,-19,-17,-17,-11
-1,-5,1,9,10,19,3,-3
-8,-9,2,0,1,12,14,-3
-11,-5,-5,-3,-3,3,-4,-8
9,1,3,0,5,-3,0,7
-3,1,-3,-5,-5,-2,2,1
1,3,2,10,20,2,-19,-3
-3,6,7,20,7,-1,10,-2
-1,-3,3,7,6,6,5,8
-1,-3,-1,-2,0,-4,4,0
-3,-4,-4,-1,-23,-12,-6,-4
-3,-6,-10,-17,-1,17,17,1
-13,-6,1,2,6,-14,-20,-9
7,7,7,14,16,2,-2,6
1,1,-4,-8,-14,-8,2,-2
-3,-2,3,-2,12,19,3,-11
-8,-2,-7,-2,-10,-38,-24,-7
6,-1,4,8,21,22,1,3
5,3,-1,-6,-8,-19,-6,5
-2,-9,-12,-18,-14,0,-5,2
-10,-5,0,0,7,10,9,-4
-3,0,-1,-1,-13,-23,-15,-5
-4,-1,-1,-8,9,1,3,-8
6,1,-2,-5,2,-3,-15,1
4,1,-5,-8,-4,6,9,2
-3,1,2,-5,-27,-13,-6,-4
-3,-6,-3,5,11,17,13,5
8,1,-3,-1,-9,-10,-3,2
0,-3,-5,-4,-8,-25,-2,-4
1,1,4,4,13,16,7,0
-5,-3,-6,-10,4,-3,3,-4
-2,1,-1,-1,6,-3,-11,-9
10,4,5,6,-3,2,6,8
4,-1,-5,-4,-12,-7,-5,1
0,3,-2,-3,-1,5,-1,-3
-4,-6,3,-9,-22,-33,-21,0
-7,-2,-3,-5,6,21,6,-9
-1,0,-1,5,3,-5,4,4
7,10,11,15,5,-8,-4,6
-15,-13,-11,-5,-13,-3,-3,-7
7,-2,-1,-1,-6,1,-4,5
-2,-6,-7,-7,3,-5,7,7
-5,-7,-2,-15,-12,-13,3,-3
5,10,1,15,27,33,13,4
-5,1,5,8,-10,-7,3,0
-7,-3,-2,4,28,22,3,-6
5,3,0,-5,-9,-2,2,4
0,2,0,0,3,-4,-9,-4
-2,-1,0,-5,4,4,-2,-5
-1,0,-3,-6,-16,5,2,2
-7,-7,-1,7,16,8,-5,-3
3,5,2,-1,-4,-7,-6,-1
-3,0,-7,-10,1,6,5,0
6,1,1,2,-2,-32,-40,-4
-8,-14,-7,-6,-9,-1,-5,-4
6,-1,-1,-2,-7,-4,5,4
0,-1,4,12,23,9,-6,2
-5,-4,-8,-10,-17,-16,7,-6
-3,3,5,2,7,10,4,2
5,0,2,1,-8,-2,3,6
-11,-5,1,-3,-2,18,1,-14
-4,-5,-2,-4,-4,-1,0,1
-1,0,0,5,7,-1,-3,1
3,1,3,-2,0,17,42,4
-7,-1,-3,-6,-6,-13,-6,-1
-2,2,-1,-12,-5,-1,-2,-8
10,-2,-2,6,-12,3,6,5
-9,-6,-2,-4,1,1,-5,3
8,0,0,-3,1,11,6,4
1,-2,-1,2,0,-2,-2,6
1,1,-3,-8,0,-1,2,5
-7,-3,-4,-1,-6,-11,-12,-8
2,3,-4,-6,-14,-3,-1,-2
-1,-1,3,17,21,10,-1,-2
0,2,3,-3,-11,-5,-4,-4
1,2,0,-4,1,-3,-11,-5
-11,-5,-4,-4,-3,-7,-1,0
4,2,-9,-15,-7,4,2,2
-8,-2,2,1,-4,-19,-11,-6
8,-3,-2,-3,2,-2,-5,2
6,12,11,24,20,9,11,7
-5,-9,-9,-2,-16,-14,-21,-9
-4,-2,-10,-14,-12,-6,-10,-6
-5,1,-2,-5,-5,-9,-6,-4
3,2,6,-8,-8,1,0,2
4,0,-1,5,9,14,14,6
-1,1,1,1,13,11,-8,-11
-6,0,0,-1,2,-9,0,-5
-2,-7,-10,-11,-22,-22,-5,1
-1,-4,1,-6,-10,-6,-2,2
-4,-4,-3,1,7,12,-10,-3
6,2,3,9,4,-1,-1,5
-8,-4,-4,-5,-7,-7,-6,-8
-2,0,2,2,-1,0,7,0
2,3,-5,-3,-13,-8,1,0
-2,-1,2,7,-2,-7,-2,-2
-1,-1,6,9,9,9,-1,-2
-4,-1,-5,-3,-1,-2,-3,-7
0,2,2,11,2,2,6,0
4,0,1,-2,-1,3,0,3
-1,-2,-4,-2,3,-2,-7,-7
3,6,2,-8,-12,-6,1,4
0,-2,-3,-1,10,4,3,2
-3,-5,-6,-4,-6,-3,-6,-1
-1,-5,-1,4,0,-3,-1,-2
4,8,8,4,-2,-4,-4,-4
-16,-11,-1,3,-4,1,2,-7
-1,0,-3,-6,-5,0,-2,-1
-5,-9,-9,-12,-16,-9,-5,0
-5,-3,-6,-4,-1,-1,-3,-7
8,2,2,6,1,1,3,3
1,0,-2,5,0,0,-6,-3
0,3,3,-1,-6,-8,-6,-5
-5,-1,1,7,5,7,6,0
-1,-3,-2,-13,-2,5,-5,-2
-1,-2,-5,-9,-13,-2,-3,-5
2,-1,-7,0,7,2,7,7
-5,-5,0,4,-3,-2,0,-1
3,3,1,-6,16,11,15,4
3,4,5,6,4,-4,-12,-3
-12,-13,-4,-7,-8,14,20,-6
9,0,1,11,12,-3,-7,5
-7,-4,-5,-8,-12,4,2,-4
2,-3,-7,-10,4,7,6,6
1,-1,-2,7,6,2,4,1
-9,-2,0,-8,-1,-5,-5,-7
-4,-3,-5,0,-5,-9,-6,-4
-5,0,2,3,1,-1,0,-4
1,0,1,1,6,-1,-8,-2
1,-1,-2,-1,-3,3,3,0
-5,-1,-4,0,4,-5,-8,-4
5,-1,0,-4,-19,-9,2,8
-2,-4,0,-4,-4,-1,-2,-3
-6,-5,-7,-11,-24,-22,-5,-4
4,-1,-1,9,21,18,6,4
2,2,3,8,14,6,6,4
-1,-5,-5,-2,4,-1,-2,3
7,6,1,2,-3,-1,1,1
2,0,2,2,-13,-15,-6,2
-9,-3,-6,-9,-12,-3,-3,-10
3,3,3,1,14,2,-2,-3
-6,-4,-2,-1,-3,1,1,-5
5,5,0,-5,-14,-17,-11,-2
0,-1,-2,-4,2,7,2,0
-2,2,-2,-1,-7,-8,-4,-2
7,-3,-8,-20,-8,0,3,8
-2,-3,1,1,4,0,-1,-3
4,0,2,-3,-8,-2,-2,-1
-3,2,1,1,-3,-2,-4,8
-12,-4,-1,0,4,2,-1,-5
6,-2,-2,3,1,-2,1,1
3,4,0,-8,-15,-9,-5,1
-4,-2,1,5,4,4,4,-1
-1,-7,0,-2,-3,15,-1,-5
-8,-3,-4,-7,-9,-6,-2,-4
2,-2,-3,1,1,-3,-4,-5
3,2,-3,-3,-11,1,3,2
-4,0,5,10,18,2,-1,-3
3,2,-1,-3,-15,-16,-2,-4
-6,-4,-6,-10,5,9,-23,-8
-2,-2,1,2,-20,-20,-10,-2
-1,-2,-2,1,17,17,3,2
0,-6,-4,-10,-14,-3,-4,2
-7,-2,3,8,5,-4,6,-3
0,-1,-5,-3,5,2,1,2
2,3,1,4,2,-4,-3,1
2,4,3,5,10,6,6,0
-5,-4,-5,-4,-13,-8,-6,-6
-1,-5,1,1,13,6,3,-2
-1,-2,-5,-9,-1,-3,3,-1
-1,-3,-4,-3,2,0,-4,3
-2,2,0,7,8,21,13,1
2,2,-1,0,0,2,-2,-3
4,2,-1,-6,-18,-13,-3,-1
0,4,6,8,6,1,1,2
-5,-4,-3,0,16,7,4,2
2,1,-2,-9,-14,-6,-3,-5
2,-1,-4,-3,-9,-4,0,1
3,2,-4,6,-4,1,-2,-5
1,0,5,6,-8,-18,-1,2
-3,-3,-5,-5,-3,-5,5,1
-7,-4,1,4,12,-2,-6,-6
8,3,1,-4,-3,-3,-2,2
-8,-4,-1,1,12,25,14,3
-2,-3,-7,-18,-30,-14,-13,-5
-8,-9,-6,-1,-5,-2,2,-5
2,0,1,1,6,1,4,8
-1,-3,-3,-7,-2,-8,-4,-3
3,5,8,5,6,-2,-9,-7
0,5,1,3,-4,-1,-7,-8
-7,-9,-3,-1,4,8,5,0
0,1,3,3,3,-12,-6,1
-3,-3,-4,-6,1,9,2,0
-5,-6,-6,-3,-12,-8,-4,1
-4,-1,0,4,9,1,-4,-6
2,3,-3,0,-2,-8,1,0
2,-2,-1,2,6,7,5,3
-1,4,6,8,11,4,2,3
-4,-4,-6,-11,-19,-6,-2,-5
-7,-5,-2,-1,8,1,0,-2
8,2,4,9,15,9,2,4
-4,-7,-8,-14,-22,-13,0,-5
2,5,4,6,11,-3,-24,0
-3,-7,-8,-4,-10,-7,-8,-5
-4,1,0,4,9,1,1,-3
-3,5,8,-3,-11,-4,-9,-4
-1,-1,-7,-9,-12,-18,9,2
6,3,6,5,2,6,3,0
-11,-8,-10,-13,-23,-13,-11,-7
-9,-4,-2,0,9,4,-2,-8
11,-1,0,-1,-10,-1,8,12
-1,-4,-6,-13,-2,-2,-3,-4
2,5,4,4,8,-8,0,1
3,2,-1,1,0,9,7,3
-7,-5,-4,-1,2,2,-1,-6
7,5,0,0,-4,-9,-3,0
0,-4,-3,-3,12,10,5,2
1,-1,-4,-1,4,-4,-3,0
-6,-4,0,-7,0,7,-1,-7
2,4,6,16,7,8,3,2
-2,-2,-5,-3,-2,-5,-5,-4
2,-1,2,6,4,1,-1,3
1,-1,-1,-1,-3,1,3,1
3,2,6,0,-6,-4,-2,-1
7,11,4,9,5,2,2,2
-2,-5,-10,-5,3,-2,3,-2
-2,2,2,0,-1,-15,-30,-6
-6,-4,-4,-6,-5,-11,-4,-3
5,1,4,-3,-6,1,0,5
1,-3,-4,8,2,3,1,2
-4,-3,1,-1,-4,-1,4,-2
-7,-8,-6,-7,-7,-5,-4,-5
-3,-3,-1,-1,-1,-3,-4,-3
-1,-2,1,-3,-4,-4,3,5
0,3,-2,-2,0,2,2,-2
-3,-5,-1,6,5,8,5,6
-3,2,0,-4,10,11,6,-3
0,-2,-6,-7,2,2,-1,0
4,3,6,12,8,5,3,0
-2,-1,-2,-9,-6,-3,-8,-2
-5,-4,-3,8,-1,-2,-6,-6
5,3,5,4,7,-2,-4,1
-3,-4,-10,-12,-11,1,3,-1
-2,1,2,-2,-8,0,-3,-6
-2,-7,-2,-6,-1,5,16,-2
-2,-4,-7,-10,-12,-7,-12,-3
1,5,4,9,1,7,2,-4
-2,-7,-9,-9,-1,-3,5,3
-6,-6,3,5,3,1,6,2
0,-1,-3,-8,-16,-7,-8,-10
-3,-1,1,-2,3,2,5,-1
2,3,2,5,6,5,-7,1
0,1,-2,-1,-2,11,9,-2
3,1,2,1,7,11,-2,2
-10,-6,-5,0,15,8,-2,0
-3,-1,3,2,-5,-4,3,-3
-4,-4,-2,-3,-9,-9,-9,-4
0,3,4,4,13,3,5,4
7,4,0,-4,-8,-6,1,0
-8,-6,-5,1,6,2,-2,-6
5,4,-1,0,-2,-11,-9,1
-2,-2,2,-1,-2,1,6,-1
-2,-10,-4,-1,-3,-4,-2,2
7,5,-1,-2,4,3,6,6
2,4,-2,-11,-14,-8,-11,-7
-9,-5,1,4,-6,-6,-4,-5
-7,-4,-4,-2,-5,0,2,-4
-6,-5,-8,-12,-12,-2,-4,-4
-3,-4,2,2,-5,-6,-2,-2
3,5,-3,-6,-10,-14,-6,2
3,2,7,0,1,10,5,1
-5,0,-5,-3,-4,3,12,-5
5,-1,-1,-6,-1,-1,-1,5
4,2,3,4,-1,-4,0,1
4,-2,-5,-5,-3,-7,-11,0
-2,1,2,5,6,4,-1,-1
-5,-5,-4,-1,2,1,-2,0
0,2,-1,1,3,5,3,1
-9,-7,-7,-8,-8,-2,3,-6
9,0,-3,2,0,-4,-4,3
-4,0,-3,1,3,0,-2,-3
0,1,9,7,11,2,-1,0
-5,0,0,-2,-9,-3,-6,-4
-3,2,-2,-5,-12,-8,-2,-1
-2,0,1,2,3,-3,-4,1
-2,-2,0,6,12,8,5,0
2,-1,-5,-8,-13,-3,4,-4
-4,-3,-1,-2,-5,-18,-22,-6
8,1,-3,-2,0,-16,-2,7
-7,-2,1,5,-7,-2,0,-6
0,2,0,16,22,13,0,1
-2,-1,-2,-1,1,5,1,-2
-4,-1,-1,-2,-7,-9,-5,-7
4,-3,-1,-1,2,1,-5,1
-1,0,-1,-2,-16,-13,-4,-3
0,-6,-7,-2,2,-2,2,1
-4,0,8,11,18,14,4,1
-1,-5,-2,-6,-14,-8,1,-1
-3,0,0,-3,10,2,3,1
3,2,2,-2,-4,2,1,2
9,1,-1,3,-8,0,2,4
-8,-2,-3,7,10,-1,-8,-4
1,2,-1,-2,-4,-3,0,2
-5,-1,6,8,6,-3,-6,-6
-14,-10,-10,-13,-20,-6,-5,-13
6,-3,-14,-15,-13,-17,-5,5
2,-2,4,4,7,11,5,0
2,0,3,2,2,5,4,5
-3,-2,-1,-5,1,4,-2,-5
-3,-2,-1,-6,-7,-6,1,2
-6,1,-5,-7,0,-5,-4,-6
0,-4,-1,-1,-3,-2,1,0
0,0,1,1,-9,-3,-3,1
-2,-2,2,-3,-2,3,0,-3
-1,3,1,-2,-1,-5,-1,-1
8,-1,-9,-21,-22,-11,-8,-4
-2,1,1,12,7,5,5,3
2,3,5,7,8,8,6,2
-5,-5,-1,-3,0,-6,-5,-6
0,-2,-6,-2,-2,2,1,3
1,-1,-2,-1,5,1,2,3
0,4,4,9,7,7,0,-3
6,-2,-2,4,-2,-7,-1,3
-1,-1,1,5,9,8,6,3
4,-5,-7,-5,1,0,-2,4
-7,-4,-2,-4,-4,0,1,-2
-1,0,-2,0,-1,-4,-4,-5
-11,-6,-1,4,2,-2,0,-1
2,-2,-2,-2,-1,-2,-2,-3
1,3,-1,-4,-2,-3,-1,-1
3,-2,2,-6,4,2,-2,4
3,4,-1,1,-11,-4,-1,-1
-7,-5,-2,2,3,3,-2,-8
4,-2,0,8,16,10,9,10
-3,-3,-8,-7,-3,-2,-8,-3
-5,0,2,-4,-14,-18,-7,-6
3,1,-1,-2,2,2,3,0
-3,-4,-2,-3,-9,-1,-6,-4
-2,-5,-2,-1,-4,1,3,0
-3,1,1,0,11,6,0,-3
15,12,3,-2,-6,-2,2,11
-4,-4,3,1,-1,-3,-5,-7
3,0,0,-1,-5,-3,0,0
0,-2,0,3,6,1,-2,-5
-1,-1,0,-4,4,2,2,1
-2,0,-3,-4,-13,-3,-1,-3
3,1,-3,-2,-1,-2,-5,-3
-1,-2,-3,4,9,6,3,2
-4,0,8,12,10,0,-1,-2
-1,0,-4,-7,-2,-1,-1,-3
-7,-6,-6,-9,-11,-5,1,-5
-5,-4,1,11,11,-1,-3,-4
0,-3,-2,1,8,7,0,1
-6,-3,-4,-7,-12,-3,-3,-4
4,-3,-3,2,-1,3,2,6
3,3,1,-3,0,2,2,3
-9,-6,-5,-3,-4,-6,-2,-2
-2,-5,-6,-5,-2,-3,0,3
-5,0,0,-2,1,-1,2,2
-2,0,2,-4,-3,-5,-5,-7
-1,-3,-4,-7,-14,-7,-8,-4
1,-2,-2,6,7,3,2,3
-15,-8,0,1,-2,-2,-3,-7
0,-6,-8,-17,-17,-4,-4,3
1,-1,2,9,11,6,3,4
-4,-2,-1,0,-2,-4,-5,-7
5,1,2,5,4,-1,-1,5
-5,2,2,-12,-28,-7,-4,-6
-5,-2,-1,2,18,3,-2,-4
2,1,-2,-2,-12,-13,-4,-5
-5,-1,-3,-5,4,11,2,-3
6,0,2,1,-3,-1,0,2
-2,2,0,-1,-10,-4,-1,0
-5,-3,-1,0,5,-1,-3,-5
3,2,3,7,-6,-7,-4,-3
1,-3,-6,-20,-12,-3,-1,3
-5,0,-1,1,-7,-4,-2,-2
1,0,1,3,1,-1,-2,2
3,1,0,-1,-1,2,1,0
-6,-4,-6,-6,1,0,-3,-4
-1,-1,-1,-3,-5,0,2,-1
0,6,5,-1,-3,-4,-3,-3
6,0,1,4,-6,-2,0,3
3,0,-6,6,15,2,1,1
-6,-5,0,-7,-11,3,-6,-5
-4,-5,-6,-6,0,3,1,0
-8,-5,3,5,-1,-6,-5,-8
1,0,1,7,3,-1,1,0
3,2,-6,-4,-3,-5,0,0
7,4,0,-1,-2,0,0,4
-12,-11,-5,-1,-2,-4,-3,-5
3,3,5,6,10,3,2,0
-3,-5,-2,-2,0,-2,-1,-1
2,-2,0,-6,-3,-1,0,-1
-1,2,-1,-3,4,1,2,3
0,1,-2,3,4,3,-2,-1
-3,-2,3,0,-15,-5,-2,-5
-2,-2,-5,-10,-13,-4,-3,-4
7,5,8,22,22,8,4,5
-5,-6,-8,-6,-9,-4,-4,-3
2,2,-4,-9,-3,1,-2,0
-11,-8,-1,0,-8,-5,-5,-6
-3,0,-6,-11,-4,4,2,1
-6,0,4,12,4,0,-2,-5
6,1,1,6,6,4,0,4
7,4,2,2,6,2,4,4
-4,-5,-3,-10,-11,-10,-9,-9
4,-2,-1,-2,-3,-1,4,3
-4,1,-5,-8,-4,-8,-5,-7
-2,-5,-3,2,8,6,2,0
-1,2,3,2,1,0,-1,-1
2,2,0,0,0,-2,-2,-1
-6,-3,0,-3,-4,-4,-2,-3
-7,-3,-4,-2,6,1,1,-5
11,5,-1,-7,-15,-12,-3,5
-9,-8,0,2,7,4,-2,-4
-2,-1,0,0,6,-1,0,0
3,4,-1,-8,-10,-1,-2,0
-14,-4,-3,-4,-4,-2,-4,-7
5,4,3,-3,8,5,2,6
0,-4,-3,-4,1,-4,0,-2
-3,-2,1,1,4,5,0,-1
9,5,2,0,-2,-1,3,3
-2,2,-2,-4,1,-3,2,2
-6,-7,-2,-10,-13,1,0,-2
2,0,2,6,-2,2,0,1
-3,-2,-3,0,6,2,0,1
-3,-2,-2,-1,-10,-3,-3,-4
0,2,2,6,3,-1,-2,-2
-2,0,-3,-12,-9,-6,-4,-2
0,-2,-4,-5,4,5,1,-2
-4,-2,2,6,2,-2,-1,-3
3,-3,-2,-4,3,1,3,2
0,-2,-3,0,-7,-4,-1,0
-5,-6,-3,-4,5,-1,-5,-5
2,2,0,-1,-3,-1,-2,-4
0,-2,0,5,5,2,1,1
7,2,0,0,7,2,3,3
-2,-2,-5,1,-2,-1,2,2
0,1,2,-3,-2,-2,-2,-2
-2,-2,-1,-1,-7,-10,-5,-2
-5,-3,-3,5,19,10,0,-3
-3,-2,0,-2,-22,-4,1,-2
1,-3,-1,-4,-7,-3,-4,0
-4,-4,-7,-5,-5,-4,1,-1
-1,-3,-2,3,-5,-5,2,2
-1,-2,-3,-3,5,1,-3,-2
-6,0,2,5,4,1,2,-2
-4,-1,-2,1,-1,0,-1,-3
-3,-5,-4,-1,-6,-6,-3,-5
-4,0,2,2,3,2,1,2
5,6,0,-2,-1,0,2,4
0,4,-2,-7,-14,-3,-4,-2
2,4,7,11,11,3,0,0
0,0,-2,0,0,-3,-2,-5
-2,-3,-3,-2,-1,-2,-1,0
0,-4,-1,-4,-8,-5,-1,1
1,-1,-4,-6,4,7,0,0
-1,1,1,-1,-1,-3,-4,-2
-1,-3,-3,5,1,4,3,2
-9,-4,-5,1,15,4,5,4
6,3,4,-2,-6,-2,0,0
-1,-6,-2,4,16,6,1,0
-4,-3,-3,-2,-7,-5,-1,-4
0,1,-4,-4,3,4,0,-2
1,0,-3,-9,-2,-3,-2,-3
5,-6,-1,8,5,0,1,6
-1,0,1,-4,-4,-1,-1,0
-6,-3,4,8,9,4,-2,-4
-11,-3,-4,5,-2,-3,-5,-6
5,3,0,-4,-8,1,0,2
0,0,-2,0,2,-4,-1,-3
2,-1,-4,-1,-3,0,0,-2
3,-1,-1,-5,-6,-5,-2,0
-7,-5,-4,-3,-4,-7,-1,-3
3,0,1,1,8,10,0,1
0,3,3,-1,-3,-1,-6,-7
6,4,4,2,-6,-2,-2,4
-5,-3,-9,-8,-7,-6,-3,-5
2,0,1,6,7,2,3,1
6,8,4,3,-10,-4,2,3
-10,-11,-8,-1,1,2,0,-1
7,8,7,2,4,1,-1,-3
-3,-2,-5,-5,-2,-4,-2,-3
2,-1,2,3,0,2,1,3
-1,1,0,-2,-3,-3,0,1
-5,1,-5,-7,-11,-3,-2,-3
-1,-1,0,7,17,1,-1,-2
0,-1,3,1,-1,-3,-6,-5
-3,0,0,1,-6,-4,1,0
-5,-6,1,0,1,1,1,-4
-3,-3,-1,-6,-11,-2,-5,-4
-1,-2,-6,-7,-4,-7,-1,-1
2,-1,-7,-3,12,12,3,2
-5,-1,7,6,0,-3,0,1
-1,0,0,-4,-4,-3,-4,-6
-1,-8,-4,0,0,-1,-2,3
-7,-3,-3,-7,-5,-4,-2,-5
10,7,-1,-3,-2,0,-1,0
-13,-10,-8,-9,-12,-5,0,-5
8,0,-1,3,8,5,1,4
-1,-6,0,-1,1,2,3,1
0,0,-1,-1,4,3,1,0
-1,1,0,-4,-14,-4,0,5
-1,-4,-2,3,-2,1,-1,-2
-3,-2,1,2,4,-1,-2,-1
-2,-2,-1,-1,-7,-9,-1,-2
-1,-5,-10,-10,-5,6,-2,0
-5,4,5,4,7,2,2,-2
-1,-1,-1,-2,-8,-10,-8,-1
-9,-7,-5,-7,-3,-3,-4,-5
3,5,2,4,4,-4,0,1
-1,-4,-4,-6,0,-3,-1,-5
-3,-1,-3,0,3,-4,-5,-5
4,0,-3,-6,-11,-6,-2,1
-3,-3,-2,-3,-2,-2,-1,-1
-5,-1,0,-2,-3,2,0,-3
1,2,2,3,2,-4,0,2
-1,-2,-4,-13,-16,-7,-4,-3
0,-1,-1,7,18,9,4,0
-3,1,-2,-5,-6,0,-1,-2
1,3,4,3,2,3,0,-1
0,4,3,8,16,6,4,1
-5,-8,-11,-13,-14,-7,-5,-3
-4,-1,-3,-9,-2,-4,-4,-3
-5,-3,-6,-4,-9,-5,-4,-7
0,-5,-2,0,1,-5,0,1
1,3,3,10,8,6,1,-1
-7,-6,-6,-3,-7,-5,-4,0
-2,0,1,-3,-11,-4,-3,-3
-7,0,0,-3,5,4,0,-3
9,2,3,3,-1,-5,-3,3
0,-1,-1,-1,1,-2,-2,0
4,-2,1,5,4,6,8,7
-10,-4,-2,8,6,-1,-2,-8
4,7,3,0,8,6,1,-2
-7,-7,-3,2,4,2,0,0
-3,-2,0,-5,0,-1,2,2
5,3,2,6,7,6,3,5
-1,0,-1,-6,-8,-7,-4,-3
5,5,5,11,-1,-1,0,-2
-4,-5,-10,-17,-7,-4,-7,-4
-2,-2,-2,4,-5,-10,-2,2
-5,-5,-1,-3,3,5,-1,-7
-4,3,0,0,-2,-4,-2,-4
-4,-3,0,4,-7,-4,-2,-2
8,8,1,1,6,2,-4,-1
2,-2,1,-1,-6,-7,-2,0
-3,-7,-10,-9,-7,-5,-5,-2
0,3,2,4,2,-2,-1,-4
6,3,-1,-4,-1,7,0,4
-3,-3,2,2,3,-1,2,2
2,-1,-2,-10,-12,-4,-3,-1
3,5,3,6,4,-1,-2,0
-5,-4,-7,-12,-21,-6,-4,-4
2,0,-1,4,11,1,3,2
-1,-1,2,-3,-2,0,2,1
-2,-4,-3,0,2,-2,0,0
8,8,3,-5,-4,1,-1,0
-13,-9,-1,4,-1,-4,-3,-4
1,-3,-5,-5,-3,1,2,4
9,5,3,-2,0,0,-1,0
0,1,3,1,3,2,4,1
-5,-5,-3,-6,-9,-3,-1,-2
4,4,-1,6,9,0,-1,0
-3,-3,0,4,6,2,2,0
-2,-5,-1,6,7,1,0,1
1,5,0,-3,-14,-9,-4,-1
-7,-7,-4,6,9,4,1,1
-2,3,1,-1,1,-1,-2,-4
-4,-6,-3,-5,-3,-6,-4,-6
-1,-1,-4,-5,-8,-1,-2,-1
3,3,5,3,1,1,2,1
-3,-7,-7,-7,-4,-2,-4,-2
2,-4,-5,0,-9,-9,0,3
0,1,0,-1,7,6,0,-2
-2,-3,-1,-2,0,-1,0,-2
2,0,1,3,2,4,0,4
-9,-6,-3,-10,1,0,-4,-6
4,5,0,9,7,-4,0,2
0,-3,1,-5,-13,-1,-1,-1
-2,1,-2,-1,-5,-1,3,0
-4,-2,-1,0,-1,2,-3,-5
5,3,-4,-9,-11,-3,-2,-1
-3,-3,-1,0,6,-1,-3,-6
-6,-1,-1,8,4,1,1,-2
0,-3,-4,1,1,6,3,6
-3,-2,-1,-4,-2,-2,1,-1
7,6,9,10,5,-3,1,5
1,-4,-4,0,4,3,-3,-2
0,2,-3,-4,-11,-14,-2,-3
-1,-5,-2,-2,1,5,0,1
6,5,-3,-7,1,-2,0,-2
5,4,1,-4,-1,-1,0,5
-3,0,1,5,13,5,-3,-6
1,-1,0,-5,-16,-14,-5,-2
-5,-1,-1,-3,0,2,-5,-7
0,0,1,-4,-4,0,1,0
1,-2,-6,1,5,0,-3,-1
-1,0,1,1,3,0,3,0
-4,-5,-1,-6,-12,-3,-3,-2
1,-1,-3,-5,-12,-6,-3,0
3,3,-3,-3,-1,-1,-3,0
-8,-9,-4,0,2,1,-3,-6
4,4,0,9,7,-1,2,4
-7,-6,-4,-6,-11,-7,-6,-7
-1,-1,2,0,1,2,0,-3
-3,-1,-4,1,0,-1,2,0
3,1,3,-4,-4,-2,0,3
7,3,2,-2,-3,-2,1,6
-5,-7,1,7,1,-4,1,0
-2,1,1,-5,-8,2,-7,-7
-1,3,-1,2,-5,-2,1,-1
-6,-8,-6,3,8,2,-1,-5
-3,0,2,-2,-4,5,2,-2
4,-3,-3,-1,-5,-5,-1,4
-5,-9,-8,-4,-7,-4,-4,-3
5,3,-1,-2,6,4,3,1
-18,-9,-7,-6,-13,-8,-6,-12
2,2,4,5,6,3,2,4
-3,-1,-4,-6,-7,-3,-2,-1
-4,-6,-1,1,5,-1,-2,-2
-2,1,-1,-7,-6,-1,-1,1
5,3,2,-1,7,3,5,3
-12,-14,-9,-7,-1,-1,0,-6
-3,-2,-2,-4,-8,-4,-4,-3
5,3,0,1,2,-2,1,3
-7,-4,-2,-7,-10,-4,-3,-7
14,6,2,1,4,2,2,8
-4,-3,-3,-3,-2,-2,-2,-2
0,0,2,1,5,3,2,4
-5,-8,-4,-2,-8,-14,-7,-6
-5,-1,-1,-2,4,6,-3,-6
0,-2,-4,-3,-4,0,0,1
-1,-1,3,4,-5,-2,-1,1
-2,-3,-4,-2,8,5,3,1
0,-1,-2,1,-2,-5,-3,-1
0,-2,2,4,-1,-1,2,2
6,3,-1,-6,0,3,-1,1
0,-2,-2,2,0,0,-4,-1
-8,-2,-3,-7,4,2,2,-2
-2,1,1,-2,-3,-3,-2,-3
4,1,-1,0,0,-4,-4,-3
-4,0,4,5,11,7,4,0
-2,0,-3,-8,-15,-6,-1,-2
-2,-2,-4,-7,-8,-7,-5,-8
-7,-5,-3,-3,-10,-1,-1,-3
-3,-3,-3,-1,3,1,-2,-1
0,1,2,5,3,2,2,2
0,1,1,-2,3,2,0,-1
14,6,-1,-1,-11,-14,-3,5
1,1,4,2,0,3,0,-1
0,-1,0,2,-1,0,1,1
-4,0,-4,-6,-4,-4,-6,-7
-4,1,2,6,7,4,-2,-2
-3,0,-2,0,-2,-3,3,0
5,3,2,-5,-8,-9,-9,-5
10,7,3,7,2,3,5,8
-12,-14,-10,-9,1,1,-3,-7
4,4,3,-1,-15,-4,-1,1
-5,-1,-1,2,11,4,1,-3
3,-1,1,-1,4,-1,2,2
-3,-3,-1,4,3,5,2,3
1,0,-4,-7,-1,-3,-5,-3
6,0,-2,-3,1,5,9,7
-5,0,-4,-2,1,-1,-3,-2
-2,1,2,-4,-7,-4,-2,-2
1,-5,-8,-2,-4,-6,-4,0
3,6,0,1,6,2,-1,0
-2,-1,0,4,2,-3,-2,-4
1,-2,-4,-6,-6,1,3,1
3,3,3,3,3,2,-1,0
-4,-6,-3,-2,-3,-3,-3,-1
-2,-6,-2,-2,-1,2,1,2
-4,-2,-3,-5,-11,-8,-6,-5
-3,-2,-1,4,9,3,1,-1
-7,-9,-5,-6,-12,-9,-7,-7
-8,-4,-8,-5,-2,-1,-1,-5
2,1,3,-1,-7,-3,-2,0
