(0, 0, 0, 0)
(-0.7365345, -0.373877019, -0.498268455, 0.263555318)
(-0.742548943, -0.367318928, -0.4997852, 0.252809435)
(-0.7346105, -0.378110319, -0.497184336, 0.264929682)
(-0.726867139, -0.3881262, -0.495070964, 0.275548577)
(-0.734557, -0.3865768, -0.493749559, 0.2592217)
(-0.738049746, -0.373523831, -0.50041604, 0.255629361)
(-0.7332049, -0.3892035, -0.4945315, 0.257623434)
(-0.72554636, -0.3845725, -0.501028657, 0.27323398)
(-0.7233802, -0.4015399, -0.4930839, 0.268989235)
(-0.7271312, -0.39016974, -0.499633819, 0.263465136)
(-0.721987844, -0.404637545, -0.494186431, 0.2660485)
(-0.7239126, -0.391029537, -0.5018786, 0.266766369)
(-0.7262227, -0.4058719, -0.492491215, 0.255579621)
(-0.7271199, -0.392064333, -0.500628233, 0.258753955)
(-0.7338531, -0.399995357, -0.493345976, 0.240983844)
(-0.7355938, -0.38536483, -0.501067936, 0.243570626)
(-0.7321706, -0.400616825, -0.493875444, 0.2439661)
(-0.7368552, -0.387720734, -0.4989984, 0.240244761)
(-0.729553461, -0.396236062, -0.497093618, 0.252282977)
(-0.738025367, -0.3930454, -0.49502635, 0.236184075)
(-0.732224166, -0.404789358, -0.490588784, 0.243548378)
(-0.72703886, -0.396886945, -0.497311652, 0.258023739)
(-0.7359906, -0.396585226, -0.4932733, 0.240248963)
(-0.743598, -0.388304949, -0.4941129, 0.228328034)
(-0.7380304, -0.401477665, -0.4888125, 0.234923691)
(-0.730394661, -0.401044667, -0.4923094, 0.251631558)
(-0.7387684, -0.3978554, -0.490171, 0.235934)
(-0.7457401, -0.386539042, -0.49324742, 0.226199389)
(-0.752818942, -0.380421728, -0.493174732, 0.212888435)
(-0.745000541, -0.3872147, -0.493394434, 0.227158174)
(-0.737124145, -0.393116385, -0.493967623, 0.241046637)
(-0.729267955, -0.3969311, -0.4954648, 0.2552031)
(-0.7370782, -0.3915915, -0.4954036, 0.240722433)
(-0.733491838, -0.379226446, -0.503981769, 0.2533368)
(-0.7389064, -0.387946635, -0.496850222, 0.238022372)
(-0.731229, -0.396681219, -0.4951694, 0.250510544)
(-0.7297237, -0.3828794, -0.503498733, 0.259606749)
(-0.7353796, -0.392029, -0.495962948, 0.244030669)
(-0.74323976, -0.390325636, -0.493510634, 0.227349371)
(-0.7353573, -0.3969482, -0.493571937, 0.240974039)
(-0.72817117, -0.407118648, -0.490826577, 0.2512177)
(-0.73376447, -0.394415259, -0.4959409, 0.245089635)
(-0.7413839, -0.38908264, -0.495650262, 0.230858088)
(-0.7346789, -0.4009376, -0.4920019, 0.239645913)
(-0.7272245, -0.39705506, -0.497291535, 0.257279515)
(-0.7319763, -0.407642663, -0.488807172, 0.243117)
(-0.7375996, -0.395539343, -0.493468583, 0.2366098)
(-0.743426, -0.3839928, -0.4974004, 0.2290414)
(-0.7380181, -0.398089468, -0.49191013, 0.234261453)
(-0.7298558, -0.397659779, -0.495779932, 0.251753032)
(-0.7374766, -0.391054541, -0.4963287, 0.238458753)
(-0.7447164, -0.384401, -0.49689132, 0.2252382)
(-0.737529457, -0.3944668, -0.494864076, 0.235703)
(-0.729299664, -0.3946942, -0.49841398, 0.252828181)
(-0.7368834, -0.3957306, -0.494455129, 0.23646234)
(-0.7289646, -0.40323928, -0.493856817, 0.249226779)
(-0.7364801, -0.4031284, -0.490362167, 0.233729765)
(-0.729832232, -0.396964967, -0.4971241, 0.250262529)
(-0.7375296, -0.390358, -0.497552931, 0.236879215)
(-0.7432334, -0.3982204, -0.4902677, 0.22059536)
(-0.7365732, -0.3933225, -0.4962604, 0.237661675)
(-0.7286945, -0.401471943, -0.494815767, 0.2509622)
(-0.727158, -0.3878424, -0.503024638, 0.260356635)
(-0.7343596, -0.392562658, -0.497442722, 0.243230656)
(-0.742214859, -0.3881692, -0.4965397, 0.227793932)
(-0.7362391, -0.401329815, -0.491774172, 0.234615847)
(-0.7278397, -0.40451777, -0.4933701, 0.251397371)
(-0.7300886, -0.390127331, -0.5005957, 0.2533285)
(-0.737976849, -0.391501516, -0.4965073, 0.23579067)
(-0.7381522, -0.40618366, -0.488095433, 0.227835745)
(-0.7333388, -0.396612227, -0.4958297, 0.243035)
(-0.725850165, -0.405740678, -0.493637532, 0.2546333)
(-0.731157959, -0.3932121, -0.4988534, 0.248872608)
(-0.7330926, -0.406952232, -0.490263224, 0.237922326)
(-0.7351907, -0.392827839, -0.497710675, 0.239718646)
(-0.7279587, -0.402613044, -0.495401025, 0.250113249)
(-0.7357188, -0.39857626, -0.494249851, 0.235736832)
(-0.728569269, -0.394573241, -0.49970004, 0.25258407)
(-0.7354863, -0.399378538, -0.4937211, 0.2362123)
(-0.7379893, -0.3850512, -0.500716865, 0.237465739)
(-0.734053969, -0.3998313, -0.4941035, 0.239084452)
(-0.7343222, -0.385338873, -0.5022538, 0.245002136)
(-0.7321393, -0.400456, -0.494641274, 0.242769852)
(-0.73897, -0.4047644, -0.488919884, 0.22593464)
(-0.734514356, -0.3943974, -0.497238159, 0.240195)
(-0.741905153, -0.389189571, -0.496866375, 0.226345152)
(-0.734267652, -0.396074384, -0.496666849, 0.239370391)
(-0.728742361, -0.4088706, -0.491786927, 0.244755134)
(-0.735535443, -0.399118, -0.4944428, 0.234986782)
(-0.7414589, -0.387862325, -0.498116553, 0.227335379)
(-0.734674454, -0.3982851, -0.49553144, 0.236793041)
(-0.727830231, -0.409193367, -0.492223024, 0.2460496)
(-0.731382966, -0.395457864, -0.498564273, 0.245205626)
(-0.7306202, -0.410233676, -0.4903036, 0.239801481)
(-0.7366516, -0.3984194, -0.494370371, 0.232818112)
(-0.729101, -0.406399667, -0.493080556, 0.245199308)
(-0.733758867, -0.393064171, -0.49853006, 0.242004529)
(-0.7260761, -0.400052518, -0.497815579, 0.254855)
(-0.734029055, -0.398971379, -0.494792968, 0.239171714)
(-0.7312813, -0.413896233, -0.486964881, 0.238291427)
(-0.735294163, -0.399940372, -0.493059546, 0.237239331)
(-0.7280428, -0.396869, -0.4978508, 0.25415194)
(-0.7358781, -0.397931516, -0.493577421, 0.237728983)
(-0.734289348, -0.384286582, -0.501869142, 0.2475285)
(-0.738124669, -0.395957947, -0.4934887, 0.234217912)
(-0.7307217, -0.393238217, -0.498293, 0.2512239)
(-0.7373106, -0.398899049, -0.4919988, 0.234925136)
(-0.729524136, -0.397554517, -0.4963602, 0.2517369)
(-0.7370208, -0.400051266, -0.491537631, 0.234840408)
(-0.732450843, -0.389852583, -0.4994904, 0.2490784)
(-0.7340397, -0.403954953, -0.490560532, 0.239492044)
(-0.7294513, -0.39368394, -0.4985537, 0.253688931)
(-0.7350367, -0.402305275, -0.49116388, 0.2379698)
(-0.7310254, -0.3911293, -0.499695033, 0.2508477)
(-0.737296939, -0.397160321, -0.493660778, 0.2344266)
(-0.7290402, -0.401258349, -0.49523893, 0.249460623)
(-0.7367716, -0.396206737, -0.494809628, 0.235268816)
(-0.728593349, -0.400915146, -0.496034354, 0.249737337)
(-0.736108363, -0.398312658, -0.494217157, 0.235034034)
(-0.7284239, -0.3961828, -0.4990458, 0.251776129)
(-0.736091137, -0.397120237, -0.4953065, 0.234812468)
(-0.731217265, -0.3870245, -0.503413, 0.24921608)
(-0.734817266, -0.398851156, -0.495180935, 0.236129463)
(-0.7269916, -0.398899972, -0.498749882, 0.252211332)
(-0.7350102, -0.395308733, -0.4974407, 0.236735508)
(-0.731484532, -0.383133084, -0.5060033, 0.249198526)
(-0.7303003, -0.398242831, -0.49797383, 0.245124757)
(-0.7354335, -0.407140583, -0.4904495, 0.229855031)
(-0.73336494, -0.393803746, -0.499316931, 0.240368545)
(-0.735807359, -0.406839639, -0.490674227, 0.22870937)
(-0.7305037, -0.398002148, -0.498400837, 0.2440394)
(-0.7223799, -0.401265025, -0.5000504, 0.259043)
(-0.730427, -0.398988724, -0.498100877, 0.243269116)
(-0.7380273, -0.3950968, -0.496878058, 0.228749782)
(-0.7298435, -0.4008003, -0.497543633, 0.243183032)
(-0.7370698, -0.394440681, -0.4978879, 0.230764657)
(-0.7290903, -0.399632871, -0.498704553, 0.244979084)
(-0.736653566, -0.3963578, -0.4972688, 0.230142981)
(-0.730089545, -0.390269637, -0.5038442, 0.246576115)
(-0.731642365, -0.40444845, -0.4949942, 0.2368582)
(-0.7344194, -0.390303373, -0.501911, 0.237437785)
(-0.7303055, -0.404749155, -0.495509833, 0.239378288)
(-0.7309068, -0.3901416, -0.503661454, 0.24472411)
(-0.7350673, -0.4010993, -0.495523661, 0.230763063)
(-0.7272456, -0.400064647, -0.499622315, 0.247869864)
(-0.7343838, -0.392312318, -0.5009582, 0.236246586)
(-0.7364547, -0.405640453, -0.492412627, 0.224989429)
(-0.7319372, -0.395574033, -0.500427067, 0.239503592)
(-0.727351367, -0.409982234, -0.4940851, 0.242393315)
(-0.73042953, -0.3958066, -0.5009207, 0.242669031)
(-0.738252461, -0.393025756, -0.499087244, 0.226773173)
(-0.730395138, -0.398530275, -0.499684334, 0.240857348)
(-0.7375514, -0.40007928, -0.495350718, 0.224904716)
(-0.7297259, -0.401227623, -0.49836114, 0.241148591)
(-0.7375886, -0.399331719, -0.49566862, 0.225410849)
(-0.730783045, -0.394513458, -0.5017187, 0.242061451)
(-0.7336723, -0.407264471, -0.492891937, 0.230039239)
(-0.7282787, -0.398820847, -0.5002381, 0.24558863)
(-0.7360112, -0.3980715, -0.4970872, 0.22963208)
(-0.7333872, -0.413106769, -0.489727616, 0.227272883)
(-0.7309132, -0.40043366, -0.498505831, 0.238559276)
(-0.7236355, -0.39583537, -0.5044037, 0.255426854)
(-0.729347646, -0.404145062, -0.4972422, 0.2397268)
(-0.7370304, -0.4012243, -0.495424718, 0.224409536)
(-0.729869246, -0.396915525, -0.5014606, 0.241425455)
(-0.722577751, -0.407312423, -0.4988101, 0.2513292)
(-0.729597569, -0.399181753, -0.5007361, 0.240009636)
(-0.727446139, -0.414422482, -0.492949247, 0.236806184)
(-0.7299916, -0.400379121, -0.5001644, 0.23800087)
(-0.731779456, -0.4139272, -0.491417557, 0.227314577)
(-0.7270285, -0.404029936, -0.4997328, 0.241777748)
(-0.733933449, -0.4076925, -0.494456142, 0.225036681)
(-0.7299486, -0.396679044, -0.5030573, 0.2382312)
(-0.7318493, -0.4101839, -0.4944541, 0.227290049)
(-0.7242854, -0.406512529, -0.5002756, 0.2447088)
(-0.731807947, -0.401353329, -0.499862432, 0.231323063)
(-0.7255305, -0.413134873, -0.496030271, 0.238493264)
(-0.7319077, -0.4026022, -0.499170333, 0.230329081)
(-0.7239886, -0.4097993, -0.498665452, 0.243387938)
(-0.7310323, -0.401484877, -0.500289857, 0.232619315)
(-0.723304331, -0.409070551, -0.499395221, 0.245146081)
(-0.730347037, -0.400729239, -0.5010788, 0.234370112)
(-0.722775, -0.409231544, -0.499559373, 0.246102229)
(-0.7307142, -0.406255633, -0.497543156, 0.2312228)
(-0.7225963, -0.408156753, -0.5002186, 0.2470709)
(-0.730362356, -0.4088002, -0.496275216, 0.230573311)
(-0.72261703, -0.4064688, -0.5013318, 0.247536153)
(-0.7287559, -0.413668275, -0.4940031, 0.231850058)
(-0.7286791, -0.399369121, -0.502482, 0.238836572)
(-0.7263822, -0.414306223, -0.494703561, 0.236617386)
(-0.723512, -0.4019022, -0.5032361, 0.2485125)
(-0.725642, -0.415296972, -0.494191557, 0.238215864)
(-0.72486943, -0.401278824, -0.5028662, 0.246303111)
(-0.7315195, -0.4069347, -0.4963838, 0.229970723)
(-0.724524736, -0.402186662, -0.5022886, 0.2470142)
(-0.7315572, -0.4062118, -0.496578336, 0.230707765)
(-0.7236399, -0.406539559, -0.50020206, 0.246715963)
(-0.731508434, -0.40201363, -0.499206722, 0.232536152)
(-0.7233185, -0.406533062, -0.500299335, 0.247470438)
(-0.7310168, -0.4038336, -0.498259, 0.232961088)
(-0.722968, -0.4088906, -0.4990322, 0.2471692)
(-0.7309266, -0.405076236, -0.497631282, 0.232427984)
(-0.7227615, -0.4078134, -0.499830276, 0.247938782)
(-0.730586231, -0.403806448, -0.498607069, 0.23361288)
(-0.7225778, -0.4102018, -0.498578072, 0.2470542)
(-0.7297211, -0.4016881, -0.5003863, 0.236150846)
(-0.722201, -0.4104503, -0.498722881, 0.247450665)
(-0.7282749, -0.399584264, -0.5023623, 0.239958853)
(-0.727976739, -0.414421022, -0.4938063, 0.233367667)
(-0.7249347, -0.402310878, -0.5025246, 0.245121643)
(-0.729513347, -0.412586659, -0.494324178, 0.230708122)
(-0.7227444, -0.4066941, -0.501098037, 0.247267291)
(-0.722729445, -0.4211973, -0.4924731, 0.240260452)
(-0.726963639, -0.4076363, -0.498734176, 0.23795107)
(-0.728468239, -0.392971933, -0.5065813, 0.241417557)
(-0.7251737, -0.407578319, -0.4996272, 0.2416106)
(-0.727701247, -0.420393735, -0.490679353, 0.230117008)
(-0.7252892, -0.407795131, -0.499448925, 0.24126637)
(-0.733098447, -0.406933576, -0.496161461, 0.225378722)
(-0.725274444, -0.407139122, -0.499766022, 0.241761163)
(-0.7317474, -0.413011432, -0.4930959, 0.225441113)
(-0.72445786, -0.409282774, -0.4988978, 0.24238272)
(-0.726741731, -0.3950117, -0.506244361, 0.243985549)
(-0.727467656, -0.409367174, -0.497617722, 0.235766485)
(-0.72467, -0.396751732, -0.5062782, 0.247232124)
(-0.7280499, -0.408860117, -0.4976582, 0.23476176)
(-0.7198086, -0.410043955, -0.500699341, 0.251077145)
(-0.727566957, -0.411094517, -0.496502131, 0.234804556)
(-0.7220057, -0.402252823, -0.5043795, 0.2500037)
(-0.7272592, -0.4114756, -0.496579379, 0.234927163)
(-0.722232938, -0.401799053, -0.50464505, 0.24954021)
(-0.7278, -0.4104764, -0.496958, 0.234198689)
(-0.7201312, -0.407889575, -0.5020554, 0.250953078)
(-0.7280088, -0.4074088, -0.498807639, 0.234972835)
(-0.719747, -0.4118509, -0.5000407, 0.249604255)
(-0.727721035, -0.407843769, -0.49879086, 0.235145047)
(-0.719592154, -0.413492918, -0.499161959, 0.24909462)
(-0.7272934, -0.407536954, -0.4991312, 0.236275181)
(-0.719518542, -0.414731473, -0.4984362, 0.248701081)
(-0.727499545, -0.4094044, -0.4979582, 0.23488301)
(-0.7305079, -0.395056367, -0.5048831, 0.235333011)
(-0.7251539, -0.4077381, -0.4998888, 0.240858316)
(-0.717369735, -0.414723963, -0.499183238, 0.2533787)
(-0.7253869, -0.409076333, -0.498989731, 0.239749268)
