(-0.012878418, 0.320922852, -0.7775879, 0.540527344)
(-0.0130615234, 0.321289063, -0.7774658, 0.540527344)
(-0.0128173828, 0.321167, -0.7774048, 0.5406494)
(-0.0128173828, 0.321167, -0.7774048, 0.5406494)
(-0.0126342773, 0.320739746, -0.777526855, 0.540710449)
(-0.0126342773, 0.320739746, -0.7775879, 0.540710449)
(-0.01373291, 0.321777344, -0.7772827, 0.5404053)
(-0.01373291, 0.321777344, -0.7772827, 0.5404053)
(-0.013671875, 0.321472168, -0.7774048, 0.5404663)
(-0.013671875, 0.321472168, -0.7774048, 0.5404663)
(-0.0140991211, 0.3218994, -0.7772827, 0.540344238)
(-0.0140991211, 0.3218994, -0.7772827, 0.540344238)
(-0.0140991211, 0.3218994, -0.7772827, 0.540344238)
(-0.0140991211, 0.321960449, -0.7772827, 0.540344238)
(-0.0140991211, 0.321960449, -0.7772827, 0.540344238)
(-0.0142822266, 0.321655273, -0.7775879, 0.540039063)
(-0.0142822266, 0.321655273, -0.7775879, 0.540039063)
(-0.0142822266, 0.321655273, -0.7775879, 0.5401001)
(-0.0142822266, 0.321594238, -0.7775879, 0.5401001)
(-0.0142822266, 0.321594238, -0.7775879, 0.5401001)
(-0.0144042969, 0.3215332, -0.777709961, 0.539978)
(-0.0151367188, 0.321044922, -0.778015137, 0.5397339)
(-0.0151367188, 0.321105957, -0.778015137, 0.5397339)
(-0.0151367188, 0.321105957, -0.778015137, 0.5397339)
(-0.0150756836, 0.320800781, -0.778198242, 0.539672852)
(-0.0150756836, 0.320800781, -0.778198242, 0.539672852)
(-0.0150756836, 0.320800781, -0.778198242, 0.539672852)
(-0.0150756836, 0.320800781, -0.778198242, 0.539672852)
(-0.0150756836, 0.320800781, -0.778198242, 0.539672852)
(-0.0150756836, 0.320800781, -0.778198242, 0.539672852)
(-0.0150146484, 0.320739746, -0.778198242, 0.539672852)
(-0.014831543, 0.320861816, -0.778381348, 0.5393677)
(-0.014831543, 0.320861816, -0.778381348, 0.5393677)
(-0.0147094727, 0.320800781, -0.778564453, 0.5391846)
(-0.0147094727, 0.321044922, -0.778564453, 0.539001465)
(-0.0147094727, 0.321044922, -0.778564453, 0.539001465)
(-0.014465332, 0.320617676, -0.7788086, 0.5389404)
(-0.0146484375, 0.320800781, -0.7786865, 0.5389404)
(-0.0146484375, 0.320800781, -0.7786865, 0.5389404)
(-0.0146484375, 0.320800781, -0.7786865, 0.5389404)
(-0.0146484375, 0.320800781, -0.7786865, 0.5389404)
(-0.0146484375, 0.320800781, -0.7786865, 0.5389404)
(-0.014465332, 0.32043457, -0.7788086, 0.539001465)
(-0.014465332, 0.32043457, -0.7788086, 0.539001465)
(-0.014465332, 0.32043457, -0.7788086, 0.539001465)
(-0.014465332, 0.32043457, -0.7788086, 0.539001465)
(-0.014465332, 0.32043457, -0.7788086, 0.5390625)
(-0.0144042969, 0.3203125, -0.7788696, 0.539001465)
(-0.0144042969, 0.3203125, -0.7788696, 0.539001465)
(-0.0144042969, 0.3203125, -0.7788696, 0.539001465)
(-0.0145874023, 0.320068359, -0.7788696, 0.5391846)
(-0.0146484375, 0.319702148, -0.7789917, 0.5391846)
(-0.0146484375, 0.319702148, -0.7789917, 0.5391846)
(-0.0146484375, 0.3196411, -0.7789917, 0.5391846)
(-0.0146484375, 0.3196411, -0.7789917, 0.5391846)
(-0.0146484375, 0.3196411, -0.7789917, 0.5391846)
(-0.0146484375, 0.3196411, -0.7789917, 0.5391846)
(-0.0146484375, 0.3196411, -0.7789917, 0.5391846)
(-0.0145874023, 0.319335938, -0.77923584, 0.539123535)
(-0.0146484375, 0.319213867, -0.7792969, 0.539001465)
(-0.0146484375, 0.319213867, -0.7792969, 0.539001465)
(-0.0146484375, 0.319213867, -0.7792969, 0.539001465)
(-0.0148925781, 0.319213867, -0.7792969, 0.5390625)
(-0.0150756836, 0.319519043, -0.7792969, 0.538818359)
(-0.0150756836, 0.319519043, -0.7792969, 0.538818359)
(-0.0150756836, 0.319458, -0.7792969, 0.538818359)
(-0.0150756836, 0.319458, -0.7793579, 0.5388794)
(-0.0178222656, 0.315673828, -0.782531738, 0.5363159)
(-0.0178222656, 0.315673828, -0.782531738, 0.5363159)
(-0.0178222656, 0.315673828, -0.782531738, 0.5363159)
(-0.0178222656, 0.315673828, -0.782531738, 0.5363159)
(-0.0179443359, 0.3156128, -0.7826538, 0.536193848)
(-0.0179443359, 0.3156128, -0.7826538, 0.536193848)
(-0.0181274414, 0.315490723, -0.7827759, 0.5360718)
(-0.0181274414, 0.315490723, -0.7827759, 0.5360718)
(-0.0181274414, 0.315490723, -0.7827759, 0.5360718)
(-0.0181274414, 0.315490723, -0.7827759, 0.5360718)
(-0.0181274414, 0.315490723, -0.7827759, 0.5360718)
(-0.0181274414, 0.315490723, -0.7827759, 0.5360718)
(-0.0184326172, 0.3157959, -0.7826538, 0.5360718)
(-0.0184326172, 0.3157959, -0.7826538, 0.5360718)
(-0.0184326172, 0.3157959, -0.7826538, 0.5360718)
(-0.0184326172, 0.3157959, -0.7826538, 0.5360718)
(-0.0184326172, 0.3157959, -0.7826538, 0.5360718)
(-0.0184326172, 0.3157959, -0.7826538, 0.5360718)
(-0.0184326172, 0.3157959, -0.7826538, 0.5360718)
(-0.0184326172, 0.315734863, -0.7826538, 0.5360718)
(-0.0184326172, 0.315734863, -0.7826538, 0.5360718)
(-0.0184326172, 0.315734863, -0.7826538, 0.5360718)
(-0.0184326172, 0.315734863, -0.7826538, 0.5360718)
(-0.0186157227, 0.3157959, -0.7826538, 0.5360718)
(-0.0186157227, 0.3157959, -0.7826538, 0.5360718)
(-0.0186157227, 0.3157959, -0.7826538, 0.5360718)
(-0.018737793, 0.315979, -0.782531738, 0.5361328)
(-0.018737793, 0.315979, -0.782531738, 0.5361328)
(-0.0192260742, 0.31652832, -0.782226563, 0.5362549)
(-0.0193481445, 0.3164673, -0.782226563, 0.536193848)
(-0.0193481445, 0.3164673, -0.782226563, 0.536193848)
(-0.0193481445, 0.3164673, -0.7822876, 0.536193848)
(-0.0193481445, 0.31640625, -0.7822876, 0.536193848)
(-0.01940918, 0.31640625, -0.7822876, 0.536193848)
(-0.01940918, 0.31640625, -0.7822876, 0.536193848)
(-0.0195922852, 0.316223145, -0.782409668, 0.5361328)
(-0.0195922852, 0.316223145, -0.782409668, 0.5361328)
(-0.0200195313, 0.3161621, -0.782531738, 0.5359497)
(-0.0200195313, 0.3161621, -0.782531738, 0.5359497)
(-0.020324707, 0.316040039, -0.7826538, 0.535827637)
(-0.020324707, 0.316040039, -0.7826538, 0.535827637)
(-0.0206298828, 0.315734863, -0.782897949, 0.535705566)
(-0.020690918, 0.315368652, -0.783081055, 0.5355835)
(-0.0208129883, 0.315246582, -0.7832031, 0.5354614)
(-0.0208129883, 0.315246582, -0.7832031, 0.5354614)
(-0.0209350586, 0.315185547, -0.7833252, 0.535339355)
(-0.0209350586, 0.315185547, -0.7833252, 0.535339355)
(-0.0211181641, 0.315002441, -0.7835083, 0.5352173)
(-0.0212402344, 0.314880371, -0.7836304, 0.5350342)
(-0.0212402344, 0.314880371, -0.7836304, 0.5350342)
(-0.0213623047, 0.314697266, -0.7838135, 0.5349121)
(-0.0213623047, 0.314697266, -0.7838135, 0.5349121)
(-0.02142334, 0.314697266, -0.7838135, 0.5349121)
(-0.02142334, 0.314697266, -0.7838135, 0.5349121)
(-0.02142334, 0.314697266, -0.7838135, 0.5349121)
(-0.02142334, 0.314697266, -0.7838135, 0.5349121)
(-0.02142334, 0.314697266, -0.7838135, 0.5349121)
(-0.02142334, 0.314697266, -0.7838135, 0.5349121)
(-0.02142334, 0.31463623, -0.7838135, 0.5349121)
(-0.02142334, 0.31463623, -0.7838135, 0.5349121)
(-0.02142334, 0.31463623, -0.7838135, 0.5349121)
(-0.02142334, 0.31463623, -0.7838135, 0.5349121)
(-0.02142334, 0.31463623, -0.7838135, 0.5349121)
(-0.02142334, 0.31451416, -0.783935547, 0.5348511)
(-0.021484375, 0.31427002, -0.7840576, 0.534790039)
(-0.021484375, 0.31427002, -0.7840576, 0.534790039)
(-0.021484375, 0.31427002, -0.7840576, 0.534790039)
(-0.021484375, 0.31427002, -0.7840576, 0.534790039)
(-0.021484375, 0.31427002, -0.7840576, 0.534790039)
(-0.021484375, 0.31427002, -0.7840576, 0.534790039)
(-0.021484375, 0.314208984, -0.7840576, 0.534790039)
(-0.021484375, 0.314208984, -0.7840576, 0.534790039)
(-0.021484375, 0.314208984, -0.7840576, 0.5348511)
(-0.021484375, 0.314147949, -0.784118652, 0.534790039)
(-0.021484375, 0.314147949, -0.784118652, 0.534790039)
(-0.02154541, 0.3143921, -0.7839966, 0.534790039)
(-0.02154541, 0.3143921, -0.7839966, 0.534790039)
(-0.02154541, 0.3143921, -0.7839966, 0.534790039)
(-0.02154541, 0.3143921, -0.7839966, 0.534790039)
(-0.02154541, 0.3143921, -0.7839966, 0.534790039)
(-0.0216064453, 0.314331055, -0.7840576, 0.534790039)
(-0.0218505859, 0.314208984, -0.7840576, 0.534790039)
(-0.0218505859, 0.314208984, -0.7840576, 0.534790039)
(-0.0218505859, 0.314208984, -0.7840576, 0.534790039)
(-0.0220336914, 0.3140869, -0.784118652, 0.5348511)
(-0.0225219727, 0.313781738, -0.784118652, 0.5349121)
(-0.0227661133, 0.313842773, -0.7840576, 0.534973145)
(-0.0227661133, 0.313842773, -0.7840576, 0.534973145)
(-0.0227661133, 0.313842773, -0.7840576, 0.534973145)
(-0.0230102539, 0.313842773, -0.7840576, 0.534973145)
(-0.0230102539, 0.313781738, -0.7840576, 0.534973145)
(-0.0230102539, 0.313781738, -0.7840576, 0.534973145)
(-0.0230102539, 0.313781738, -0.7840576, 0.534973145)
(-0.0230102539, 0.313781738, -0.7840576, 0.534973145)
