(-0.06744385, 0.245544434, -0.7595215, 0.598510742)
(-0.06744385, 0.245544434, -0.7595215, 0.598510742)
(-0.06561279, 0.247802734, -0.7583008, 0.599365234)
(-0.05999756, 0.245849609, -0.7554321, 0.6043701)
(-0.05999756, 0.245849609, -0.7554321, 0.6043701)
(-0.05609131, 0.253234863, -0.7514038, 0.606689453)
(-0.05609131, 0.253234863, -0.7514038, 0.606689453)
(-0.05291748, 0.261169434, -0.7490845, 0.606506348)
(-0.05291748, 0.261169434, -0.7490845, 0.606506348)
(-0.0483398438, 0.2637329, -0.7467041, 0.6087036)
(-0.0483398438, 0.2637329, -0.7467041, 0.6087036)
(-0.044921875, 0.272094727, -0.7429199, 0.6099243)
(-0.04333496, 0.274353027, -0.741577148, 0.610656738)
(-0.04333496, 0.274353027, -0.741577148, 0.610656738)
(-0.04107666, 0.279541016, -0.7387085, 0.611877441)
(-0.04107666, 0.279541016, -0.7387085, 0.611877441)
(-0.0392456055, 0.280700684, -0.737792969, 0.612609863)
(-0.0392456055, 0.280700684, -0.737792969, 0.612609863)
(-0.0380249023, 0.283081055, -0.7366333, 0.6130371)
(-0.0372314453, 0.2852173, -0.7355957, 0.61328125)
(-0.0372314453, 0.2852173, -0.7355957, 0.61328125)
(-0.0363769531, 0.285461426, -0.735168457, 0.613769531)
(-0.0363769531, 0.285461426, -0.735168457, 0.613769531)
(-0.0346069336, 0.285339355, -0.7344971, 0.614685059)
(-0.0346069336, 0.285339355, -0.7344971, 0.614685059)
(-0.0335083, 0.2850952, -0.734436035, 0.614990234)
(-0.033996582, 0.286071777, -0.733764648, 0.6152344)
(-0.033996582, 0.286071777, -0.733764648, 0.6152344)
(-0.0347290039, 0.287963867, -0.733093262, 0.61517334)
(-0.0347290039, 0.287963867, -0.733093262, 0.61517334)
(-0.03363037, 0.287231445, -0.7331543, 0.6154785)
(-0.03363037, 0.287231445, -0.7331543, 0.6154785)
(-0.032409668, 0.286865234, -0.7333374, 0.6154785)
(-0.032043457, 0.28729248, -0.7334595, 0.6152344)
(-0.03125, 0.287780762, -0.733093262, 0.6154175)
(-0.03125, 0.287780762, -0.733093262, 0.6154175)
(-0.0314331055, 0.287963867, -0.732727051, 0.6157837)
(-0.0314331055, 0.287963867, -0.732727051, 0.6157837)
(-0.0323486328, 0.287902832, -0.7328491, 0.6156006)
(-0.0323486328, 0.287902832, -0.7328491, 0.6156006)
(-0.0322875977, 0.287902832, -0.7328491, 0.6156006)
(-0.0322875977, 0.287902832, -0.7328491, 0.6156006)
(-0.032409668, 0.2876587, -0.7327881, 0.6157837)
(-0.03277588, 0.2876587, -0.732543945, 0.616027832)
(-0.03277588, 0.2876587, -0.732543945, 0.616027832)
(-0.03289795, 0.287414551, -0.7324829, 0.616210938)
(-0.03289795, 0.287414551, -0.7324829, 0.616210938)
(-0.03302002, 0.287353516, -0.732543945, 0.616210938)
(-0.03302002, 0.287353516, -0.732543945, 0.616210938)
(-0.03338623, 0.2874756, -0.732543945, 0.616088867)
(-0.03338623, 0.2874756, -0.732543945, 0.616088867)
(-0.0339355469, 0.28692627, -0.73223877, 0.6166992)
(-0.0338134766, 0.286376953, -0.7322998, 0.6168823)
(-0.0338134766, 0.286376953, -0.7322998, 0.6168823)
(-0.03326416, 0.286193848, -0.732177734, 0.617126465)
(-0.03326416, 0.286193848, -0.732177734, 0.617126465)
(-0.0335083, 0.286743164, -0.731872559, 0.617248535)
(-0.0343017578, 0.28729248, -0.731506348, 0.6173706)
(-0.0343017578, 0.28729248, -0.731506348, 0.6173706)
(-0.0343017578, 0.28729248, -0.731506348, 0.6173706)
(-0.0347290039, 0.2876587, -0.7313843, 0.6173706)
(-0.0346069336, 0.287109375, -0.7313843, 0.6175537)
(-0.0346069336, 0.287109375, -0.7313843, 0.6175537)
(-0.03479004, 0.2869873, -0.7312622, 0.6178589)
(-0.0372314453, 0.28729248, -0.73046875, 0.6184082)
(-0.0372314453, 0.28729248, -0.73046875, 0.6184082)
(-0.03717041, 0.28729248, -0.73046875, 0.6184082)
(-0.0373535156, 0.2874756, -0.7304077, 0.6184082)
(-0.0373535156, 0.2874756, -0.7304077, 0.6184082)
(-0.0373535156, 0.2876587, -0.730285645, 0.618469238)
(-0.0373535156, 0.2876587, -0.730285645, 0.618469238)
(-0.03729248, 0.2880249, -0.730285645, 0.618347168)
(-0.03656006, 0.288085938, -0.730102539, 0.6185303)
(-0.0364990234, 0.287780762, -0.7301636, 0.618652344)
(-0.0364990234, 0.287414551, -0.730285645, 0.6185913)
(-0.0364990234, 0.287414551, -0.730285645, 0.6185913)
(-0.03656006, 0.2871704, -0.73046875, 0.6185303)
(-0.03656006, 0.2871704, -0.73046875, 0.6185303)
(-0.0369873047, 0.2869873, -0.7305298, 0.6185303)
(-0.03717041, 0.286071777, -0.730651855, 0.6187744)
(-0.03741455, 0.2861328, -0.7307739, 0.6185913)
(-0.03741455, 0.2861328, -0.7307739, 0.6185913)
(-0.0374755859, 0.2861328, -0.7307739, 0.6185913)
(-0.0374755859, 0.2861328, -0.7307739, 0.6185913)
(-0.0375976563, 0.2859497, -0.7307739, 0.6187134)
(-0.0368652344, 0.285888672, -0.7312012, 0.6182251)
(-0.0368652344, 0.285888672, -0.7312012, 0.6182251)
(-0.03704834, 0.286193848, -0.7312012, 0.618103)
(-0.03704834, 0.286193848, -0.7312012, 0.618103)
(-0.0368042, 0.286193848, -0.731323242, 0.6179199)
(-0.0368042, 0.286193848, -0.731323242, 0.6179199)
(-0.0366210938, 0.285827637, -0.7315674, 0.6178589)
(-0.0366210938, 0.285827637, -0.7315674, 0.6178589)
(-0.0368042, 0.2854004, -0.731689453, 0.6178589)
(-0.03704834, 0.28515625, -0.731689453, 0.618042)
(-0.0373535156, 0.284423828, -0.7317505, 0.6182251)
(-0.03741455, 0.284484863, -0.7317505, 0.6182251)
(-0.03741455, 0.284484863, -0.7317505, 0.6182251)
(-0.03729248, 0.283996582, -0.7319336, 0.6182251)
(-0.03729248, 0.283996582, -0.7319336, 0.6182251)
(-0.03717041, 0.2835083, -0.7319946, 0.618347168)
(-0.03717041, 0.2835083, -0.7319946, 0.618347168)
(-0.03717041, 0.2835083, -0.7319946, 0.618347168)
(-0.0369873047, 0.283203125, -0.7319946, 0.6185303)
(-0.03692627, 0.2831421, -0.7319946, 0.6185913)
(-0.03656006, 0.283569336, -0.7319946, 0.6184082)
(-0.03656006, 0.283569336, -0.7319946, 0.6184082)
(-0.0355834961, 0.2833252, -0.7319336, 0.618652344)
(-0.0355834961, 0.2833252, -0.7319336, 0.618652344)
(-0.0352172852, 0.2835083, -0.7319336, 0.6185303)
(-0.03515625, 0.283935547, -0.731872559, 0.618469238)
(-0.03515625, 0.283935547, -0.731872559, 0.618469238)
(-0.0352172852, 0.283996582, -0.7316284, 0.6187134)
(-0.0352172852, 0.283996582, -0.7316284, 0.6187134)
(-0.0355834961, 0.284057617, -0.731140137, 0.6192627)
(-0.035949707, 0.284301758, -0.7310791, 0.6191406)
(-0.035949707, 0.284301758, -0.7310791, 0.6191406)
(-0.0358276367, 0.284240723, -0.731140137, 0.6191406)
(-0.0358276367, 0.284240723, -0.731140137, 0.6191406)
(-0.0357055664, 0.284240723, -0.7310791, 0.61920166)
(-0.0357055664, 0.284240723, -0.7310791, 0.61920166)
(-0.03552246, 0.284423828, -0.730957031, 0.61932373)
(-0.0354614258, 0.2838745, -0.731506348, 0.6188965)
(-0.0354614258, 0.2838745, -0.731506348, 0.6188965)
(-0.0352172852, 0.2836914, -0.7313843, 0.6191406)
(-0.03527832, 0.2836914, -0.7313843, 0.6191406)
(-0.03527832, 0.2836914, -0.7313843, 0.6191406)
(-0.03564453, 0.284057617, -0.7314453, 0.6188965)
(-0.0358886719, 0.283752441, -0.7313843, 0.6190796)
(-0.0358886719, 0.283752441, -0.7313843, 0.6190796)
(-0.0362548828, 0.284240723, -0.731140137, 0.6191406)
(-0.0364990234, 0.284606934, -0.7312012, 0.618835449)
(-0.0364990234, 0.284606934, -0.7312012, 0.618835449)
(-0.0364990234, 0.284606934, -0.7312012, 0.618835449)
(-0.0364990234, 0.284606934, -0.7312012, 0.618835449)
(-0.0364990234, 0.2849121, -0.731018066, 0.6189575)
(-0.0364990234, 0.285461426, -0.7307129, 0.619018555)
(-0.0364990234, 0.285461426, -0.7307129, 0.619018555)
(-0.0366210938, 0.285888672, -0.7305298, 0.6190796)
(-0.0372314453, 0.286010742, -0.729797363, 0.619812)
(-0.0372314453, 0.286010742, -0.729797363, 0.619812)
(-0.0369873047, 0.285827637, -0.7296753, 0.620056152)
(-0.0369873047, 0.285827637, -0.7296753, 0.620056152)
(-0.03704834, 0.285827637, -0.7296753, 0.620056152)
(-0.03704834, 0.285827637, -0.7296753, 0.620056152)
(-0.03704834, 0.285827637, -0.7296753, 0.620056152)
(-0.037109375, 0.286071777, -0.7295532, 0.6201172)
(-0.03753662, 0.286315918, -0.7293091, 0.620239258)
(-0.0375976563, 0.285827637, -0.729248047, 0.620544434)
(-0.0375976563, 0.285827637, -0.729248047, 0.620544434)
(-0.0375976563, 0.285827637, -0.729248047, 0.620544434)
(-0.03753662, 0.285339355, -0.729248047, 0.620727539)
(-0.0374755859, 0.285339355, -0.729248047, 0.620727539)
(-0.0374755859, 0.285339355, -0.729248047, 0.620727539)
(-0.03753662, 0.285339355, -0.729248047, 0.620727539)
(-0.03753662, 0.285339355, -0.729248047, 0.620727539)
(-0.03753662, 0.28527832, -0.7293091, 0.620727539)
(-0.03753662, 0.28527832, -0.7293091, 0.620727539)
(-0.03704834, 0.284484863, -0.7295532, 0.6208496)
(-0.0368042, 0.284301758, -0.7293091, 0.6212158)
(-0.0368042, 0.284301758, -0.7293091, 0.6212158)
(-0.0368042, 0.284240723, -0.7293091, 0.6212158)
(-0.0368042, 0.284240723, -0.7293091, 0.6212158)
(-0.03668213, 0.284423828, -0.729431152, 0.6210327)
(-0.03668213, 0.284423828, -0.729431152, 0.6210327)
(-0.03668213, 0.284667969, -0.729431152, 0.620910645)
(-0.03668213, 0.284667969, -0.729431152, 0.620910645)
(-0.03668213, 0.284667969, -0.729431152, 0.620910645)
(-0.03668213, 0.284667969, -0.729431152, 0.620910645)
(-0.03668213, 0.284667969, -0.729431152, 0.620910645)
(-0.03643799, 0.2843628, -0.7295532, 0.620910645)
(-0.03643799, 0.2843628, -0.7295532, 0.620910645)
(-0.0361328125, 0.2841797, -0.7296753, 0.620910645)
(-0.0360107422, 0.2841797, -0.7294922, 0.62109375)
(-0.0360107422, 0.2841797, -0.7294922, 0.62109375)
(-0.0360107422, 0.2841797, -0.7294922, 0.62109375)
(-0.0364990234, 0.284667969, -0.7293091, 0.62109375)
(-0.03656006, 0.284606934, -0.729126, 0.621276855)
(-0.03656006, 0.284606934, -0.729126, 0.621276855)
(-0.036315918, 0.2841797, -0.729187, 0.6213989)
(-0.036315918, 0.2841797, -0.729187, 0.6213989)
(-0.036315918, 0.284606934, -0.729187, 0.621276855)
(-0.0363769531, 0.28503418, -0.729187, 0.6210327)
(-0.0363769531, 0.28503418, -0.729187, 0.6210327)
(-0.0362548828, 0.284851074, -0.729126, 0.6212158)
(-0.0362548828, 0.284851074, -0.729126, 0.6212158)
(-0.0358276367, 0.284973145, -0.728881836, 0.621459961)
(-0.0358276367, 0.284973145, -0.728881836, 0.621459961)
(-0.0358276367, 0.284973145, -0.728881836, 0.621459961)
(-0.0358886719, 0.28503418, -0.7288208, 0.621521)
(-0.0362548828, 0.285644531, -0.728393555, 0.6217041)
(-0.036315918, 0.286438, -0.7281494, 0.621582031)
(-0.036315918, 0.286438, -0.7281494, 0.621582031)
(-0.0357055664, 0.286499023, -0.7280884, 0.6217041)
(-0.0357055664, 0.286499023, -0.7280884, 0.6217041)
(-0.03503418, 0.286376953, -0.7279663, 0.621948242)
(-0.03503418, 0.286376953, -0.7279663, 0.621948242)
(-0.0347290039, 0.286499023, -0.727722168, 0.6221924)
(-0.0347290039, 0.286499023, -0.727722168, 0.6221924)
(-0.03503418, 0.287109375, -0.727478, 0.6221924)
(-0.03540039, 0.287597656, -0.7272949, 0.622131348)
(-0.03540039, 0.287597656, -0.7272949, 0.622131348)
(-0.03540039, 0.287597656, -0.7272949, 0.622131348)
(-0.03540039, 0.287597656, -0.7272949, 0.622131348)
(-0.0355834961, 0.287597656, -0.7272339, 0.6221924)
(-0.0355834961, 0.287597656, -0.7272339, 0.6221924)
(-0.0355834961, 0.287597656, -0.7272339, 0.6221924)
(-0.0357666, 0.2878418, -0.727417, 0.6218872)
(-0.0357666, 0.287536621, -0.727722168, 0.621643066)
(-0.0357666, 0.287536621, -0.727722168, 0.621643066)
(-0.0357666, 0.287536621, -0.727722168, 0.621643066)
(-0.0357666, 0.287536621, -0.727722168, 0.621643066)
(-0.0357666, 0.2874756, -0.727722168, 0.6217041)
(-0.035949707, 0.287414551, -0.727844238, 0.621521)
(-0.035949707, 0.287414551, -0.727844238, 0.621521)
(-0.035949707, 0.287414551, -0.727844238, 0.621521)
(-0.035949707, 0.287414551, -0.727844238, 0.621521)
(-0.035949707, 0.287109375, -0.7279053, 0.621643066)
(-0.0360717773, 0.28692627, -0.7279053, 0.621643066)
(-0.0360717773, 0.28692627, -0.7279053, 0.621643066)
(-0.0360717773, 0.28692627, -0.7279053, 0.621643066)
(-0.03643799, 0.287109375, -0.727844238, 0.621643066)
(-0.0369873047, 0.287353516, -0.727844238, 0.621521)
(-0.0369873047, 0.287353516, -0.727844238, 0.621521)
(-0.0369873047, 0.287353516, -0.727844238, 0.621521)
(-0.03741455, 0.287719727, -0.7277832, 0.6213989)
(-0.0373535156, 0.287109375, -0.727722168, 0.621765137)
(-0.0373535156, 0.287109375, -0.727722168, 0.621765137)
(-0.0380859375, 0.287963867, -0.7276001, 0.621459961)
(-0.0382080078, 0.288269043, -0.727722168, 0.6211548)
(-0.0382080078, 0.288269043, -0.727722168, 0.6211548)
(-0.0378417969, 0.287536621, -0.727844238, 0.6213379)
(-0.0378417969, 0.287536621, -0.727844238, 0.6213379)
(-0.03765869, 0.287414551, -0.727661133, 0.6217041)
(-0.037902832, 0.288513184, -0.727417, 0.6213989)
(-0.037902832, 0.288513184, -0.727417, 0.6213989)
(-0.03778076, 0.288574219, -0.7276001, 0.6212158)
(-0.03778076, 0.288574219, -0.7272949, 0.621521)
(-0.03778076, 0.288574219, -0.7272949, 0.621521)
(-0.0375976563, 0.288574219, -0.727478, 0.6213379)
(-0.0375976563, 0.288574219, -0.727478, 0.6213379)
(-0.0374755859, 0.288574219, -0.727661133, 0.6211548)
(-0.03717041, 0.287780762, -0.727722168, 0.621459961)
(-0.03717041, 0.287780762, -0.727722168, 0.621459961)
(-0.03717041, 0.287780762, -0.727722168, 0.621459961)
(-0.03717041, 0.287780762, -0.727722168, 0.621459961)
(-0.03717041, 0.287780762, -0.727722168, 0.621459961)
(-0.03717041, 0.287780762, -0.727722168, 0.621459961)
(-0.03717041, 0.287719727, -0.7276001, 0.621643066)
(-0.03704834, 0.288085938, -0.727844238, 0.6211548)
(-0.03704834, 0.288085938, -0.727844238, 0.6211548)
(-0.03692627, 0.2876587, -0.7279663, 0.6212158)
(-0.0368652344, 0.28729248, -0.7279663, 0.6213989)
(-0.0366210938, 0.287109375, -0.7281494, 0.621276855)
(-0.0366210938, 0.287109375, -0.7281494, 0.621276855)
(-0.03656006, 0.287109375, -0.7281494, 0.621276855)
(-0.03656006, 0.287109375, -0.7281494, 0.621276855)
(-0.0366210938, 0.287109375, -0.7281494, 0.621276855)
