(-0.573181152, 0.4597168, -0.309448242, 0.6036377)
(-0.573364258, 0.4595337, -0.309509277, 0.60357666)
(-0.573364258, 0.459289551, -0.309509277, 0.60369873)
(-0.573364258, 0.4590454, -0.309509277, 0.603881836)
(-0.573364258, 0.4590454, -0.309509277, 0.603881836)
(-0.5733032, 0.458618164, -0.309692383, 0.604187)
(-0.5733032, 0.458618164, -0.309692383, 0.604187)
(-0.5734253, 0.458190918, -0.309997559, 0.604248047)
(-0.5734253, 0.458190918, -0.309997559, 0.604248047)
(-0.5734863, 0.457763672, -0.3104248, 0.6043091)
(-0.5734863, 0.457763672, -0.3104248, 0.6043091)
(-0.5734253, 0.4574585, -0.310852051, 0.6043701)
(-0.5734253, 0.4574585, -0.310852051, 0.6043701)
(-0.5734863, 0.457397461, -0.310974121, 0.6043091)
(-0.573730469, 0.457519531, -0.3109131, 0.6040039)
(-0.573730469, 0.457519531, -0.3109131, 0.6040039)
(-0.574035645, 0.457580566, -0.31072998, 0.603759766)
(-0.574035645, 0.457580566, -0.31072998, 0.603759766)
(-0.574035645, 0.457580566, -0.31072998, 0.603759766)
(-0.574035645, 0.457580566, -0.31072998, 0.603759766)
(-0.574035645, 0.457580566, -0.31072998, 0.603759766)
(-0.5742798, 0.4576416, -0.310668945, 0.6035156)
(-0.5742798, 0.4576416, -0.310668945, 0.6035156)
(-0.5743408, 0.457580566, -0.310791016, 0.6034546)
(-0.5743408, 0.457580566, -0.310791016, 0.6034546)
(-0.5743408, 0.457519531, -0.310852051, 0.6034546)
(-0.5743408, 0.457519531, -0.310852051, 0.6034546)
(-0.5743408, 0.457580566, -0.310852051, 0.603393555)
(-0.5743408, 0.457580566, -0.310852051, 0.603393555)
(-0.5744629, 0.4576416, -0.310668945, 0.6033325)
(-0.5744629, 0.4576416, -0.310668945, 0.6033325)
(-0.5745239, 0.4576416, -0.310668945, 0.6032715)
(-0.5745239, 0.4576416, -0.310668945, 0.6032715)
(-0.5745239, 0.4576416, -0.310668945, 0.6032715)
(-0.5745239, 0.4576416, -0.31072998, 0.6032715)
(-0.5745239, 0.4576416, -0.310668945, 0.6032715)
(-0.5745239, 0.4576416, -0.310668945, 0.6032715)
(-0.574401855, 0.457519531, -0.310791016, 0.6034546)
(-0.5743408, 0.4572754, -0.310852051, 0.6036377)
(-0.5743408, 0.4572754, -0.310852051, 0.6036377)
(-0.5743408, 0.4572754, -0.310852051, 0.6036377)
(-0.5743408, 0.4572754, -0.310852051, 0.6036377)
(-0.5743408, 0.4572754, -0.3109131, 0.6036377)
(-0.57421875, 0.457214355, -0.311035156, 0.60369873)
(-0.57421875, 0.4572754, -0.310974121, 0.60369873)
(-0.57421875, 0.4572754, -0.310974121, 0.60369873)
(-0.57421875, 0.4572754, -0.310974121, 0.60369873)
(-0.5742798, 0.4572754, -0.310974121, 0.6036377)
(-0.5742798, 0.4572754, -0.310974121, 0.6036377)
(-0.5742798, 0.4572754, -0.310974121, 0.6036377)
(-0.5744629, 0.45715332, -0.3109131, 0.60357666)
(-0.5748291, 0.45703125, -0.310852051, 0.603393555)
(-0.575073242, 0.45690918, -0.310852051, 0.603210449)
(-0.575073242, 0.45690918, -0.310852051, 0.603210449)
(-0.575073242, 0.45690918, -0.310852051, 0.603210449)
(-0.5753784, 0.45690918, -0.310791016, 0.6029663)
(-0.5753784, 0.45690918, -0.310791016, 0.6029663)
(-0.575622559, 0.45690918, -0.310791016, 0.602722168)
(-0.575622559, 0.45690918, -0.310791016, 0.602722168)
(-0.575622559, 0.45690918, -0.310852051, 0.602722168)
(-0.575622559, 0.45690918, -0.310791016, 0.602722168)
(-0.575622559, 0.45690918, -0.310791016, 0.602722168)
(-0.575622559, 0.45690918, -0.310791016, 0.602661133)
(-0.575622559, 0.45690918, -0.310791016, 0.602661133)
(-0.575622559, 0.45690918, -0.310791016, 0.602661133)
(-0.575927734, 0.45703125, -0.310668945, 0.602478)
(-0.57611084, 0.458374023, -0.305297852, 0.6039429)
(-0.57611084, 0.458374023, -0.305297852, 0.6039429)
(-0.57611084, 0.458374023, -0.305297852, 0.6039429)
(-0.5760498, 0.458374023, -0.305542, 0.603881836)
(-0.5760498, 0.458374023, -0.305542, 0.603881836)
(-0.5760498, 0.458557129, -0.305603027, 0.603759766)
(-0.575927734, 0.4586792, -0.305664063, 0.60369873)
(-0.575927734, 0.4586792, -0.305664063, 0.60369873)
(-0.575927734, 0.45892334, -0.305542, 0.60357666)
(-0.575927734, 0.45892334, -0.305542, 0.60357666)
(-0.575927734, 0.45892334, -0.305542, 0.60357666)
(-0.5757446, 0.45916748, -0.305480957, 0.60357666)
(-0.5757446, 0.45916748, -0.305480957, 0.60357666)
(-0.5757446, 0.459472656, -0.3053589, 0.6034546)
(-0.5751953, 0.459960938, -0.305175781, 0.60369873)
(-0.5751953, 0.459960938, -0.305175781, 0.60369873)
(-0.5751953, 0.459960938, -0.305175781, 0.60369873)
(-0.5753174, 0.460021973, -0.305175781, 0.6035156)
(-0.5753174, 0.460021973, -0.305175781, 0.6035156)
(-0.5753174, 0.460021973, -0.305175781, 0.6035156)
(-0.5751343, 0.459960938, -0.305480957, 0.60357666)
(-0.5751343, 0.459960938, -0.305480957, 0.60357666)
(-0.575073242, 0.460083, -0.305664063, 0.6034546)
(-0.575073242, 0.460083, -0.305664063, 0.6034546)
(-0.575073242, 0.460144043, -0.305786133, 0.6033325)
(-0.575073242, 0.460144043, -0.305786133, 0.6033325)
(-0.575073242, 0.460144043, -0.305786133, 0.6033325)
(-0.575073242, 0.460144043, -0.305786133, 0.6033325)
(-0.575073242, 0.460205078, -0.305786133, 0.6033325)
(-0.575073242, 0.460144043, -0.305786133, 0.6033325)
(-0.575073242, 0.460144043, -0.305786133, 0.6033325)
(-0.575073242, 0.460144043, -0.305786133, 0.6033325)
(-0.575073242, 0.460144043, -0.305786133, 0.6033325)
(-0.5748291, 0.460327148, -0.3059082, 0.603393555)
(-0.574646, 0.460388184, -0.306030273, 0.6034546)
(-0.574646, 0.460388184, -0.306030273, 0.6034546)
(-0.5743408, 0.460449219, -0.3062744, 0.6035156)
(-0.5743408, 0.460449219, -0.3062744, 0.6035156)
(-0.5741577, 0.460510254, -0.306396484, 0.6036377)
(-0.5741577, 0.460510254, -0.306396484, 0.6036377)
(-0.57421875, 0.4605713, -0.306335449, 0.60357666)
(-0.57421875, 0.460510254, -0.306396484, 0.60357666)
(-0.57421875, 0.460510254, -0.306396484, 0.60357666)
(-0.57421875, 0.460510254, -0.306396484, 0.60357666)
(-0.5741577, 0.460693359, -0.30645752, 0.6034546)
(-0.574035645, 0.460876465, -0.306518555, 0.603393555)
(-0.574035645, 0.460876465, -0.306518555, 0.603393555)
(-0.574035645, 0.460876465, -0.306518555, 0.603393555)
(-0.574035645, 0.460876465, -0.306518555, 0.603393555)
(-0.574035645, 0.460876465, -0.30645752, 0.6034546)
(-0.574035645, 0.460876465, -0.30645752, 0.6034546)
(-0.5732422, 0.46081543, -0.306884766, 0.6040039)
(-0.572876, 0.460876465, -0.307006836, 0.6043091)
(-0.5710449, 0.462097168, -0.308288574, 0.6043701)
(-0.571228, 0.462219238, -0.308105469, 0.604248047)
(-0.571228, 0.462219238, -0.308105469, 0.604248047)
(-0.571105957, 0.4619751, -0.308288574, 0.604431152)
(-0.570922852, 0.461914063, -0.308410645, 0.604614258)
(-0.570922852, 0.461914063, -0.308410645, 0.604614258)
(-0.570922852, 0.461914063, -0.308410645, 0.604614258)
(-0.570922852, 0.461914063, -0.308410645, 0.604614258)
(-0.570922852, 0.461914063, -0.308410645, 0.604614258)
(-0.570922852, 0.461914063, -0.308410645, 0.604614258)
(-0.5708618, 0.461792, -0.30847168, 0.6047363)
(-0.5708618, 0.461792, -0.30847168, 0.6047363)
(-0.5708618, 0.461547852, -0.30859375, 0.6048584)
(-0.5708618, 0.461547852, -0.30859375, 0.6048584)
(-0.5709839, 0.461242676, -0.30859375, 0.604919434)
(-0.5709839, 0.461242676, -0.30859375, 0.604919434)
(-0.571167, 0.460998535, -0.30871582, 0.604980469)
(-0.5718384, 0.459655762, -0.3081665, 0.6055298)
(-0.5718384, 0.459655762, -0.3081665, 0.6055298)
(-0.5718994, 0.4595337, -0.3079834, 0.6057129)
(-0.5718994, 0.4595337, -0.3079834, 0.6057129)
(-0.5718994, 0.459228516, -0.308044434, 0.605896)
(-0.5718994, 0.459228516, -0.308044434, 0.605896)
(-0.5718994, 0.459228516, -0.308105469, 0.605896)
(-0.5718994, 0.459228516, -0.308105469, 0.605896)
(-0.5718994, 0.459228516, -0.308105469, 0.605896)
(-0.5720215, 0.45916748, -0.308288574, 0.6057129)
(-0.5720215, 0.45916748, -0.308288574, 0.6057129)
(-0.572143555, 0.45916748, -0.3083496, 0.6055908)
(-0.5723877, 0.45916748, -0.3083496, 0.6053467)
(-0.572814941, 0.45892334, -0.30871582, 0.604919434)
(-0.572814941, 0.45892334, -0.30871582, 0.604919434)
(-0.5731201, 0.458984375, -0.308776855, 0.6045532)
(-0.5731201, 0.458984375, -0.308776855, 0.6045532)
(-0.5734863, 0.4590454, -0.3088379, 0.604187)
(-0.5734863, 0.4590454, -0.309326172, 0.603881836)
(-0.5734863, 0.4590454, -0.309326172, 0.603881836)
(-0.573669434, 0.4590454, -0.309326172, 0.60369873)
(-0.573669434, 0.4590454, -0.309326172, 0.60369873)
(-0.5739136, 0.4590454, -0.309265137, 0.6035156)
(-0.5740967, 0.458984375, -0.309326172, 0.6033325)
(-0.5740967, 0.458984375, -0.309326172, 0.6033325)
(-0.5740967, 0.458984375, -0.309326172, 0.603393555)
(-0.5744629, 0.45892334, -0.308898926, 0.6032715)
(-0.574646, 0.45880127, -0.308776855, 0.6032715)
(-0.574646, 0.45880127, -0.308776855, 0.6032715)
(-0.5749512, 0.458374023, -0.30871582, 0.6032715)
(-0.5749512, 0.458374023, -0.30871582, 0.6032715)
(-0.5750122, 0.458374023, -0.308776855, 0.6032715)
(-0.5756836, 0.4584961, -0.308776855, 0.602478)
(-0.5756836, 0.4584961, -0.308776855, 0.602478)
(-0.5758667, 0.45880127, -0.3086548, 0.602172852)
(-0.575927734, 0.459106445, -0.30859375, 0.6018677)
(-0.575927734, 0.459106445, -0.30859375, 0.6018677)
(-0.575927734, 0.45916748, -0.30859375, 0.6018677)
(-0.5760498, 0.459106445, -0.3086548, 0.6017456)
(-0.5760498, 0.459106445, -0.3086548, 0.6017456)
(-0.576355, 0.45892334, -0.30871582, 0.6015625)
(-0.576355, 0.45892334, -0.30871582, 0.6015625)
(-0.576477051, 0.4586792, -0.3088379, 0.6015625)
(-0.576477051, 0.4586792, -0.3088379, 0.6015625)
(-0.57611084, 0.457946777, -0.309692383, 0.6020508)
(-0.57598877, 0.457763672, -0.309936523, 0.602172852)
(-0.57598877, 0.457763672, -0.309936523, 0.602172852)
