(0, 0, 0, 0)
(-0.482689172, 0.315988779, -0.187662944, -0.7949496)
(-0.4949777, 0.3147107, -0.189883471, -0.7873363)
(-0.482797176, 0.3176833, -0.18555294, -0.7947039)
(-0.4943162, 0.3148706, -0.1903039, -0.7875864)
(-0.4823079, 0.318411827, -0.185058236, -0.7948248)
(-0.4938825, 0.3156971, -0.189565718, -0.7877056)
(-0.480440766, 0.315321237, -0.190561414, -0.795886636)
(-0.4935226, 0.318027616, -0.186345324, -0.7877623)
(-0.479737818, 0.3168887, -0.1888299, -0.7961008)
(-0.4926478, 0.317363471, -0.188201636, -0.7881362)
(-0.479444861, 0.318106383, -0.187314183, -0.796149731)
(-0.492197365, 0.316931963, -0.18904002, -0.7883907)
(-0.479646683, 0.318676353, -0.186147928, -0.7960738)
(-0.48966372, 0.313471764, -0.194523633, -0.7900161)
(-0.4837635, 0.321889669, -0.180877179, -0.7935008)
(-0.493215531, 0.316298336, -0.189380839, -0.7879268)
(-0.48268038, 0.3203881, -0.181707188, -0.7945777)
(-0.486511171, 0.310704023, -0.196496025, -0.792565)
(-0.496469378, 0.3184614, -0.182368845, -0.7866652)
(-0.4847494, 0.31209746, -0.191414669, -0.7943384)
(-0.492181957, 0.3207793, -0.175514758, -0.7899696)
(-0.488846749, 0.309822, -0.19148773, -0.7926989)
(-0.5002322, 0.316102952, -0.178381711, -0.7861467)
(-0.491455376, 0.306346625, -0.190967754, -0.792562068)
(-0.4902078, 0.313855648, -0.175990552, -0.7938628)
(-0.490789264, 0.302252561, -0.192370027, -0.794205844)
(-0.5034844, 0.305161417, -0.185081154, -0.7868449)
(-0.49696365, 0.3116394, -0.1724155, -0.791316)
(-0.501765549, 0.300873041, -0.186826527, -0.7891784)
(-0.488675028, 0.2982684, -0.188926578, -0.7978342)
(-0.5013228, 0.297774, -0.187574685, -0.790456831)
(-0.49392727, 0.286252379, -0.202806354, -0.795591)
(-0.4871997, 0.292617083, -0.190432459, -0.800466835)
(-0.4972515, 0.28696686, -0.198647782, -0.794311)
(-0.5106602, 0.288988531, -0.194812477, -0.785976946)
(-0.5174997, 0.279449522, -0.2077464, -0.7816287)
(-0.506387234, 0.280364, -0.203826472, -0.7895713)
(-0.496772736, 0.284547, -0.195047662, -0.7963707)
(-0.5091818, 0.282250226, -0.197153836, -0.788796067)
(-0.5019497, 0.2881029, -0.185333982, -0.7941628)
(-0.48917383, 0.285869151, -0.1864966, -0.802625)
(-0.5015477, 0.2844703, -0.187974274, -0.7951052)
(-0.5100167, 0.2940224, -0.1723455, -0.789766252)
(-0.5041186, 0.2842366, -0.186726689, -0.793855846)
(-0.5046909, 0.2946249, -0.169252411, -0.7936226)
(-0.494162738, 0.288037956, -0.179944128, -0.8002858)
(-0.5069705, 0.292226285, -0.173912838, -0.7920473)
(-0.51884985, 0.298163474, -0.165148124, -0.7839767)
(-0.5090168, 0.2910191, -0.177636459, -0.790351331)
(-0.5140914, 0.301916957, -0.161187708, -0.786495149)
(-0.508497834, 0.292595118, -0.176871747, -0.7902749)
(-0.509325743, 0.303500175, -0.1601487, -0.789194047)
(-0.4984491, 0.296785831, -0.171887726, -0.7961918)
(-0.5106438, 0.296138853, -0.1735398, -0.7883075)
(-0.499671638, 0.301103741, -0.1669879, -0.7948457)
(-0.5054729, 0.293794751, -0.179686651, -0.7911349)
(-0.499787271, 0.3034968, -0.165636584, -0.794145346)
(-0.507304668, 0.296769381, -0.176764488, -0.7895088)
(-0.495083481, 0.2993988, -0.173467055, -0.7969704)
(-0.507736, 0.301915824, -0.169718787, -0.7888261)
(-0.495315552, 0.295962, -0.180091783, -0.796640456)
(-0.5076806, 0.299657226, -0.1745448, -0.788669765)
(-0.494757324, 0.301254183, -0.172820017, -0.7966143)
(-0.5059342, 0.2977871, -0.178256884, -0.7896695)
(-0.495041847, 0.302771658, -0.171015948, -0.796251535)
(-0.506559253, 0.301552057, -0.173619375, -0.788872838)
(-0.492559165, 0.299689323, -0.177719265, -0.7974884)
(-0.5052258, 0.300488442, -0.176722378, -0.789444566)
(-0.491766065, 0.299140245, -0.17981112, -0.797715)
(-0.503815353, 0.304419249, -0.171489418, -0.789993942)
(-0.49099803, 0.2994291, -0.1804251, -0.797941)
(-0.5032396, 0.303511143, -0.174563, -0.790037155)
(-0.512871563, 0.298954785, -0.182289422, -0.7838108)
(-0.50339067, 0.305261731, -0.173402876, -0.7895217)
(-0.491963565, 0.298467577, -0.185142621, -0.796624839)
(-0.5033751, 0.3047768, -0.175296649, -0.7893008)
(-0.490641773, 0.2997057, -0.183962688, -0.7972483)
(-0.501782537, 0.306234777, -0.173702225, -0.790102541)
(-0.4935332, 0.2972069, -0.188878819, -0.795247)
(-0.499554455, 0.307104141, -0.173425078, -0.7912372)
(-0.510298252, 0.303508937, -0.179270729, -0.784436166)
(-0.497448117, 0.305030644, -0.17749624, -0.7924624)
(-0.483874172, 0.304970115, -0.1781062, -0.8007104)
(-0.496456325, 0.305352867, -0.177848235, -0.79288125)
(-0.509059668, 0.306445658, -0.176191926, -0.7847967)
(-0.495764077, 0.3050896, -0.17884548, -0.7931914)
(-0.5085654, 0.306443423, -0.176430985, -0.7850641)
(-0.4952331, 0.304014266, -0.1808631, -0.7934784)
(-0.5079402, 0.308320582, -0.174109057, -0.7852523)
(-0.494770229, 0.3061817, -0.1784262, -0.7934854)
(-0.506391, 0.3121492, -0.168928266, -0.7858717)
(-0.497976333, 0.3033815, -0.1836525, -0.7913602)
(-0.5053374, 0.312931418, -0.168592677, -0.7863108)
(-0.4959819, 0.304868162, -0.182238653, -0.792367637)
(-0.503044, 0.314550072, -0.166894525, -0.7874968)
(-0.4968447, 0.3051316, -0.1826517, -0.7916302)
(-0.5038514, 0.314842075, -0.167360961, -0.7867646)
(-0.5013756, 0.304811835, -0.1840305, -0.788571537)
(-0.5023675, 0.3152668, -0.1676994, -0.787471056)
(-0.502240539, 0.305121839, -0.18399556, -0.78790915)
(-0.499416679, 0.314709216, -0.16883558, -0.7893261)
(-0.496073842, 0.3044493, -0.185479134, -0.79171896)
(-0.493792027, 0.314197779, -0.170043379, -0.7928017)
(-0.5021242, 0.3079037, -0.18029283, -0.787757039)
(-0.4910671, 0.3126978, -0.17333667, -0.7943724)
(-0.5023799, 0.309803516, -0.17817995, -0.787329733)
(-0.489001572, 0.306182951, -0.184894413, -0.7955774)
(-0.501524866, 0.310629457, -0.177896529, -0.7876136)
(-0.488287956, 0.310776025, -0.1781578, -0.795771956)
(-0.501369, 0.311260283, -0.177111, -0.78764075)
(-0.4889863, 0.305760384, -0.186528072, -0.795367956)
(-0.501441658, 0.310654223, -0.178869948, -0.787436247)
(-0.497010648, 0.3202303, -0.164317563, -0.7895776)
(-0.503543, 0.312673539, -0.176815554, -0.7857582)
(-0.5129294, 0.307143122, -0.185599089, -0.7798202)
(-0.501678348, 0.311294526, -0.179764479, -0.7868286)
(-0.48822692, 0.311471224, -0.180362836, -0.795040548)
(-0.501317143, 0.312194735, -0.179281667, -0.7868124)
(-0.4882457, 0.3129774, -0.178840324, -0.7947814)
(-0.5007916, 0.312260181, -0.180159241, -0.786920547)
(-0.5104628, 0.320269853, -0.1676239, -0.7802289)
(-0.5005877, 0.312454462, -0.181091964, -0.7867591)
(-0.496198624, 0.321789473, -0.166627258, -0.7889702)
(-0.502120256, 0.313636184, -0.179704323, -0.7856297)
(-0.489434123, 0.3150838, -0.177869976, -0.7934348)
(-0.501929939, 0.313573062, -0.180119783, -0.7856813)
(-0.4899817, 0.3170895, -0.175052524, -0.7929242)
(-0.5003976, 0.3129345, -0.181791887, -0.7865279)
(-0.5040557, 0.3234321, -0.165395916, -0.7835584)
(-0.5025303, 0.313311756, -0.181778088, -0.7850196)
(-0.490711868, 0.316807747, -0.176780328, -0.7922017)
(-0.5018656, 0.313693464, -0.181925058, -0.7852583)
(-0.502082944, 0.3242397, -0.165630117, -0.7844412)
(-0.5048617, 0.314731717, -0.180873767, -0.783162355)
(-0.492662966, 0.317423761, -0.1771855, -0.790652037)
(-0.5039958, 0.314169168, -0.1823622, -0.7836006)
(-0.49238947, 0.3183472, -0.176682547, -0.790563762)
(-0.504219234, 0.3159622, -0.180559129, -0.7831534)
(-0.4916914, 0.31852144, -0.177548245, -0.790733933)
(-0.5031826, 0.3159064, -0.181946158, -0.783521533)
(-0.4906006, 0.318561, -0.178759471, -0.7911227)
(-0.5031778, 0.3182473, -0.179396152, -0.7831652)
(-0.493992269, 0.3097754, -0.193618625, -0.789001)
(-0.499081761, 0.319915146, -0.17774488, -0.7854797)
(-0.488095969, 0.312643558, -0.190376863, -0.7923212)
(-0.499964327, 0.318344772, -0.181603149, -0.7846735)
(-0.5095584, 0.326351374, -0.168776974, -0.7780484)
(-0.4989324, 0.31922102, -0.18111819, -0.7850864)
(-0.5012942, 0.3296443, -0.164652362, -0.7828975)
(-0.499034137, 0.3195681, -0.181375831, -0.784821033)
(-0.485620737, 0.3163311, -0.187366456, -0.793095767)
(-0.498120517, 0.320771515, -0.180217057, -0.785177231)
(-0.509268045, 0.3176801, -0.1851448, -0.778104663)
(-0.498533934, 0.3228315, -0.177967474, -0.7845835)
(-0.5022918, 0.313878983, -0.192489371, -0.782387853)
(-0.500015, 0.323902279, -0.177099451, -0.7833952)
(-0.5066788, 0.316290557, -0.1892587, -0.779370248)
(-0.498238474, 0.323248982, -0.179018185, -0.78436023)
(-0.505522847, 0.316134, -0.190538585, -0.779872358)
(-0.49712956, 0.323391885, -0.179834738, -0.7848181)
(-0.5038562, 0.3158203, -0.191979691, -0.7807242)
(-0.494310051, 0.321765631, -0.183119908, -0.7865058)
(-0.507070363, 0.32348296, -0.18038556, -0.778266966)
(-0.493498325, 0.322714418, -0.182830617, -0.7866942)
(-0.5063377, 0.324125171, -0.180444211, -0.778463066)
(-0.492771327, 0.322519451, -0.1838891, -0.7869832)
(-0.5055092, 0.323077857, -0.182636827, -0.7789255)
(-0.492257684, 0.323023319, -0.183310762, -0.7872328)
(-0.50469327, 0.3219224, -0.184733719, -0.7794383)
(-0.491896331, 0.324133933, -0.181978032, -0.7873114)
(-0.5031827, 0.321150959, -0.18671, -0.7802619)
(-0.493669957, 0.327498943, -0.177428126, -0.7858459)
(-0.503271341, 0.3222405, -0.185796, -0.779973745)
(-0.493895024, 0.328837454, -0.176082328, -0.7854481)
(-0.503648043, 0.323771626, -0.184053048, -0.779509544)
(-0.4910606, 0.326285183, -0.180797964, -0.787216365)
(-0.502702057, 0.323479533, -0.185011357, -0.7800144)
(-0.490398258, 0.326454937, -0.181083649, -0.78749305)
(-0.501935065, 0.323634028, -0.185721248, -0.780275464)
(-0.4891952, 0.3257653, -0.183396, -0.7879916)
(-0.5008254, 0.32345435, -0.18757011, -0.780620635)
(-0.5028395, 0.334464043, -0.170912564, -0.778508246)
(-0.496367216, 0.325490683, -0.18643935, -0.782889366)
(-0.486189961, 0.3314903, -0.177879915, -0.788728237)
(-0.495833218, 0.3266172, -0.186177045, -0.78282094)
(-0.4894325, 0.335330039, -0.172949791, -0.78619206)
(-0.497050881, 0.328441083, -0.184141576, -0.781766534)
(-0.489418, 0.336298466, -0.172231391, -0.785945)
(-0.497455537, 0.3296632, -0.182938159, -0.781276941)
(-0.489219248, 0.337031454, -0.171605468, -0.7858918)
(-0.496561766, 0.329851985, -0.183134228, -0.7817199)
(-0.484018266, 0.332874358, -0.179126754, -0.7891987)
(-0.495737523, 0.3305934, -0.182773829, -0.7820142)
(-0.5078986, 0.3294042, -0.184378773, -0.7742973)
(-0.495031983, 0.331184328, -0.182462335, -0.7822837)
(-0.5073509, 0.329917878, -0.18409209, -0.7745059)
(-0.4944924, 0.331204742, -0.183004543, -0.7824896)
(-0.5073416, 0.331632018, -0.18184875, -0.774309754)
(-0.493930042, 0.3310927, -0.183618858, -0.7827483)
(-0.506128967, 0.3356906, -0.1758088, -0.7747493)
(-0.492878318, 0.3327801, -0.181649938, -0.783154964)
(-0.504305661, 0.329702377, -0.186374068, -0.7760392)
(-0.493554771, 0.3348391, -0.179129511, -0.782431543)
(-0.504848063, 0.3314473, -0.1842297, -0.7754551)
(-0.492351532, 0.33392033, -0.181196243, -0.7831061)
(-0.5032018, 0.3300462, -0.187184423, -0.7764145)
(-0.4919045, 0.3345313, -0.18088983, -0.783197045)
(-0.503459454, 0.331794322, -0.184978127, -0.7760312)
(-0.490074217, 0.332190722, -0.185386181, -0.7842885)
(-0.5029971, 0.334701, -0.18106243, -0.776006162)
(-0.48946324, 0.333625883, -0.183614835, -0.7844776)
(-0.5009307, 0.3307089, -0.187949941, -0.7774155)
(-0.488841027, 0.334035039, -0.1833113, -0.784762442)
(-0.5011335, 0.332489938, -0.185377553, -0.777142644)
(-0.4883402, 0.3346996, -0.1827958, -0.7849112)
(-0.5007491, 0.333659619, -0.184086, -0.7771962)
(-0.489146173, 0.326869637, -0.1955775, -0.7846284)
(-0.4999604, 0.333908439, -0.184326425, -0.777540147)
(-0.487266541, 0.328771, -0.193406686, -0.785541058)
(-0.499874979, 0.333239079, -0.186127633, -0.777453)
(-0.4929567, 0.3412381, -0.1739433, -0.7812132)
(-0.496105552, 0.331964523, -0.188991472, -0.7797185)
(-0.493773133, 0.341689855, -0.1736233, -0.7805709)
(-0.4933588, 0.331679881, -0.190122634, -0.7813059)
(-0.5008221, 0.3408413, -0.175308257, -0.7760615)
(-0.495833963, 0.330968052, -0.191712186, -0.7796508)
(-0.497295678, 0.341200173, -0.1753981, -0.7781485)
(-0.499212861, 0.331399739, -0.191044062, -0.7774722)
(-0.492018223, 0.339072973, -0.179234415, -0.781551361)
(-0.498954147, 0.331519961, -0.19128564, -0.7775275)
(-0.497501522, 0.341580331, -0.175623283, -0.7777991)
(-0.49694407, 0.331508815, -0.192057312, -0.7786286)
(-0.4995222, 0.34182182, -0.175702542, -0.776378751)
(-0.4994848, 0.331764162, -0.192014322, -0.776902735)
(-0.493019044, 0.340005368, -0.179579735, -0.7804355)
(-0.500279069, 0.3326825, -0.191426843, -0.77614367)
(-0.491978645, 0.33991906, -0.180649012, -0.780882835)
(-0.5012826, 0.334229618, -0.189655, -0.775265932)
(-0.492310941, 0.340836018, -0.17979908, -0.7804697)
(-0.498257816, 0.332642049, -0.192938045, -0.7770864)
(-0.4902101, 0.339949, -0.182046831, -0.7816569)
(-0.497864544, 0.333132565, -0.19331035, -0.7770358)
(-0.491645634, 0.341710925, -0.180486232, -0.780347943)
(-0.49679175, 0.333372325, -0.194198653, -0.77739805)
(-0.495257169, 0.343417257, -0.178710759, -0.777719438)
(-0.497977436, 0.334096134, -0.194095761, -0.7763537)
(-0.4892368, 0.341067523, -0.1838357, -0.781360865)
(-0.49796927, 0.335097522, -0.193580523, -0.7760559)
(-0.502342343, 0.3452623, -0.177695841, -0.7725738)
