(0, 0, 0, 0)
(-0.230735779, 0.7755868, -0.443397284, -0.385519058)
(-0.246655524, 0.778679252, -0.437634438, -0.3758933)
(-0.248033673, 0.770808935, -0.451084226, -0.375307828)
(-0.24534148, 0.7785306, -0.438269168, -0.376321316)
(-0.2555225, 0.773017049, -0.447095841, -0.3704837)
(-0.248008832, 0.7789906, -0.437529624, -0.374477029)
(-0.257560372, 0.785848, -0.424677521, -0.368448973)
(-0.245531172, 0.7795379, -0.436590135, -0.3760642)
(-0.26194495, 0.7815046, -0.431699127, -0.366430342)
(-0.246356711, 0.778843045, -0.4372485, -0.376199156)
(-0.2602299, 0.7744535, -0.443356365, -0.3686968)
(-0.249048427, 0.778221369, -0.437673, -0.375218272)
(-0.2660813, 0.7803773, -0.431963831, -0.365539521)
(-0.25306192, 0.775224745, -0.441432118, -0.374331385)
(-0.256945431, 0.7668704, -0.4550878, -0.3725372)
(-0.2577756, 0.7575845, -0.4710138, -0.371165156)
(-0.275445759, 0.758773446, -0.468702763, -0.358761966)
(-0.28374207, 0.7646111, -0.458467662, -0.353083134)
(-0.275467575, 0.7662189, -0.456083328, -0.3591855)
(-0.2712474, 0.770216346, -0.449508727, -0.362123549)
(-0.281243533, 0.76110214, -0.4630496, -0.3566661)
(-0.276623815, 0.750384569, -0.480094045, -0.360433042)
(-0.2756571, 0.7567659, -0.470698863, -0.3602238)
(-0.2699669, 0.7627266, -0.462216258, -0.362935543)
(-0.278045744, 0.755673647, -0.47299093, -0.3576696)
(-0.2640846, 0.749254, -0.484388322, -0.366395622)
(-0.278769672, 0.7528428, -0.4787753, -0.355372369)
(-0.2641439, 0.7546785, -0.4777793, -0.363889039)
(-0.279432148, 0.755308867, -0.476282656, -0.352960229)
(-0.282017142, 0.747002661, -0.488718569, -0.351578444)
(-0.275575042, 0.7533977, -0.479631215, -0.355533749)
(-0.260339975, 0.7530714, -0.481108636, -0.365569383)
(-0.273744345, 0.7588459, -0.471371979, -0.356406271)
(-0.279020816, 0.751740336, -0.4817937, -0.35342434)
(-0.28907004, 0.7459685, -0.489287078, -0.3472283)
(-0.27804023, 0.750977337, -0.4828666, -0.3543537)
(-0.273469359, 0.7592452, -0.470885575, -0.356409669)
(-0.280786455, 0.7529849, -0.479923248, -0.35191828)
(-0.267154068, 0.756756842, -0.4755028, -0.3603399)
(-0.279397845, 0.753051937, -0.480487347, -0.352110028)
(-0.290777028, 0.748626, -0.486148149, -0.344481915)
(-0.27839458, 0.753356159, -0.4804493, -0.352305979)
(-0.2696564, 0.76056397, -0.4703754, -0.3571762)
(-0.2789362, 0.755104, -0.478141278, -0.351273984)
(-0.288384646, 0.749662459, -0.4856254, -0.344976127)
(-0.281223118, 0.7573686, -0.475140423, -0.348637)
(-0.266914666, 0.760951757, -0.4713039, -0.357185453)
(-0.27703923, 0.756512463, -0.4778142, -0.350188136)
(-0.290862143, 0.754981935, -0.479059458, -0.340445876)
(-0.2753015, 0.755961239, -0.47958836, -0.3503236)
(-0.270756841, 0.7643614, -0.46751985, -0.351948261)
(-0.275625318, 0.7578175, -0.477846444, -0.348433673)
(-0.286883622, 0.753883839, -0.483131081, -0.3405016)
(-0.273652583, 0.75747335, -0.479288876, -0.348755628)
(-0.289205939, 0.7606546, -0.4727177, -0.338086456)
(-0.27434653, 0.761781335, -0.4726692, -0.347860634)
(-0.274870157, 0.753743351, -0.484984457, -0.348004818)
(-0.278431028, 0.762873352, -0.471013874, -0.344450682)
(-0.280335784, 0.7548577, -0.483145773, -0.3437613)
(-0.2766362, 0.7632025, -0.471079916, -0.345077)
(-0.27963677, 0.7553937, -0.4828748, -0.343533725)
(-0.279001147, 0.764366448, -0.4695891, -0.342620015)
(-0.278393656, 0.756153643, -0.4823773, -0.343570441)
(-0.276469648, 0.764868855, -0.469524115, -0.343638331)
(-0.2665053, 0.7574309, -0.4820958, -0.350509644)
(-0.279867053, 0.7629295, -0.4727877, -0.3407119)
(-0.2676792, 0.7565697, -0.483929425, -0.348944724)
(-0.2783239, 0.7640155, -0.471951872, -0.340701729)
(-0.262070656, 0.7619495, -0.47693646, -0.351117641)
(-0.276757, 0.7611013, -0.477249056, -0.3411214)
(-0.282586753, 0.7538192, -0.4877882, -0.337585717)
(-0.277106017, 0.7618356, -0.4766008, -0.340103626)
(-0.2640533, 0.766549945, -0.47086516, -0.3477973)
(-0.275305241, 0.762264967, -0.476705372, -0.340457261)
(-0.2678273, 0.7697382, -0.46623078, -0.344093949)
(-0.27305457, 0.7626845, -0.477053523, -0.3408421)
(-0.2654481, 0.770432532, -0.466231316, -0.3443827)
(-0.2723557, 0.7642727, -0.475524, -0.3399803)
(-0.262278974, 0.770508468, -0.467036217, -0.345548242)
(-0.272124082, 0.7649529, -0.4750228, -0.3393359)
(-0.264875144, 0.7723939, -0.464442939, -0.3428433)
(-0.2708479, 0.7656718, -0.474648446, -0.339259565)
(-0.2731314, 0.77467674, -0.460532516, -0.3364298)
(-0.272416741, 0.7663447, -0.473734319, -0.337758273)
(-0.275430739, 0.7581912, -0.4858963, -0.336435378)
(-0.270712, 0.766305566, -0.474274248, -0.338459551)
(-0.278580159, 0.774480164, -0.460750729, -0.332087666)
(-0.271919072, 0.7664575, -0.474232167, -0.337204158)
(-0.255993, 0.7642207, -0.479184419, -0.347586662)
(-0.270433933, 0.768672645, -0.47115925, -0.337663531)
(-0.265071243, 0.7605834, -0.4842403, -0.3417038)
(-0.273182452, 0.7686817, -0.4712057, -0.335357666)
(-0.265708923, 0.7605603, -0.484489232, -0.3409062)
(-0.269406855, 0.7692933, -0.470860362, -0.3374881)
(-0.265208632, 0.761040151, -0.484046668, -0.340853542)
(-0.273275763, 0.769151747, -0.470992774, -0.3345021)
(-0.262497544, 0.7620462, -0.483101964, -0.342042446)
(-0.272151679, 0.769524455, -0.470758319, -0.3348913)
(-0.261003137, 0.7625993, -0.4825832, -0.3426852)
(-0.271146238, 0.7699107, -0.470496476, -0.3351869)
(-0.256382376, 0.7653546, -0.479067028, -0.344957024)
(-0.271064252, 0.7694779, -0.4714907, -0.3348499)
(-0.26461944, 0.761289954, -0.484754115, -0.339746565)
(-0.269596815, 0.7698767, -0.4711844, -0.335548252)
(-0.256753564, 0.7638687, -0.4817248, -0.344272465)
(-0.270617872, 0.769098163, -0.472611785, -0.334502816)
(-0.276154041, 0.761838853, -0.4831751, -0.331485063)
(-0.2682019, 0.768717349, -0.473569036, -0.3359669)
(-0.2744942, 0.761421, -0.484094173, -0.332481354)
(-0.2682748, 0.7690673, -0.473224431, -0.335593253)
(-0.262525469, 0.760907233, -0.4863921, -0.339887023)
(-0.269954473, 0.7691999, -0.4732003, -0.3339726)
(-0.255057871, 0.7649622, -0.4811929, -0.343848467)
(-0.2698413, 0.7692515, -0.473429978, -0.3336194)
(-0.254019052, 0.7668106, -0.478707224, -0.343969762)
(-0.2687268, 0.7711313, -0.470874637, -0.333795637)
(-0.262781829, 0.762990832, -0.484130949, -0.3382424)
(-0.2699884, 0.7712441, -0.470912069, -0.332461536)
(-0.2729242, 0.7633318, -0.482871532, -0.331167877)
(-0.270242751, 0.771711767, -0.470452875, -0.331818879)
(-0.25912118, 0.7648028, -0.48231858, -0.3395609)
(-0.2648361, 0.773352563, -0.468688041, -0.334842026)
(-0.262166053, 0.7650817, -0.481908172, -0.337169826)
(-0.273316115, 0.772012651, -0.470184416, -0.3289703)
(-0.263664424, 0.7646319, -0.4826717, -0.3359272)
(-0.272070169, 0.7725727, -0.4696786, -0.3294103)
(-0.260003924, 0.766205251, -0.4808244, -0.337839454)
(-0.270278066, 0.7734406, -0.468620956, -0.330354273)
(-0.2550572, 0.769450843, -0.476483315, -0.34037444)
(-0.269755, 0.7732626, -0.469376624, -0.33012563)
(-0.261273772, 0.7657955, -0.482035547, -0.336057931)
(-0.2732791, 0.772377133, -0.470784247, -0.327283)
(-0.2603565, 0.7665918, -0.481072515, -0.336334169)
(-0.270543516, 0.773860753, -0.468746722, -0.3289714)
(-0.257395953, 0.7682617, -0.478838921, -0.337986261)
(-0.271006644, 0.7738029, -0.468984067, -0.328387469)
(-0.2660909, 0.765762568, -0.482099265, -0.332240343)
(-0.273662955, 0.773947358, -0.4688381, -0.3260444)
(-0.26507473, 0.7663288, -0.481733024, -0.3322784)
(-0.267183632, 0.7750504, -0.4681428, -0.3297758)
(-0.266316861, 0.7667649, -0.481255, -0.330969244)
(-0.26485306, 0.775331, -0.468340635, -0.3307139)
(-0.2583657, 0.7672485, -0.481683969, -0.33549574)
(-0.266360253, 0.7751969, -0.468673646, -0.32934323)
(-0.263242841, 0.7666958, -0.482239872, -0.332152754)
(-0.265443534, 0.775197148, -0.468945742, -0.329695463)
(-0.256167263, 0.767723262, -0.481708616, -0.336059779)
(-0.268188149, 0.774230063, -0.470632732, -0.3273343)
(-0.255840778, 0.7681219, -0.481505632, -0.3356882)
(-0.270380735, 0.7724798, -0.473555475, -0.325444818)
(-0.2556196, 0.768222451, -0.481827557, -0.335164428)
(-0.2707826, 0.771572232, -0.475404322, -0.32456702)
(-0.255854875, 0.7673347, -0.4835921, -0.334476173)
(-0.268310934, 0.773403168, -0.473144263, -0.325563)
(-0.2522266, 0.7732624, -0.475077569, -0.335780084)
(-0.267710418, 0.7738267, -0.47290352, -0.325400621)
(-0.253085732, 0.776678, -0.470095634, -0.334258646)
(-0.267225266, 0.7742348, -0.472695023, -0.325131685)
(-0.25802213, 0.766735554, -0.485299438, -0.331700832)
(-0.263480335, 0.775137067, -0.471981347, -0.3270691)
(-0.265214175, 0.767124951, -0.48438707, -0.326419741)
(-0.26480332, 0.7759197, -0.471043319, -0.325493664)
(-0.267058522, 0.767903864, -0.483271778, -0.324733227)
(-0.268052876, 0.7764849, -0.47003746, -0.32292974)
(-0.2558341, 0.77015, -0.481254816, -0.331378549)
(-0.267381757, 0.7767714, -0.4698866, -0.3230168)
(-0.258467823, 0.7692529, -0.48264277, -0.3293938)
(-0.271453738, 0.77493453, -0.472728074, -0.319871247)
(-0.2573793, 0.7699857, -0.482063562, -0.329382271)
(-0.269233465, 0.7764345, -0.470914632, -0.3207839)
(-0.25498715, 0.771581, -0.480079263, -0.3304063)
(-0.267000645, 0.7778916, -0.469165742, -0.321681559)
(-0.255254477, 0.771446168, -0.480675519, -0.3296467)
(-0.268170178, 0.7771594, -0.4706476, -0.320310682)
(-0.263124734, 0.768942654, -0.484079242, -0.3242835)
(-0.264971823, 0.7776649, -0.470500648, -0.321957171)
(-0.2592651, 0.769471169, -0.48384586, -0.326479763)
(-0.262893856, 0.778044939, -0.470209777, -0.323165059)
(-0.2613185, 0.76977706, -0.483308077, -0.3249143)
(-0.2636464, 0.7784987, -0.469649643, -0.3222725)
(-0.2616856, 0.770182967, -0.482896775, -0.3242679)
(-0.263231277, 0.7790854, -0.469220221, -0.3218192)
(-0.261012644, 0.7709824, -0.4823867, -0.3236692)
(-0.264320344, 0.7797789, -0.468629152, -0.320103645)
(-0.25961414, 0.7715858, -0.4820967, -0.323787779)
(-0.261935234, 0.780194044, -0.468516648, -0.321215242)
(-0.257448673, 0.771936238, -0.4820461, -0.32475546)
(-0.2641716, 0.780126, -0.468754321, -0.3191963)
(-0.256647885, 0.7723312, -0.4819313, -0.324620664)
(-0.268680573, 0.7786384, -0.4709537, -0.315809518)
(-0.254501879, 0.7737801, -0.4802111, -0.325408041)
(-0.264883071, 0.780886352, -0.468105853, -0.3176952)
(-0.256184548, 0.773348331, -0.4809604, -0.324004531)
(-0.266301423, 0.7804528, -0.4688884, -0.3164186)
(-0.258098334, 0.7727369, -0.4820367, -0.322340757)
(-0.26240617, 0.7812829, -0.468414128, -0.3183209)
(-0.2557735, 0.7733859, -0.481710017, -0.323124647)
(-0.26899454, 0.7787968, -0.472048759, -0.3135086)
(-0.255133629, 0.773640931, -0.4818083, -0.3228733)
(-0.2659347, 0.7805241, -0.470033646, -0.314847916)
(-0.2540256, 0.7742041, -0.4813336, -0.323105276)
(-0.264506578, 0.7812432, -0.469260126, -0.315420777)
(-0.249735713, 0.7768841, -0.47784543, -0.325187564)
(-0.265230119, 0.7784086, -0.47409144, -0.3145956)
(-0.2524669, 0.7724793, -0.484874964, -0.323160142)
(-0.2654477, 0.778149962, -0.4749542, -0.313749254)
(-0.2509133, 0.7735773, -0.483680129, -0.323533833)
(-0.262439251, 0.7802294, -0.4722755, -0.315156549)
(-0.258282959, 0.771960258, -0.485650063, -0.3186083)
(-0.261690348, 0.78054744, -0.4721058, -0.315246016)
(-0.25819838, 0.77226, -0.485471219, -0.318222821)
(-0.261703432, 0.780932248, -0.471852, -0.314661264)
(-0.2525053, 0.7735589, -0.484471768, -0.321146131)
(-0.259423256, 0.781731069, -0.4711671, -0.315591067)
(-0.2532762, 0.773680747, -0.484461963, -0.320258915)
(-0.264376372, 0.780453563, -0.472844362, -0.312114626)
(-0.250666171, 0.7751695, -0.482679456, -0.321401834)
(-0.2632243, 0.781200945, -0.4720061, -0.312487245)
(-0.248429745, 0.7770072, -0.480198652, -0.322415471)
(-0.2640567, 0.7795026, -0.4747196, -0.311915129)
(-0.2478464, 0.778478444, -0.4781971, -0.3222903)
(-0.262705, 0.7771177, -0.4788966, -0.3126215)
(-0.246477351, 0.7763569, -0.481800169, -0.3230903)
(-0.262171566, 0.7782771, -0.47736, -0.3125353)
(-0.246492982, 0.7794528, -0.4772571, -0.322366476)
(-0.261617333, 0.7784787, -0.477372468, -0.312478662)
(-0.245368078, 0.7786764, -0.478897065, -0.3226688)
(-0.260536134, 0.77794826, -0.47874707, -0.3126)
(-0.244320169, 0.777352, -0.481345832, -0.323013663)
(-0.259932548, 0.7793918, -0.4767329, -0.312584758)
(-0.243814677, 0.779654562, -0.477961451, -0.322871566)
(-0.259445161, 0.7802676, -0.475529075, -0.3126386)
(-0.256126434, 0.788527846, -0.4629652, -0.313506424)
(-0.25838244, 0.7806476, -0.475379258, -0.3127976)
(-0.245270252, 0.774913967, -0.4857301, -0.321585357)
(-0.25902468, 0.780017436, -0.4766122, -0.311961055)
(-0.2454315, 0.774610758, -0.48640573, -0.321171582)
(-0.259145558, 0.77979517, -0.4771161, -0.311646044)
(-0.251240939, 0.7719846, -0.489983052, -0.317544281)
(-0.259213418, 0.779963, -0.4770055, -0.311339)
(-0.25205043, 0.772145748, -0.489945143, -0.316568)
(-0.260585845, 0.779980063, -0.477157772, -0.309913784)
(-0.245934784, 0.775384068, -0.485887855, -0.319700927)
(-0.259328216, 0.7807322, -0.476430178, -0.310194254)
(-0.244820386, 0.776055038, -0.485351264, -0.319743246)
(-0.258830965, 0.7809178, -0.476592, -0.309893548)
(-0.245072737, 0.7756607, -0.486277282, -0.319099069)
(-0.2601044, 0.779351652, -0.479212552, -0.30872646)
(-0.2553283, 0.787293255, -0.467440635, -0.3106058)
(-0.2581123, 0.7794802, -0.4796138, -0.309449971)
(-0.2511786, 0.786951661, -0.468879849, -0.312678933)
(-0.256462753, 0.7797058, -0.479953945, -0.309725761)
(-0.25238958, 0.787908554, -0.467799067, -0.310907632)
(-0.257499725, 0.7805822, -0.479021758, -0.3080967)
(-0.266337633, 0.788192, -0.466077864, -0.3009802)
(-0.254217774, 0.7822802, -0.4771993, -0.309340835)
(-0.250926018, 0.7905917, -0.464550078, -0.3101518)
(-0.2556199, 0.7831826, -0.475959867, -0.307807744)
