(0, 0, 0, 0)
(0.114939064, 0.801968157, -0.528739452, 0.2531217)
(0.122565612, 0.810085237, -0.516356945, 0.249229)
(0.116471149, 0.8020667, -0.5284251, 0.252765566)
(0.122699119, 0.810374439, -0.5156549, 0.249676451)
(0.1139167, 0.8028133, -0.526832, 0.254876077)
(0.1251897, 0.810235, -0.5158458, 0.248494923)
(0.115735412, 0.802784264, -0.5268474, 0.254115254)
(0.125453666, 0.810650647, -0.5150329, 0.248692527)
(0.113779552, 0.8039481, -0.5247188, 0.255718261)
(0.128173038, 0.809932768, -0.5162045, 0.24721159)
(0.115373142, 0.803636, -0.5251506, 0.255098224)
(0.128895715, 0.8101189, -0.5157354, 0.247205)
(0.115889587, 0.8039977, -0.5244321, 0.2552024)
(0.132300958, 0.807549536, -0.519820333, 0.245248765)
(0.115909107, 0.8046877, -0.523018539, 0.255918741)
(0.132611334, 0.8076058, -0.519093931, 0.24643144)
(0.132548586, 0.7995425, -0.530729353, 0.2479697)
(0.117413014, 0.8002402, -0.5272477, 0.260460556)
(0.130828112, 0.807217062, -0.515809238, 0.2553924)
(0.120168574, 0.8001216, -0.5244409, 0.265191644)
(0.137971342, 0.802767754, -0.5194609, 0.25824073)
(0.122010008, 0.801214755, -0.5185381, 0.272556067)
(0.110289387, 0.8048775, -0.5096046, 0.283392966)
(0.124206431, 0.809808254, -0.5010568, 0.2787926)
(0.107747793, 0.8045908, -0.505500257, 0.292392582)
(0.117446691, 0.7986012, -0.513833, 0.2905478)
(0.103404745, 0.7996895, -0.5069493, 0.3046416)
(0.113382079, 0.7937294, -0.5151941, 0.3028415)
(0.109350421, 0.7996433, -0.5015934, 0.311475515)
(0.115442671, 0.792161644, -0.51209, 0.311314464)
(0.116377853, 0.798617244, -0.498976618, 0.315735519)
(0.120694131, 0.7903877, -0.5113757, 0.314984441)
(0.119843528, 0.7968078, -0.4993645, 0.318386465)
(0.124876738, 0.789274156, -0.512172639, 0.314851552)
(0.115335912, 0.794030368, -0.5034282, 0.3205832)
(0.125695348, 0.7900041, -0.5131269, 0.311118841)
(0.117038, 0.795926, -0.5038602, 0.314529419)
(0.113648161, 0.803233862, -0.492547631, 0.3151129)
(0.106670395, 0.7951177, -0.506412268, 0.316157967)
(0.100062378, 0.7870496, -0.519316137, 0.3175708)
(0.108186729, 0.7822075, -0.529064, 0.310706228)
(0.09253107, 0.7831017, -0.524753153, 0.320661634)
(0.1036641, 0.7798549, -0.532429755, 0.31240803)
(0.08851399, 0.781266153, -0.5272028, 0.322250843)
(0.103210628, 0.7806645, -0.5313905, 0.3123056)
(0.104868233, 0.7890334, -0.5183003, 0.312719733)
(0.104717486, 0.781365931, -0.530510247, 0.311545074)
(0.105721056, 0.7896789, -0.517091036, 0.312805116)
(0.105399385, 0.782193244, -0.528806448, 0.312135458)
(0.103790917, 0.789944351, -0.5156195, 0.315201283)
(0.10132654, 0.781877041, -0.5278392, 0.315890819)
(0.106299855, 0.7902475, -0.5147345, 0.315051675)
(0.096759, 0.782189548, -0.525475, 0.320457935)
(0.110440277, 0.7893155, -0.516034961, 0.313834161)
(0.0938803554, 0.7875543, -0.5153898, 0.324527353)
(0.110882647, 0.7901419, -0.5140863, 0.3147955)
(0.09425692, 0.786718845, -0.516201258, 0.325154275)
(0.110689595, 0.7872802, -0.5180903, 0.315468)
(0.09629376, 0.7811622, -0.5249495, 0.323945969)
(0.111771651, 0.787407339, -0.517595649, 0.315581262)
(0.09543495, 0.7855524, -0.5173595, 0.32578966)
(0.112491138, 0.790143132, -0.512778938, 0.3163501)
(0.09875485, 0.783863246, -0.520279169, 0.324215144)
(0.114524938, 0.7898932, -0.513151765, 0.315639228)
(0.100649215, 0.78353864, -0.520858, 0.323487222)
(0.115557067, 0.7901097, -0.5126419, 0.315549642)
(0.102840714, 0.783281446, -0.5213843, 0.322571725)
(0.110636488, 0.7917827, -0.5087275, 0.319431037)
(0.10595946, 0.7838405, -0.520833552, 0.3210905)
(0.110424042, 0.7923877, -0.507437348, 0.320055574)
(0.105868094, 0.7843708, -0.519723833, 0.321623266)
(0.08951025, 0.7830254, -0.518392563, 0.331855863)
(0.106591262, 0.7867286, -0.515835464, 0.3218852)
(0.123633035, 0.7896708, -0.5137529, 0.311757445)
(0.107504822, 0.785527468, -0.5177303, 0.321472347)
(0.09778197, 0.7903406, -0.507623255, 0.3288147)
(0.10799095, 0.7860182, -0.5165854, 0.3219518)
(0.112326764, 0.7792753, -0.5279778, 0.318358451)
(0.109379776, 0.7865571, -0.5154204, 0.3220338)
(0.10801883, 0.7785261, -0.5278642, 0.321851432)
(0.109359771, 0.78661114, -0.514790237, 0.322915226)
(0.109790295, 0.778847039, -0.5272952, 0.321408)
(0.107181132, 0.7860227, -0.5150735, 0.324622571)
(0.11370042, 0.794281662, -0.5023416, 0.322244674)
(0.110592306, 0.7863256, -0.514918447, 0.322986662)
(0.09892045, 0.78993994, -0.5064503, 0.3312368)
(0.108193591, 0.785041034, -0.5162828, 0.3247411)
(0.107433029, 0.77717334, -0.528743744, 0.323866755)
(0.108362667, 0.7853002, -0.515725136, 0.324944139)
(0.114927083, 0.7792894, -0.5265379, 0.31977728)
(0.110435866, 0.786087155, -0.5146488, 0.324048519)
(0.115772367, 0.779557, -0.526032865, 0.3196514)
(0.111830905, 0.7865833, -0.5138711, 0.323600322)
(0.109967545, 0.7785333, -0.526400149, 0.323567539)
(0.113812551, 0.7869032, -0.5133627, 0.3229379)
(0.109266393, 0.7786776, -0.5256483, 0.324678361)
(0.116347723, 0.7870505, -0.5131726, 0.3219761)
(0.110602833, 0.778680265, -0.5254891, 0.324477017)
(0.1176201, 0.786878943, -0.5132422, 0.321822017)
(0.110738277, 0.7785236, -0.5253816, 0.32498005)
(0.120446034, 0.786776, -0.5136007, 0.320454061)
(0.105172127, 0.7812625, -0.5196763, 0.329399765)
(0.1205806, 0.787224352, -0.5124861, 0.32108596)
(0.107945524, 0.780102968, -0.5216218, 0.328173548)
(0.119044676, 0.788042247, -0.5104815, 0.3228413)
(0.105897658, 0.7813451, -0.5188941, 0.330203563)
(0.121541142, 0.7874132, -0.5115263, 0.321790516)
(0.109885558, 0.7800724, -0.52110827, 0.328417957)
(0.117979676, 0.7884589, -0.508572042, 0.325219661)
(0.112303451, 0.780327737, -0.520710766, 0.3276229)
(0.11399477, 0.7885135, -0.5074662, 0.328222245)
(0.117702432, 0.7815556, -0.51940167, 0.324867636)
(0.113084696, 0.788350463, -0.5073128, 0.329164356)
(0.111971021, 0.7805675, -0.5197556, 0.328680456)
(0.118792266, 0.789039552, -0.506878853, 0.326157779)
(0.111632153, 0.780968666, -0.5187228, 0.329473734)
(0.121294066, 0.7892035, -0.5067305, 0.325068682)
(0.115028068, 0.7811536, -0.51871717, 0.327872)
(0.1266365, 0.788972437, -0.5076869, 0.322086453)
(0.113359272, 0.7822878, -0.5163271, 0.329517454)
(0.126122758, 0.7897254, -0.506116033, 0.3229137)
(0.114967555, 0.782279253, -0.516426861, 0.328823417)
(0.130877048, 0.7876469, -0.5101321, 0.319763541)
(0.115238778, 0.782607734, -0.515818238, 0.328901976)
(0.116402976, 0.7907451, -0.5024461, 0.329727739)
(0.116286211, 0.7831048, -0.5149985, 0.328634948)
(0.132806063, 0.784186661, -0.51565975, 0.31860432)
(0.1174179, 0.7847176, -0.5122488, 0.328683)
(0.113294825, 0.776637137, -0.5244294, 0.330110282)
(0.119956061, 0.7851551, -0.511662543, 0.327633262)
(0.113220371, 0.776991248, -0.5235797, 0.330651015)
(0.116235584, 0.7853919, -0.5103708, 0.330409676)
(0.111563817, 0.7773076, -0.522609949, 0.332001835)
(0.120668374, 0.7856299, -0.510549963, 0.3279687)
(0.11142309, 0.777623534, -0.5217429, 0.332672358)
(0.123674154, 0.785176039, -0.5114781, 0.3264864)
(0.10803926, 0.7797971, -0.517286539, 0.3356465)
(0.123604074, 0.7855768, -0.51037997, 0.3272666)
(0.113004982, 0.7778256, -0.5208644, 0.333042622)
(0.1212363, 0.786150932, -0.5084622, 0.329749376)
(0.115526885, 0.7778763, -0.5206567, 0.332383156)
(0.125753477, 0.785855949, -0.509077966, 0.327805132)
(0.117039688, 0.7776848, -0.5206115, 0.332372755)
(0.123950526, 0.785981357, -0.5080276, 0.329814464)
(0.115849391, 0.777802467, -0.5197324, 0.333886772)
(0.122420937, 0.7861349, -0.5069892, 0.3316126)
(0.11790929, 0.7778224, -0.5195004, 0.3334803)
(0.121809222, 0.7860596, -0.5063378, 0.333008766)
(0.117107853, 0.7777361, -0.518806934, 0.335039824)
(0.122295707, 0.7860515, -0.5056895, 0.333833724)
(0.116676375, 0.7777836, -0.51790756, 0.336468458)
(0.121271908, 0.7861144, -0.504661262, 0.3356102)
(0.113594316, 0.7779198, -0.516578555, 0.339239955)
(0.1257794, 0.785395145, -0.5062643, 0.333212137)
(0.113533534, 0.778035164, -0.516034663, 0.339823127)
(0.123932377, 0.7860625, -0.5044865, 0.3350223)
(0.116866529, 0.7778859, -0.51653713, 0.338268)
(0.125924736, 0.7861026, -0.50439173, 0.334326923)
(0.116890796, 0.7781364, -0.5157913, 0.338820875)
(0.12639387, 0.7863345, -0.503823638, 0.334461242)
(0.114908583, 0.77889514, -0.5140403, 0.3404129)
(0.1299774, 0.7850346, -0.506460845, 0.3321505)
(0.117168181, 0.777961969, -0.5157883, 0.33913)
(0.1338546, 0.7818635, -0.5121657, 0.329330653)
(0.117560267, 0.777719736, -0.5161414, 0.339012831)
(0.13142997, 0.7846433, -0.5070833, 0.3315534)
(0.116291255, 0.779001534, -0.5137159, 0.340189338)
(0.132116124, 0.784525156, -0.507219851, 0.331351221)
(0.117981747, 0.77815634, -0.515205264, 0.339288324)
(0.1290576, 0.7860772, -0.5039853, 0.333804846)
(0.117297068, 0.7787027, -0.514088, 0.339966327)
(0.132049412, 0.785147965, -0.50591445, 0.331897885)
(0.117894806, 0.778766453, -0.5139695, 0.339792639)
(0.133838147, 0.7842098, -0.5075674, 0.330874115)
(0.118930042, 0.7784846, -0.514383, 0.3394516)
(0.131576225, 0.7859747, -0.504054368, 0.3329575)
(0.119117118, 0.7789121, -0.513561, 0.3396501)
(0.124468341, 0.787371159, -0.500327468, 0.3379743)
(0.119693667, 0.779320657, -0.5127701, 0.33970502)
(0.11570245, 0.7712116, -0.5250546, 0.340827316)
(0.120069072, 0.7796963, -0.51196456, 0.339925557)
(0.110768951, 0.7717697, -0.5228681, 0.3445443)
(0.121420935, 0.7800066, -0.5113393, 0.339674473)
(0.13430956, 0.787441969, -0.5008769, 0.333194226)
(0.1227735, 0.7801831, -0.510885537, 0.339465916)
(0.118321888, 0.7720124, -0.5231543, 0.3410372)
(0.122090064, 0.7804488, -0.5100041, 0.340425462)
(0.112054832, 0.7725666, -0.5207483, 0.3455513)
(0.12332648, 0.7806367, -0.5095032, 0.34029907)
(0.1347693, 0.776836932, -0.5173166, 0.332784146)
(0.122524381, 0.7800825, -0.5098007, 0.341412276)
(0.1195559, 0.7719167, -0.5223175, 0.342104524)
(0.1206215, 0.780029237, -0.5091062, 0.3432429)
(0.1375459, 0.783969343, -0.5051724, 0.333577573)
(0.121194951, 0.7822643, -0.505167, 0.34377417)
(0.126825333, 0.7759231, -0.5163688, 0.339443624)
(0.11777921, 0.780954, -0.506196141, 0.346416563)
(0.129356265, 0.7773321, -0.513982, 0.338886857)
(0.120428972, 0.7825632, -0.5035696, 0.345701218)
(0.1261521, 0.776373267, -0.51468724, 0.3412143)
(0.121919781, 0.783297, -0.5023491, 0.3452924)
(0.12373621, 0.776010633, -0.514567, 0.343099952)
(0.126177534, 0.784315348, -0.5010282, 0.343364984)
(0.1275871, 0.776884139, -0.513336837, 0.3415522)
(0.120294534, 0.7827155, -0.502154648, 0.3474572)
(0.126946777, 0.776738644, -0.5130784, 0.342508584)
(0.125245064, 0.784302354, -0.50007844, 0.34511593)
(0.12807402, 0.7771816, -0.5121567, 0.342463523)
(0.119998537, 0.782566369, -0.5014282, 0.3489412)
(0.12552911, 0.7761975, -0.51271826, 0.344789773)
(0.118633226, 0.7820869, -0.5013323, 0.350616783)
(0.130112275, 0.778295636, -0.509444952, 0.343209356)
(0.1244941, 0.784626245, -0.497661382, 0.348132163)
(0.1353537, 0.780322254, -0.5063716, 0.341122031)
(0.121776737, 0.782613158, -0.499954849, 0.350331634)
(0.13092868, 0.777714431, -0.5094635, 0.344187319)
(0.119147547, 0.7813874, -0.5010042, 0.3524661)
(0.1321051, 0.7785964, -0.507780552, 0.3442305)
(0.11654859, 0.7787444, -0.504479945, 0.3542224)
(0.131082714, 0.7773572, -0.509295762, 0.345182538)
(0.1222914, 0.782457054, -0.499032557, 0.351812869)
(0.131863743, 0.7775698, -0.5086365, 0.34537825)
(0.12800546, 0.784559667, -0.496076524, 0.349268883)
(0.1319862, 0.7777922, -0.5078534, 0.3459825)
(0.117822729, 0.771277845, -0.5156714, 0.354021668)
(0.13108094, 0.7786259, -0.505844, 0.347392231)
(0.1165953, 0.7725042, -0.5130038, 0.355626047)
(0.131944582, 0.7787696, -0.505347669, 0.347465426)
(0.118262924, 0.7719865, -0.5137381, 0.355139375)
(0.1294105, 0.7799149, -0.5024729, 0.3500096)
(0.123359196, 0.7717088, -0.514668465, 0.352653533)
(0.135031462, 0.7794789, -0.5036198, 0.347197622)
(0.119950309, 0.7737146, -0.5101675, 0.355958968)
(0.134518936, 0.7803747, -0.5014587, 0.3485101)
(0.125174776, 0.7723894, -0.512764752, 0.35329625)
(0.135194018, 0.7805152, -0.500844955, 0.348816454)
(0.121228412, 0.774013162, -0.508916557, 0.356666744)
(0.135298729, 0.7809701, -0.499548852, 0.349615484)
(0.121271484, 0.774658561, -0.507291257, 0.357565075)
(0.138451651, 0.7788553, -0.503090262, 0.348016977)
(0.122921571, 0.7741738, -0.5078712, 0.357228339)
(0.140502051, 0.777166367, -0.5057275, 0.347147435)
(0.125860944, 0.77786, -0.5018261, 0.356739819)
(0.1437577, 0.780584455, -0.4998724, 0.346625447)
(0.128536284, 0.7770084, -0.502968132, 0.3560331)
(0.146943688, 0.779773951, -0.5008523, 0.345698148)
(0.133000866, 0.780169964, -0.4975751, 0.35505572)
(0.151862517, 0.7832792, -0.4944703, 0.3448341)
(0.139722869, 0.7773798, -0.5020304, 0.3523118)
(0.157272011, 0.783209443, -0.494054854, 0.343159318)
