(-0.039855957, 0.160827637, -0.984802246, 0.05291748)
(-0.039855957, 0.160827637, -0.984802246, 0.05291748)
(-0.0484619141, 0.167114258, -0.983398438, 0.0516357422)
(-0.05316162, 0.172973633, -0.9822998, 0.04840088)
(-0.05114746, 0.184631348, -0.9805298, 0.0431518555)
(-0.04559326, 0.192443848, -0.979431152, 0.04071045)
(-0.0357055664, 0.200805664, -0.978393555, 0.034362793)
(-0.0283203125, 0.2098999, -0.9768677, 0.03112793)
(-0.01763916, 0.2185669, -0.9753418, 0.0268554688)
(-0.0124511719, 0.226867676, -0.973510742, 0.02545166)
(-0.0120849609, 0.22869873, -0.973144531, 0.022644043)
(-0.0120849609, 0.22869873, -0.973144531, 0.022644043)
(-0.0120849609, 0.22869873, -0.973144531, 0.022644043)
(-0.01361084, 0.225952148, -0.9738159, 0.0217285156)
(-0.0164794922, 0.217651367, -0.975769043, 0.0153808594)
(-0.0166015625, 0.215698242, -0.9761963, 0.0148925781)
(-0.0166015625, 0.215698242, -0.9761963, 0.0148925781)
(-0.0166015625, 0.215698242, -0.9761963, 0.0148925781)
(-0.0166015625, 0.215698242, -0.9761963, 0.0148925781)
(-0.0179443359, 0.212341309, -0.9769287, 0.0134277344)
(-0.0179443359, 0.212341309, -0.9769287, 0.0134277344)
(-0.0179443359, 0.212402344, -0.9769287, 0.0134277344)
(-0.0181884766, 0.211486816, -0.9771118, 0.0134887695)
(-0.0181884766, 0.211486816, -0.9771118, 0.0134887695)
(-0.0186157227, 0.210144043, -0.977417, 0.0126342773)
(-0.01739502, 0.207397461, -0.978027344, 0.0111083984)
(-0.01739502, 0.207397461, -0.978027344, 0.0111083984)
(-0.0174560547, 0.208312988, -0.977844238, 0.0112915039)
(-0.0163574219, 0.207580566, -0.978027344, 0.009643555)
(-0.0163574219, 0.207580566, -0.978027344, 0.009643555)
(-0.0159912109, 0.2053833, -0.9785156, 0.008483887)
(-0.0151977539, 0.203979492, -0.9788208, 0.00799560547)
(-0.0160522461, 0.204528809, -0.97869873, 0.00762939453)
(-0.014831543, 0.204589844, -0.97869873, 0.008361816)
(-0.014831543, 0.204589844, -0.97869873, 0.008361816)
(-0.014465332, 0.20489502, -0.9786377, 0.0087890625)
(-0.0112915039, 0.20513916, -0.9786377, 0.007385254)
(-0.0114135742, 0.203979492, -0.978881836, 0.00689697266)
(-0.0103759766, 0.201477051, -0.979431152, 0.00390625)
(-0.009765625, 0.201171875, -0.9794922, 0.00384521484)
(-0.0102539063, 0.200317383, -0.9796753, 0.00360107422)
