(-0.0004272461, 0.008117676, -0.998901367, -0.04638672)
(-0.0004272461, 0.008117676, -0.998901367, -0.04638672)
(-0.00372314453, -0.00366210938, -0.998840332, -0.04840088)
(-0.007080078, -0.0197143555, -0.998535156, -0.0501098633)
(-0.0101928711, -0.0435791, -0.9977417, -0.05029297)
(-0.01184082, -0.0581665039, -0.996948242, -0.05114746)
(-0.0132446289, -0.07086182, -0.99609375, -0.0518798828)
(-0.0155639648, -0.09173584, -0.9941406, -0.0556030273)
(-0.015625, -0.108459473, -0.9921875, -0.0601806641)
(-0.0151977539, -0.124694824, -0.9899292, -0.0659790039)
(-0.0189819336, -0.138244629, -0.987854, -0.06890869)
(-0.026550293, -0.154052734, -0.9852295, -0.0701293945)
(-0.0347290039, -0.170043945, -0.982605, -0.06707764)
(-0.04321289, -0.1862793, -0.9797363, -0.060546875)
(-0.0460205078, -0.1987915, -0.977417, -0.0555419922)
(-0.04473877, -0.204101563, -0.975769043, -0.06512451)
(-0.0524902344, -0.20526123, -0.974914551, -0.06842041)
(-0.0561523438, -0.2078247, -0.9737549, -0.07397461)
(-0.05810547, -0.211364746, -0.972473145, -0.07910156)
