(-0.00402832031, 0.0321044922, -0.992248535, -0.120239258)
(-0.00384521484, 0.032409668, -0.992126465, -0.12121582)
(-0.008544922, 0.0234375, -0.991210938, -0.130004883)
(-0.0147705078, 0.0230712891, -0.9908447, -0.132263184)
(-0.0258178711, 0.0179443359, -0.990905762, -0.13104248)
(-0.03491211, 0.0186767578, -0.9902954, -0.133300781)
(-0.04083252, 0.0160522461, -0.9897461, -0.135986328)
(-0.0424194336, 0.00799560547, -0.9893799, -0.13885498)
(-0.03967285, 0.0106201172, -0.988769531, -0.1437378)
(-0.03955078, 0.0155639648, -0.988464355, -0.145385742)
