(-0.0534667969, 0.07928467, -0.886901855, -0.452026367)
(-0.0535888672, 0.07879639, -0.8868408, -0.452209473)
(-0.04333496, 0.08325195, -0.8848877, -0.456298828)
(-0.0322265625, 0.08959961, -0.8833618, -0.458984375)
(-0.0255126953, 0.0975952148, -0.8843384, -0.455871582)
(-0.0323486328, 0.106140137, -0.8835449, -0.455078125)
(-0.04449463, 0.1149292, -0.8824463, -0.454040527)
(-0.0579834, 0.120422363, -0.881652832, -0.452697754)
(-0.07006836, 0.123168945, -0.883911133, -0.445739746)
(-0.07330322, 0.132446289, -0.883056641, -0.444213867)
(-0.0780639648, 0.125732422, -0.884277344, -0.442932129)
