(0, 0, 0, 0)
(-0.08157768, -0.227399871, 0.7472002, 0.6191334)
(-0.0786635, -0.227952391, 0.7563772, 0.6080651)
(-0.08224356, -0.226594537, 0.747172952, 0.619373441)
(-0.07966768, -0.22688581, 0.75637114, 0.6083409)
(-0.08428987, -0.224234268, 0.747270048, 0.61984)
(-0.07766968, -0.229298249, 0.7556315, 0.6086138)
(-0.0886951, -0.218369618, 0.7497481, 0.618324935)
(-0.0770072043, -0.230138555, 0.75436306, 0.6099528)
(-0.0891710743, -0.217397884, 0.7502166, 0.6180305)
(-0.07879123, -0.227137178, 0.7562558, 0.608504534)
(-0.07977612, -0.228521749, 0.746702433, 0.619555533)
(-0.08039165, -0.225028321, 0.7559352, 0.6094764)
(-0.07945644, -0.223067343, 0.764901459, 0.5990438)
(-0.08292288, -0.22124815, 0.7558467, 0.6106298)
(-0.0775681, -0.224297985, 0.764396548, 0.599476039)
(-0.0846042, -0.21329318, 0.7714842, 0.593431)
(-0.07787254, -0.2225714, 0.763897538, 0.6007149)
(-0.0730231851, -0.224800691, 0.772526, 0.5893521)
(-0.0770244, -0.222179234, 0.7636973, 0.601223767)
(-0.07792013, -0.22275497, 0.7547093, 0.612145841)
(-0.0791940838, -0.2170627, 0.764059961, 0.6023491)
(-0.0664575, -0.230306834, 0.76328, 0.599954963)
(-0.0610719, -0.237195864, 0.7545104, 0.6088697)
(-0.0587178, -0.240101621, 0.745662153, 0.618782163)
(-0.07481719, -0.221595123, 0.742843866, 0.627280533)
(-0.08758942, -0.208955571, 0.7402063, 0.6330563)
(-0.09940969, -0.196795925, 0.7393146, 0.636241436)
(-0.08568976, -0.209861934, 0.7420127, 0.6308981)
(-0.0850026459, -0.2062199, 0.7512743, 0.6211561)
(-0.08409406, -0.202454358, 0.7603636, 0.6113818)
(-0.08497772, -0.200513, 0.751324534, 0.6229645)
(-0.08518443, -0.1946186, 0.759841859, 0.6144165)
(-0.0705998, -0.208210751, 0.7546735, 0.6181682)
(-0.07615171, -0.200643525, 0.7470219, 0.6292069)
(-0.07864086, -0.193648472, 0.755021453, 0.6214969)
(-0.06997529, -0.1998395, 0.7626239, 0.6112057)
(-0.07552775, -0.194060281, 0.754821241, 0.621997535)
(-0.07030004, -0.197156847, 0.7636201, 0.610795736)
(-0.06779255, -0.201639384, 0.754300833, 0.6211087)
(-0.07318649, -0.1966644, 0.746437848, 0.63150394)
(-0.0569076538, -0.213162974, 0.7480295, 0.6259193)
(-0.04209904, -0.229332015, 0.7458007, 0.624031961)
(-0.0501070768, -0.2182481, 0.752177954, 0.619746149)
(-0.03866072, -0.228402734, 0.7589091, 0.608600557)
(-0.04969862, -0.214760765, 0.761467755, 0.6095693)
(-0.05671366, -0.204701766, 0.768520355, 0.603537261)
(-0.0444610678, -0.220656991, 0.765154, 0.6032188)
(-0.05276877, -0.214713216, 0.7577101, 0.61399436)
(-0.0418820642, -0.226602748, 0.762627542, 0.604397535)
(-0.03228281, -0.240611583, 0.75531137, 0.60874337)
(-0.03398467, -0.242972553, 0.7449906, 0.6203212)
(-0.0463323146, -0.229189485, 0.7476565, 0.6215587)
(-0.0352005064, -0.243269935, 0.741725862, 0.6240379)
(-0.0320064649, -0.243554071, 0.750387967, 0.613656938)
(-0.04461109, -0.229313359, 0.7527195, 0.615498543)
(-0.034120582, -0.238959342, 0.7581877, 0.605710745)
(-0.0427430719, -0.232205659, 0.750487149, 0.6172702)
(-0.05304756, -0.219337419, 0.755627632, 0.614901662)
(-0.0445628, -0.231231347, 0.7482408, 0.620227158)
(-0.03326484, -0.241863847, 0.753109455, 0.6109185)
(-0.0463620462, -0.228376985, 0.751077, 0.617719948)
(-0.04322337, -0.2347779, 0.741665661, 0.6268518)
(-0.0420282, -0.232977018, 0.7509582, 0.6164553)
(-0.0396374352, -0.238750488, 0.741575241, 0.6256941)
(-0.0443636626, -0.230912939, 0.7501822, 0.618011236)
(-0.03112049, -0.245373651, 0.7498545, 0.6136298)
(-0.0442717746, -0.231208131, 0.749754131, 0.6184268)
(-0.04211342, -0.23653622, 0.7404382, 0.6277168)
(-0.04445033, -0.230911791, 0.749664247, 0.6186334)
(-0.0347805247, -0.2432741, 0.743404269, 0.6220595)
(-0.042279698, -0.232323781, 0.750961244, 0.616680861)
(-0.0424428545, -0.235089585, 0.7414858, 0.6270011)
(-0.0436217338, -0.230592728, 0.750870764, 0.617347)
(-0.0429684371, -0.2344176, 0.741442442, 0.627268136)
(-0.0399602167, -0.2344867, 0.7507677, 0.616252363)
(-0.03231826, -0.24526535, 0.74305445, 0.621828437)
(-0.0397849679, -0.234366864, 0.7505608, 0.616561234)
(-0.0521433167, -0.221948788, 0.7468668, 0.6246676)
(-0.0391060822, -0.234963983, 0.7497159, 0.6174047)
(-0.0273985751, -0.2489328, 0.7451268, 0.6181164)
(-0.03897048, -0.234860778, 0.749311745, 0.6179431)
(-0.0461454466, -0.229708627, 0.7411095, 0.629175067)
(-0.04080348, -0.23247233, 0.749910235, 0.6180019)
(-0.0512315631, -0.219307736, 0.7549503, 0.6158973)
(-0.0401971564, -0.2329695, 0.750161231, 0.617549658)
(-0.0495303124, -0.2250019, 0.7431987, 0.6281534)
(-0.03918817, -0.2339743, 0.7494905, 0.6180487)
(-0.05233996, -0.219573155, 0.749291837, 0.622583151)
(-0.0392020643, -0.2333263, 0.7506558, 0.6168776)
(-0.0508534461, -0.222230181, 0.745618343, 0.626163661)
(-0.0407879464, -0.231099218, 0.7519358, 0.6160537)
(-0.0288235024, -0.242780983, 0.755934656, 0.6072804)
(-0.0403405838, -0.232103631, 0.751266539, 0.6165218)
(-0.0278441217, -0.24478139, 0.754283965, 0.608574152)
(-0.0409166, -0.231459081, 0.7524402, 0.6152935)
(-0.02779371, -0.246080339, 0.751826346, 0.6110884)
(-0.04099268, -0.2319762, 0.7517366, 0.6159537)
(-0.0322319046, -0.243945375, 0.74474436, 0.6203287)
(-0.03956733, -0.233373344, 0.752300143, 0.6148299)
(-0.0280528534, -0.244169414, 0.756902933, 0.6055512)
(-0.0396116823, -0.23327826, 0.752155244, 0.6150405)
(-0.0525448024, -0.218735471, 0.753325045, 0.6179767)
(-0.03947507, -0.233463943, 0.7524483, 0.614620149)
(-0.0274989568, -0.247762173, 0.7484038, 0.614613235)
(-0.0393081158, -0.233582839, 0.752089, 0.615025163)
(-0.0456122868, -0.22386457, 0.7598619, 0.60861665)
(-0.03954645, -0.2333225, 0.7517028, 0.6155808)
(-0.0274858978, -0.244877338, 0.7557043, 0.6067872)
(-0.03917962, -0.233706474, 0.751284063, 0.615969539)
(-0.0281033255, -0.243808255, 0.7564307, 0.6062841)
(-0.04030338, -0.231778041, 0.7526781, 0.614922941)
(-0.03427768, -0.235350028, 0.7609148, 0.603692055)
(-0.0366434865, -0.23619546, 0.7516831, 0.614688039)
(-0.0255082585, -0.24633491, 0.7567352, 0.6049962)
(-0.0361506268, -0.23670049, 0.751144648, 0.6151811)
(-0.0474984646, -0.225919783, 0.746022344, 0.624623835)
(-0.03756552, -0.234266222, 0.7525459, 0.6143149)
(-0.0245162658, -0.248767853, 0.750697434, 0.611528337)
(-0.0374905057, -0.234350219, 0.751405, 0.6156825)
(-0.04479542, -0.22919485, 0.7432444, 0.626937568)
(-0.03523127, -0.2370809, 0.75011915, 0.616338134)
(-0.0262189768, -0.244208336, 0.756989956, 0.6055089)
(-0.0360544026, -0.235916466, 0.7504493, 0.6163355)
(-0.0444561653, -0.224163353, 0.757093549, 0.6120324)
(-0.03592954, -0.235680044, 0.7499798, 0.6170043)
(-0.0489058867, -0.221565813, 0.7488752, 0.6226577)
(-0.0361965373, -0.234207973, 0.751855135, 0.6152644)
(-0.0426682755, -0.224215463, 0.759543955, 0.60909754)
(-0.0353463851, -0.2348614, 0.7518389, 0.615084648)
(-0.04804201, -0.222075537, 0.748638749, 0.622827768)
(-0.0349965654, -0.235581234, 0.750535548, 0.6164196)
(-0.04806307, -0.221627846, 0.7497428, 0.6216565)
(-0.03480882, -0.236053586, 0.7498223, 0.6171171)
(-0.0410866477, -0.2264433, 0.7576262, 0.610768259)
(-0.0364313424, -0.234515429, 0.748718143, 0.618948)
(-0.0299855657, -0.238452509, 0.7568414, 0.6078095)
(-0.035195332, -0.236065924, 0.747992933, 0.619306743)
(-0.0292245615, -0.239599988, 0.756287038, 0.608085155)
(-0.0371504277, -0.23386392, 0.7485175, 0.619394)
(-0.0260718483, -0.243840992, 0.7536556, 0.6098074)
(-0.03749742, -0.233233035, 0.748599052, 0.619512558)
(-0.030478999, -0.237905756, 0.7565059, 0.608416557)
(-0.0370186977, -0.233900085, 0.7480986, 0.6198941)
(-0.03265956, -0.2356425, 0.756826341, 0.6087855)
(-0.0355988741, -0.235936642, 0.747425854, 0.620017052)
(-0.0277185328, -0.24167116, 0.7548421, 0.60913074)
(-0.0404518321, -0.2286419, 0.7520919, 0.616801739)
(-0.0283307228, -0.242958233, 0.748438835, 0.616448)
(-0.0415120274, -0.228605419, 0.749098539, 0.6203772)
(-0.0316883773, -0.237389714, 0.7552669, 0.6100932)
(-0.0446248427, -0.2243225, 0.75311625, 0.61685)
(-0.0333183967, -0.238847166, 0.7474337, 0.6190192)
(-0.0221693572, -0.249378473, 0.752597749, 0.6090284)
(-0.0330723561, -0.240222216, 0.7468515, 0.619203031)
(-0.01996087, -0.2536835, 0.748029232, 0.6129426)
(-0.0333102942, -0.239778236, 0.7468014, 0.619422734)
(-0.0308421645, -0.245347336, 0.7370945, 0.6289238)
(-0.0251186658, -0.247940376, 0.745703638, 0.617916465)
(-0.0366062857, -0.233884722, 0.750357449, 0.6171886)
(-0.0233372543, -0.247874483, 0.7502527, 0.612482369)
(-0.0361771844, -0.234246522, 0.7483038, 0.6195653)
(-0.02451066, -0.244510189, 0.752904654, 0.61053133)
(-0.03780856, -0.230177179, 0.7515226, 0.617092252)
(-0.02481672, -0.2446765, 0.7490484, 0.615178)
(-0.0371317677, -0.2301288, 0.751978636, 0.6165955)
(-0.0343036838, -0.2361518, 0.742678761, 0.6256867)
(-0.03665998, -0.230245322, 0.751736, 0.616876245)
(-0.029829232, -0.240186051, 0.743638933, 0.6232352)
(-0.03529424, -0.231176481, 0.751988, 0.6163001)
(-0.0271697212, -0.242364839, 0.744558752, 0.621412456)
(-0.03408361, -0.232024163, 0.75231117, 0.6156548)
(-0.0326675475, -0.236877456, 0.7428246, 0.6253267)
(-0.0364281535, -0.22979933, 0.751692832, 0.617108643)
(-0.0238018241, -0.2444396, 0.748936236, 0.6154489)
(-0.0360125266, -0.230115384, 0.7519935, 0.6166488)
(-0.0249408316, -0.243737817, 0.746944368, 0.6180971)
(-0.0352039747, -0.230610609, 0.752480268, 0.6159162)
(-0.0242304411, -0.244327754, 0.747234046, 0.617541969)
(-0.03591536, -0.230345637, 0.751245558, 0.617479742)
(-0.0229380839, -0.244980991, 0.749042451, 0.615137)
(-0.0358325765, -0.230368033, 0.750572443, 0.618294)
(-0.0225829463, -0.244432509, 0.750418067, 0.613690138)
(-0.035484802, -0.229899555, 0.751648, 0.6171808)
(-0.0226855259, -0.244484365, 0.749352038, 0.6149669)
(-0.03582432, -0.230293319, 0.74953866, 0.6195752)
(-0.0226896517, -0.244890809, 0.7479952, 0.616454959)
(-0.03565889, -0.23042585, 0.749183834, 0.6199644)
(-0.0225415621, -0.244687453, 0.747842968, 0.6167258)
(-0.0354367942, -0.229947075, 0.749851346, 0.6193478)
(-0.0222487785, -0.24419418, 0.749342442, 0.615109742)
(-0.0349333026, -0.229640692, 0.7515875, 0.617382348)
(-0.02203358, -0.244154245, 0.7497005, 0.614697)
(-0.0352450721, -0.229662985, 0.7505708, 0.6185922)
(-0.0220747851, -0.244186461, 0.74986887, 0.6144772)
(-0.0344064124, -0.232458428, 0.7460545, 0.6230425)
(-0.0240244344, -0.2413547, 0.751979053, 0.6129422)
(-0.0369840451, -0.227783754, 0.750168443, 0.619672537)
(-0.0242271684, -0.240454555, 0.7525981, 0.612528145)
(-0.03613853, -0.2290498, 0.7481135, 0.6217366)
(-0.0232285168, -0.242159158, 0.7500981, 0.6149571)
(-0.03596352, -0.229641318, 0.747118831, 0.6227239)
(-0.0244423, -0.240392372, 0.7517431, 0.613593)
(-0.03689012, -0.22826, 0.748076856, 0.622027)
(-0.0243044533, -0.240570754, 0.75111413, 0.6142984)
(-0.0369069166, -0.2279929, 0.747878551, 0.622362256)
(-0.0258607175, -0.237880647, 0.753110945, 0.612835944)
(-0.0379262976, -0.226235777, 0.7489029, 0.6217101)
(-0.0255720746, -0.23840259, 0.752179265, 0.6137887)
(-0.03728618, -0.2274204, 0.7474604, 0.623051047)
(-0.0253827162, -0.238745272, 0.7516461, 0.6143163)
(-0.0366450921, -0.228464425, 0.7464051, 0.623971641)
(-0.0265056249, -0.237169847, 0.752580464, 0.613734961)
(-0.03486801, -0.230802864, 0.745004535, 0.6248861)
(-0.0273940563, -0.235933051, 0.7528147, 0.6138852)
(-0.033941336, -0.2318008, 0.7443767, 0.625315666)
(-0.0291855372, -0.233673573, 0.753168166, 0.6142334)
(-0.0372159854, -0.227573171, 0.7454336, 0.625423133)
(-0.028314542, -0.234654173, 0.752488554, 0.61473304)
(-0.0383929424, -0.225979373, 0.7459778, 0.625281155)
(-0.0277245082, -0.235390514, 0.7516614, 0.6154898)
(-0.03771784, -0.226739749, 0.745081663, 0.626114845)
(-0.0276967436, -0.235190839, 0.751407, 0.6158779)
(-0.03294578, -0.232687771, 0.742403865, 0.627381444)
(-0.0303183757, -0.2322917, 0.751444042, 0.6168089)
(-0.02915297, -0.236856535, 0.741673231, 0.6268732)
(-0.0307859257, -0.231752381, 0.75067085, 0.617929041)
(-0.031100668, -0.2346675, 0.7408745, 0.628545)
(-0.031566713, -0.230752334, 0.7500628, 0.619001448)
(-0.02208033, -0.243124843, 0.743337154, 0.6227781)
(-0.0312602147, -0.230926663, 0.7498362, 0.619226336)
(-0.0318819135, -0.226971358, 0.7588683, 0.6095789)
(-0.0299818739, -0.232377, 0.749455869, 0.6192074)
(-0.0197768826, -0.245344251, 0.74320513, 0.622142434)
(-0.0310806111, -0.23151508, 0.7477486, 0.6215358)
(-0.0210784469, -0.239802912, 0.753976345, 0.6112036)
(-0.032194376, -0.229625776, 0.7487398, 0.6209865)
(-0.0188814923, -0.243856788, 0.748448968, 0.6164426)
(-0.0318903, -0.2295282, 0.749240339, 0.6204342)
