(-0.08569336, 0.0430297852, 0.929931641, 0.354919434)
(-0.0859375, 0.04296875, 0.929931641, 0.354919434)
(-0.0859375, 0.04296875, 0.929931641, 0.354919434)
(-0.08618164, 0.04284668, 0.9298706, 0.354980469)
(-0.08618164, 0.04284668, 0.9298706, 0.354980469)
(-0.08618164, 0.04284668, 0.9298706, 0.354980469)
(-0.08618164, 0.04284668, 0.9298706, 0.354980469)
(-0.0862426758, 0.04284668, 0.9298706, 0.354980469)
(-0.08642578, 0.04272461, 0.9298706, 0.354919434)
(-0.08642578, 0.04272461, 0.9298706, 0.354919434)
(-0.08654785, 0.0421142578, 0.9299927, 0.354736328)
(-0.08654785, 0.0421142578, 0.9299927, 0.354736328)
(-0.08673096, 0.0417480469, 0.9301758, 0.354187)
(-0.08721924, 0.0413208, 0.9304199, 0.353393555)
(-0.08721924, 0.0413208, 0.9304199, 0.353393555)
(-0.0881958, 0.0407714844, 0.930969238, 0.3517456)
(-0.0881958, 0.0407714844, 0.930969238, 0.3517456)
(-0.0880126953, 0.04345703, 0.9316406, 0.34979248)
(-0.0880126953, 0.04345703, 0.9316406, 0.34979248)
(-0.08331299, 0.0538330078, 0.9317627, 0.349060059)
(-0.08331299, 0.0538330078, 0.9317627, 0.349060059)
(-0.0726318359, 0.07299805, 0.9310913, 0.349853516)
(-0.0726318359, 0.07299805, 0.9310913, 0.349853516)
(-0.0590209961, 0.100891113, 0.928039551, 0.35357666)
(-0.0446777344, 0.133789063, 0.9226074, 0.358825684)
(-0.0446777344, 0.133789063, 0.9226074, 0.358825684)
(-0.0303344727, 0.168273926, 0.914917, 0.365478516)
(-0.0303344727, 0.168273926, 0.914917, 0.365478516)
(-0.0188598633, 0.1963501, 0.9078369, 0.369934082)
(-0.0188598633, 0.1963501, 0.9078369, 0.369934082)
(-0.0119018555, 0.213256836, 0.9033203, 0.371948242)
(-0.009338379, 0.219909668, 0.9026489, 0.369750977)
(-0.009338379, 0.219909668, 0.9026489, 0.369750977)
(-0.00994873047, 0.219238281, 0.9042969, 0.366027832)
(-0.00994873047, 0.219238281, 0.9042969, 0.366027832)
(-0.00970459, 0.219848633, 0.9055786, 0.362426758)
(-0.00970459, 0.219848633, 0.9055786, 0.362426758)
(-0.00732421875, 0.223144531, 0.9059448, 0.3595581)
(-0.00732421875, 0.223144531, 0.9059448, 0.3595581)
(-0.003540039, 0.227294922, 0.905822754, 0.35736084)
(-0.000244140625, 0.23046875, 0.905639648, 0.355896)
(-0.000244140625, 0.23046875, 0.905639648, 0.355896)
(0.002380371, 0.233398438, 0.9055176, 0.354309082)
(0.002380371, 0.233398438, 0.9055176, 0.354309082)
(0.00372314453, 0.234680176, 0.9057617, 0.352661133)
(0.00372314453, 0.234680176, 0.9057617, 0.352661133)
(0.003967285, 0.23425293, 0.906188965, 0.351867676)
(0.003967285, 0.23425293, 0.906188965, 0.351867676)
(0.00445556641, 0.23425293, 0.906311035, 0.351623535)
(0.00445556641, 0.23425293, 0.906311035, 0.351623535)
(0.005432129, 0.2354126, 0.9060669, 0.351501465)
(0.005432129, 0.2354126, 0.9060669, 0.351501465)
(0.006286621, 0.235107422, 0.906005859, 0.3517456)
(0.00714111328, 0.234802246, 0.9059448, 0.352111816)
(0.00714111328, 0.234802246, 0.9059448, 0.352111816)
(0.008605957, 0.235839844, 0.9055786, 0.352355957)
(0.0100097656, 0.236877441, 0.905090332, 0.352905273)
(0.0100097656, 0.236877441, 0.905090332, 0.352905273)
(0.0111083984, 0.238037109, 0.904602051, 0.35333252)
(0.0111083984, 0.238037109, 0.904602051, 0.35333252)
(0.0119628906, 0.238647461, 0.90423584, 0.3538208)
(0.0119628906, 0.238647461, 0.90423584, 0.3538208)
(0.0126953125, 0.239257813, 0.903930664, 0.354125977)
(0.0126953125, 0.239257813, 0.903930664, 0.354125977)
(0.0134277344, 0.239501953, 0.903747559, 0.354370117)
(0.0134277344, 0.239501953, 0.903747559, 0.354370117)
(0.0143432617, 0.239318848, 0.903747559, 0.3544922)
(0.0158081055, 0.239562988, 0.9036255, 0.354553223)
(0.0158081055, 0.239562988, 0.9036255, 0.354553223)
(0.017578125, 0.238586426, 0.9036865, 0.3550415)
(0.017578125, 0.238586426, 0.9036865, 0.3550415)
(0.01953125, 0.23651123, 0.903930664, 0.3557129)
(0.01953125, 0.23651123, 0.903930664, 0.3557129)
(0.02154541, 0.234802246, 0.904052734, 0.356323242)
(0.02154541, 0.234802246, 0.904052734, 0.356323242)
(0.02368164, 0.23425293, 0.903930664, 0.3569336)
(0.0251464844, 0.234741211, 0.903564453, 0.357421875)
(0.0251464844, 0.234741211, 0.903564453, 0.357421875)
(0.0261230469, 0.234985352, 0.9033203, 0.357849121)
(0.0261230469, 0.234985352, 0.9033203, 0.357849121)
(0.0264282227, 0.234069824, 0.903381348, 0.358276367)
(0.0264282227, 0.234069824, 0.903381348, 0.358276367)
(0.0267944336, 0.233276367, 0.9034424, 0.3585205)
(0.02734375, 0.233215332, 0.9034424, 0.358581543)
(0.02734375, 0.233215332, 0.9034424, 0.358581543)
(0.0277709961, 0.233032227, 0.9035034, 0.3585205)
(0.0277709961, 0.233032227, 0.9035034, 0.3585205)
(0.0280151367, 0.232849121, 0.903564453, 0.358459473)
(0.0280151367, 0.232849121, 0.903564453, 0.358459473)
(0.0280151367, 0.232788086, 0.903564453, 0.358459473)
(0.0280151367, 0.232788086, 0.903564453, 0.358459473)
(0.0277099609, 0.232543945, 0.9036255, 0.3585205)
(0.02734375, 0.2331543, 0.9034424, 0.358581543)
(0.02734375, 0.2331543, 0.9034424, 0.358581543)
(0.0269775391, 0.233825684, 0.9032593, 0.358581543)
(0.0269775391, 0.233825684, 0.9032593, 0.358581543)
(0.0269775391, 0.233825684, 0.9032593, 0.358581543)
(0.0264282227, 0.233764648, 0.9033203, 0.3585205)
(0.0263061523, 0.233032227, 0.9035034, 0.358581543)
(0.0267333984, 0.232849121, 0.9034424, 0.358764648)
(0.0267333984, 0.232849121, 0.9034424, 0.358764648)
(0.02722168, 0.23236084, 0.903381348, 0.3591919)
(0.02722168, 0.23236084, 0.903381348, 0.3591919)
(0.0276489258, 0.231628418, 0.9034424, 0.35949707)
(0.0276489258, 0.231628418, 0.9034424, 0.35949707)
(0.0278320313, 0.231018066, 0.903564453, 0.3595581)
(0.0278320313, 0.231018066, 0.903564453, 0.3595581)
(0.0278320313, 0.231018066, 0.903564453, 0.3595581)
(0.0278320313, 0.231018066, 0.903564453, 0.3595581)
(0.028137207, 0.231323242, 0.903564453, 0.35949707)
(0.0284423828, 0.231506348, 0.903564453, 0.35925293)
(0.0284423828, 0.231506348, 0.903564453, 0.35925293)
(0.0284423828, 0.231506348, 0.903564453, 0.35925293)
(0.0284423828, 0.231506348, 0.903564453, 0.35925293)
(0.0284423828, 0.231506348, 0.903564453, 0.35925293)
(0.0284423828, 0.231506348, 0.903564453, 0.35925293)
(0.0284423828, 0.231567383, 0.903564453, 0.359313965)
(0.0284423828, 0.231567383, 0.903564453, 0.359313965)
(0.0281982422, 0.2312622, 0.903564453, 0.359436035)
(0.028137207, 0.231018066, 0.903564453, 0.3595581)
(0.028137207, 0.231018066, 0.903564453, 0.3595581)
(0.0282592773, 0.231140137, 0.903564453, 0.3595581)
(0.0282592773, 0.231140137, 0.903564453, 0.3595581)
(0.028503418, 0.231384277, 0.9035034, 0.3595581)
(0.028503418, 0.231384277, 0.9035034, 0.3595581)
(0.0286254883, 0.231384277, 0.9034424, 0.359619141)
(0.0286254883, 0.230834961, 0.903564453, 0.359680176)
(0.0286254883, 0.230834961, 0.903564453, 0.359680176)
(0.028503418, 0.230285645, 0.9036865, 0.3597412)
(0.028503418, 0.230285645, 0.9036865, 0.3597412)
(0.028503418, 0.230285645, 0.9036865, 0.3597412)
(0.0283813477, 0.23034668, 0.9036865, 0.3597412)
(0.0281982422, 0.23059082, 0.9036255, 0.3597412)
(0.0281982422, 0.23059082, 0.9036255, 0.3597412)
(0.0280761719, 0.230712891, 0.9036255, 0.359680176)
(0.0280761719, 0.230712891, 0.9036255, 0.359680176)
(0.0278320313, 0.230285645, 0.9036865, 0.3597412)
(0.0275268555, 0.229736328, 0.9038086, 0.359802246)
(0.0275268555, 0.229736328, 0.9038086, 0.359802246)
(0.02722168, 0.229309082, 0.903930664, 0.359924316)
(0.02722168, 0.229309082, 0.903930664, 0.359924316)
(0.0269165039, 0.229187012, 0.9038696, 0.360107422)
(0.0269165039, 0.229187012, 0.9038696, 0.360107422)
(0.0266723633, 0.229187012, 0.903747559, 0.3604126)
(0.0264282227, 0.229064941, 0.9036865, 0.360656738)
(0.0264282227, 0.229064941, 0.9036865, 0.360656738)
(0.0260009766, 0.22845459, 0.903747559, 0.3609619)
(0.0260009766, 0.22845459, 0.903747559, 0.3609619)
(0.0255126953, 0.227355957, 0.9038696, 0.361328125)
(0.0255126953, 0.227355957, 0.9038696, 0.361328125)
(0.0252685547, 0.22668457, 0.9038696, 0.361755371)
(0.0252685547, 0.22668457, 0.9038696, 0.361755371)
(0.02520752, 0.2265625, 0.903747559, 0.362243652)
(0.02520752, 0.2265625, 0.903747559, 0.362243652)
(0.02532959, 0.226318359, 0.9036865, 0.362548828)
(0.0252685547, 0.225585938, 0.9036865, 0.362854)
(0.0252685547, 0.225585938, 0.9036865, 0.362854)
(0.0251464844, 0.225036621, 0.9036865, 0.3632202)
(0.0251464844, 0.225036621, 0.9036865, 0.3632202)
(0.02508545, 0.22467041, 0.9036255, 0.363647461)
(0.02508545, 0.22467041, 0.9036255, 0.363647461)
(0.02508545, 0.22467041, 0.9036255, 0.363647461)
(0.0249023438, 0.224853516, 0.9035034, 0.3638916)
(0.0245361328, 0.225097656, 0.9033203, 0.3642578)
(0.0238647461, 0.225158691, 0.903198242, 0.364440918)
(0.0238647461, 0.225158691, 0.903198242, 0.364440918)
(0.0238647461, 0.225158691, 0.903198242, 0.364440918)
(0.0234375, 0.224365234, 0.903381348, 0.364563)
(0.02319336, 0.223510742, 0.9035034, 0.3647461)
(0.02319336, 0.223510742, 0.9035034, 0.3647461)
(0.0234375, 0.223815918, 0.903381348, 0.364868164)
(0.0237426758, 0.224731445, 0.9030762, 0.36505127)
(0.0237426758, 0.224731445, 0.9030762, 0.36505127)
(0.0237426758, 0.224853516, 0.9030762, 0.36505127)
(0.0237426758, 0.224853516, 0.9030762, 0.36505127)
(0.0234985352, 0.224365234, 0.9031372, 0.365234375)
(0.0234985352, 0.224365234, 0.9031372, 0.365234375)
(0.0233764648, 0.224182129, 0.9031372, 0.365356445)
(0.0233764648, 0.224182129, 0.9031372, 0.365356445)
(0.0234375, 0.224243164, 0.9031372, 0.3652954)
(0.02319336, 0.223999023, 0.903198242, 0.365356445)
(0.02319336, 0.223999023, 0.903198242, 0.365356445)
(0.0225219727, 0.222900391, 0.9034424, 0.36541748)
(0.0225219727, 0.222900391, 0.9034424, 0.36541748)
(0.02178955, 0.2220459, 0.9036255, 0.365539551)
(0.02178955, 0.2220459, 0.9036255, 0.365539551)
(0.02178955, 0.2220459, 0.9036255, 0.365539551)
(0.02142334, 0.222106934, 0.903381348, 0.366027832)
(0.02142334, 0.222106934, 0.903381348, 0.366027832)
(0.021484375, 0.22253418, 0.903198242, 0.366333)
(0.021484375, 0.22253418, 0.903198242, 0.366333)
(0.02142334, 0.222961426, 0.9029541, 0.366638184)
(0.02142334, 0.222961426, 0.9029541, 0.366638184)
(0.0212402344, 0.223327637, 0.902709961, 0.366943359)
(0.0212402344, 0.223327637, 0.902709961, 0.366943359)
(0.0209960938, 0.223693848, 0.902526855, 0.3671875)
(0.0209960938, 0.223693848, 0.902526855, 0.3671875)
(0.0207519531, 0.223693848, 0.9024048, 0.367492676)
(0.020690918, 0.223693848, 0.90234375, 0.367736816)
(0.020690918, 0.223693848, 0.90234375, 0.367736816)
(0.020690918, 0.223693848, 0.90234375, 0.367736816)
(0.0208740234, 0.223937988, 0.902160645, 0.367980957)
(0.0209960938, 0.224182129, 0.901977539, 0.368286133)
(0.0209960938, 0.224182129, 0.901977539, 0.368286133)
(0.0208740234, 0.223937988, 0.9019165, 0.368530273)
(0.0208740234, 0.223937988, 0.9019165, 0.368530273)
(0.0207519531, 0.223571777, 0.901977539, 0.368652344)
(0.0207519531, 0.223571777, 0.901977539, 0.368652344)
(0.0207519531, 0.223571777, 0.901977539, 0.368652344)
(0.0208740234, 0.223999023, 0.901977539, 0.368469238)
(0.0208740234, 0.223999023, 0.901977539, 0.368469238)
(0.0208740234, 0.223999023, 0.901977539, 0.368469238)
(0.0209350586, 0.224365234, 0.9019165, 0.3684082)
(0.0209350586, 0.224365234, 0.9019165, 0.3684082)
(0.0209350586, 0.2253418, 0.9017334, 0.3682251)
(0.0209350586, 0.2253418, 0.9017334, 0.3682251)
(0.0208129883, 0.2277832, 0.901123047, 0.368164063)
(0.0208129883, 0.2277832, 0.901123047, 0.368164063)
(0.020690918, 0.229553223, 0.9006958, 0.368164063)
(0.020690918, 0.229553223, 0.9006958, 0.368164063)
(0.0202026367, 0.229370117, 0.9008179, 0.367919922)
(0.0202026367, 0.229370117, 0.9008179, 0.367919922)
(0.0200195313, 0.228271484, 0.9011841, 0.367797852)
(0.0200195313, 0.228271484, 0.9011841, 0.367797852)
(0.020690918, 0.228149414, 0.9011841, 0.3678589)
(0.0219116211, 0.228515625, 0.901001, 0.367919922)
(0.0219116211, 0.228515625, 0.901001, 0.367919922)
(0.0232543945, 0.22857666, 0.900939941, 0.367980957)
(0.0232543945, 0.22857666, 0.900939941, 0.367980957)
(0.0244750977, 0.2286377, 0.900939941, 0.3678589)
(0.02545166, 0.228881836, 0.900939941, 0.367736816)
(0.02545166, 0.228881836, 0.900939941, 0.367736816)
(0.0259399414, 0.2286377, 0.901001, 0.367675781)
(0.0259399414, 0.2286377, 0.901001, 0.367675781)
(0.026184082, 0.227966309, 0.9011841, 0.3675537)
(0.026184082, 0.227966309, 0.9011841, 0.3675537)
(0.0264282227, 0.227844238, 0.901306152, 0.3673706)
(0.0264282227, 0.227844238, 0.901306152, 0.3673706)
(0.0266723633, 0.2288208, 0.901123047, 0.3671875)
(0.0266723633, 0.2288208, 0.901123047, 0.3671875)
(0.0266723633, 0.229553223, 0.901001, 0.3670044)
(0.0264892578, 0.229125977, 0.901123047, 0.3670044)
(0.0264892578, 0.229125977, 0.901123047, 0.3670044)
(0.0264282227, 0.22845459, 0.901306152, 0.366943359)
(0.0264282227, 0.22845459, 0.901306152, 0.366943359)
(0.0266723633, 0.2288208, 0.9012451, 0.3668213)
(0.0268554688, 0.229187012, 0.9011841, 0.3668213)
(0.0268554688, 0.229187012, 0.9011841, 0.3668213)
(0.02709961, 0.229919434, 0.901062, 0.366699219)
(0.02709961, 0.229919434, 0.901062, 0.366699219)
(0.0271606445, 0.230529785, 0.9008789, 0.366699219)
(0.0271606445, 0.230529785, 0.9008789, 0.366699219)
(0.0269165039, 0.230285645, 0.900939941, 0.366699219)
(0.0269165039, 0.230285645, 0.900939941, 0.366699219)
(0.0266113281, 0.229614258, 0.901123047, 0.366638184)
(0.0266113281, 0.229614258, 0.901123047, 0.366638184)
(0.0266723633, 0.229309082, 0.9012451, 0.3665161)
(0.0267944336, 0.229125977, 0.901306152, 0.366577148)
(0.0267944336, 0.229125977, 0.901306152, 0.366577148)
(0.0267944336, 0.229187012, 0.9012451, 0.366577148)
(0.0267944336, 0.229187012, 0.9012451, 0.366577148)
(0.0269165039, 0.229492188, 0.9011841, 0.366577148)
(0.0267333984, 0.229492188, 0.901123047, 0.366760254)
(0.0267333984, 0.229492188, 0.901123047, 0.366760254)
(0.0267333984, 0.229492188, 0.901123047, 0.366760254)
(0.0263671875, 0.229064941, 0.9011841, 0.366882324)
(0.0263671875, 0.229064941, 0.9011841, 0.366882324)
(0.0261230469, 0.22857666, 0.901306152, 0.366882324)
(0.0261230469, 0.22857666, 0.901306152, 0.366882324)
(0.0261230469, 0.22857666, 0.901306152, 0.366882324)
(0.0263671875, 0.228759766, 0.9012451, 0.366943359)
(0.0263671875, 0.228759766, 0.9012451, 0.366943359)
(0.0264282227, 0.22845459, 0.9012451, 0.367126465)
(0.026550293, 0.228088379, 0.9013672, 0.367126465)
(0.026550293, 0.228088379, 0.9013672, 0.367126465)
(0.026550293, 0.228088379, 0.9013672, 0.367126465)
(0.026550293, 0.228088379, 0.9013672, 0.367126465)
(0.026550293, 0.228088379, 0.9013672, 0.367126465)
(0.026550293, 0.228149414, 0.9013672, 0.366943359)
(0.0264892578, 0.227966309, 0.9015503, 0.366760254)
(0.0264892578, 0.227966309, 0.9015503, 0.366760254)
(0.0264282227, 0.2276001, 0.9017334, 0.3665161)
(0.0264282227, 0.2276001, 0.9017334, 0.3665161)
(0.0264282227, 0.227172852, 0.901855469, 0.366394043)
(0.0266723633, 0.226989746, 0.901977539, 0.366210938)
(0.0266723633, 0.226989746, 0.901977539, 0.366210938)
(0.0266723633, 0.226989746, 0.901977539, 0.366210938)
(0.0266723633, 0.226989746, 0.901977539, 0.366210938)
(0.0266723633, 0.226989746, 0.901977539, 0.366210938)
(0.0266723633, 0.226989746, 0.901977539, 0.366210938)
(0.0266723633, 0.227050781, 0.901977539, 0.366210938)
(0.0266723633, 0.227050781, 0.901977539, 0.366210938)
(0.0266723633, 0.227050781, 0.901977539, 0.366210938)
(0.0266723633, 0.227050781, 0.901977539, 0.366210938)
(0.0263671875, 0.226989746, 0.9019165, 0.366333)
(0.0263671875, 0.226989746, 0.9019165, 0.366333)
(0.0261230469, 0.226806641, 0.9019165, 0.366577148)
(0.0261230469, 0.226867676, 0.901794434, 0.3668213)
(0.0261230469, 0.226867676, 0.901794434, 0.3668213)
(0.026184082, 0.227355957, 0.9016113, 0.3670044)
(0.026184082, 0.227355957, 0.9016113, 0.3670044)
(0.0261230469, 0.2277832, 0.9014282, 0.367126465)
(0.0261230469, 0.2277832, 0.9014282, 0.367126465)
(0.0260620117, 0.227844238, 0.9014282, 0.367126465)
(0.0260620117, 0.227844238, 0.9014282, 0.367126465)
(0.0260620117, 0.227844238, 0.9014282, 0.367126465)
(0.0258178711, 0.227722168, 0.9014282, 0.367248535)
(0.0258178711, 0.227722168, 0.9014282, 0.367248535)
(0.0258178711, 0.228027344, 0.9013672, 0.367126465)
(0.0258178711, 0.228027344, 0.9013672, 0.367126465)
(0.0258178711, 0.22845459, 0.9012451, 0.367126465)
(0.0258178711, 0.22845459, 0.9012451, 0.367126465)
(0.0258178711, 0.228942871, 0.901123047, 0.367126465)
(0.0258178711, 0.228942871, 0.901123047, 0.367126465)
(0.0258178711, 0.228942871, 0.901123047, 0.367126465)
(0.0258178711, 0.228942871, 0.901123047, 0.367126465)
(0.0258178711, 0.228942871, 0.901123047, 0.367126465)
(0.0257568359, 0.2290039, 0.9011841, 0.366943359)
(0.0258789063, 0.229064941, 0.901306152, 0.366699219)
(0.0258789063, 0.229064941, 0.901306152, 0.366699219)
(0.0262451172, 0.229125977, 0.9013672, 0.366455078)
(0.0262451172, 0.229125977, 0.9013672, 0.366455078)
(0.0263061523, 0.229125977, 0.9013672, 0.366455078)
(0.0263061523, 0.229125977, 0.9013672, 0.366455078)
(0.0263671875, 0.2290039, 0.901306152, 0.366638184)
(0.0263671875, 0.2290039, 0.901306152, 0.366638184)
(0.0263671875, 0.228942871, 0.901306152, 0.366638184)
(0.0263671875, 0.228942871, 0.901306152, 0.366638184)
(0.0264282227, 0.228942871, 0.9014282, 0.366394043)
(0.0264892578, 0.229125977, 0.901489258, 0.366088867)
(0.0264892578, 0.229125977, 0.901489258, 0.366088867)
(0.0263061523, 0.229370117, 0.9015503, 0.3657837)
(0.0263061523, 0.229370117, 0.9015503, 0.3657837)
(0.0260620117, 0.2296753, 0.9016113, 0.36541748)
(0.0256958, 0.229553223, 0.9017334, 0.3652954)
(0.0256958, 0.229553223, 0.9017334, 0.3652954)
(0.025390625, 0.229492188, 0.901794434, 0.365234375)
(0.025390625, 0.229492188, 0.901794434, 0.365234375)
(0.02532959, 0.229553223, 0.9017334, 0.365234375)
(0.02532959, 0.229553223, 0.9017334, 0.365234375)
(0.02532959, 0.229492188, 0.901794434, 0.365234375)
(0.02532959, 0.229492188, 0.901794434, 0.365234375)
(0.02532959, 0.229492188, 0.901794434, 0.365234375)
(0.02532959, 0.229492188, 0.901794434, 0.365234375)
(0.0250244141, 0.229492188, 0.901794434, 0.3652954)
(0.0250244141, 0.229492188, 0.901794434, 0.3652954)
(0.0247192383, 0.229309082, 0.901855469, 0.365234375)
(0.0247192383, 0.229370117, 0.901855469, 0.365234375)
(0.0247192383, 0.229370117, 0.901855469, 0.365234375)
(0.0247802734, 0.229370117, 0.901855469, 0.365234375)
(0.0247802734, 0.229370117, 0.901855469, 0.365234375)
(0.0250244141, 0.229736328, 0.901855469, 0.3649292)
(0.0250244141, 0.229736328, 0.901855469, 0.3649292)
(0.0250244141, 0.229797363, 0.901855469, 0.3649292)
(0.0250244141, 0.229797363, 0.901855469, 0.3649292)
(0.0249633789, 0.229431152, 0.9019165, 0.3649292)
(0.0248413086, 0.229125977, 0.901977539, 0.3649292)
(0.0248413086, 0.229125977, 0.901977539, 0.3649292)
(0.0249633789, 0.229309082, 0.901977539, 0.3649292)
(0.0249633789, 0.229309082, 0.901977539, 0.3649292)
(0.0252685547, 0.2296753, 0.901855469, 0.364868164)
(0.0252685547, 0.229736328, 0.901855469, 0.364868164)
(0.0252685547, 0.229736328, 0.901855469, 0.364868164)
(0.0252685547, 0.229736328, 0.901855469, 0.364868164)
(0.0252685547, 0.229736328, 0.901855469, 0.364868164)
(0.02520752, 0.229553223, 0.901855469, 0.36505127)
(0.02520752, 0.229553223, 0.901855469, 0.36505127)
(0.0252685547, 0.229553223, 0.901855469, 0.36505127)
(0.0252685547, 0.229553223, 0.901855469, 0.36505127)
(0.02545166, 0.229797363, 0.901672363, 0.365234375)
(0.02545166, 0.229797363, 0.901672363, 0.365234375)
(0.0256958, 0.229980469, 0.9015503, 0.36541748)
(0.0258789063, 0.230224609, 0.9014282, 0.3656006)
(0.0258789063, 0.230224609, 0.9014282, 0.3656006)
(0.0260009766, 0.230224609, 0.9013672, 0.365722656)
(0.0260009766, 0.230224609, 0.9013672, 0.365722656)
(0.0261230469, 0.230163574, 0.901306152, 0.365905762)
(0.0261230469, 0.230163574, 0.901306152, 0.365905762)
(0.0263671875, 0.2300415, 0.9012451, 0.366210938)
(0.0263671875, 0.2300415, 0.9012451, 0.366210938)
(0.0266723633, 0.230102539, 0.901123047, 0.366394043)
(0.0270385742, 0.23034668, 0.901001, 0.3665161)
(0.0270385742, 0.23034668, 0.901001, 0.3665161)
(0.0271606445, 0.230407715, 0.9008789, 0.366699219)
(0.0271606445, 0.230407715, 0.9008789, 0.366699219)
(0.0271606445, 0.23034668, 0.9008789, 0.366699219)
(0.0271606445, 0.23034668, 0.9008789, 0.366699219)
(0.02722168, 0.230407715, 0.9008789, 0.366699219)
(0.02722168, 0.230407715, 0.9008789, 0.366699219)
(0.02734375, 0.230163574, 0.900939941, 0.366760254)
(0.02746582, 0.229919434, 0.901001, 0.366760254)
(0.02746582, 0.229919434, 0.901001, 0.366760254)
(0.0278320313, 0.230102539, 0.900939941, 0.366699219)
(0.0278320313, 0.230102539, 0.900939941, 0.366699219)
(0.028137207, 0.230285645, 0.9008789, 0.366699219)
(0.0283203125, 0.229980469, 0.900939941, 0.366760254)
(0.0283203125, 0.229980469, 0.900939941, 0.366760254)
(0.0283203125, 0.229980469, 0.900939941, 0.366760254)
(0.028503418, 0.229736328, 0.901001, 0.3668213)
(0.0288085938, 0.229553223, 0.901001, 0.366882324)
(0.0288085938, 0.229553223, 0.901001, 0.366882324)
(0.0291748047, 0.229797363, 0.900939941, 0.3668213)
(0.0291748047, 0.229797363, 0.900939941, 0.3668213)
(0.0291748047, 0.2298584, 0.900939941, 0.3668213)
(0.0291748047, 0.2298584, 0.900939941, 0.3668213)
(0.02911377, 0.2296753, 0.901001, 0.366760254)
(0.0290527344, 0.229431152, 0.901062, 0.366760254)
(0.0290527344, 0.229431152, 0.901062, 0.366760254)
(0.0290527344, 0.229431152, 0.901062, 0.366760254)
(0.0290527344, 0.229431152, 0.901062, 0.366760254)
(0.0291748047, 0.2296753, 0.901062, 0.366699219)
(0.0291748047, 0.2296753, 0.901062, 0.366699219)
(0.0291748047, 0.2296753, 0.901062, 0.366638184)
(0.0291748047, 0.2296753, 0.901062, 0.366638184)
(0.02911377, 0.2296753, 0.901062, 0.366638184)
(0.02911377, 0.2296753, 0.901062, 0.366638184)
(0.0290527344, 0.229431152, 0.901123047, 0.366638184)
(0.0290527344, 0.229431152, 0.901123047, 0.366638184)
(0.0290527344, 0.229431152, 0.901123047, 0.366638184)
(0.0290527344, 0.229431152, 0.901123047, 0.366638184)
(0.0290527344, 0.229431152, 0.901123047, 0.366638184)
(0.0290527344, 0.229492188, 0.901123047, 0.366638184)
(0.0288696289, 0.229187012, 0.901123047, 0.366760254)
(0.0288696289, 0.229187012, 0.901123047, 0.366760254)
(0.0288696289, 0.229187012, 0.901123047, 0.366760254)
(0.0288696289, 0.229187012, 0.901123047, 0.366760254)
(0.0289306641, 0.229187012, 0.901123047, 0.366699219)
(0.0289306641, 0.229187012, 0.901123047, 0.366699219)
(0.0289306641, 0.229187012, 0.901123047, 0.366699219)
(0.0289306641, 0.229187012, 0.901123047, 0.366699219)
(0.0288696289, 0.228942871, 0.9011841, 0.366699219)
(0.0288696289, 0.228942871, 0.9011841, 0.366699219)
(0.0288696289, 0.22857666, 0.901306152, 0.366699219)
(0.0290527344, 0.22857666, 0.9013672, 0.3665161)
(0.0290527344, 0.22857666, 0.9013672, 0.3665161)
(0.0294189453, 0.2288208, 0.9013672, 0.366333)
(0.0294189453, 0.2288208, 0.9013672, 0.366333)
(0.0297241211, 0.228759766, 0.9014282, 0.366271973)
(0.0298461914, 0.22833252, 0.901489258, 0.366333)
(0.0298461914, 0.22833252, 0.901489258, 0.366333)
(0.0299682617, 0.2277832, 0.9016113, 0.366394043)
(0.0299682617, 0.2277832, 0.9016113, 0.366394043)
(0.0299682617, 0.2277832, 0.9016113, 0.366394043)
(0.0302124023, 0.2277832, 0.9016113, 0.366333)
(0.0303955078, 0.227844238, 0.9016113, 0.366271973)
(0.0303955078, 0.227844238, 0.9016113, 0.366271973)
(0.0306396484, 0.227905273, 0.9015503, 0.366333)
(0.0306396484, 0.227905273, 0.9015503, 0.366333)
