(0, 0, 0, 0)
(0.504442751, 0.4960923, -0.509846866, 0.489373326)
(0.5119274, 0.489276946, -0.516164839, 0.48178038)
(0.5026718, 0.492980957, -0.5123202, 0.491750866)
(0.5140179, 0.492576063, -0.5124383, 0.480168134)
(0.5044642, 0.4958337, -0.509019554, 0.490473181)
(0.505407453, 0.4845495, -0.5195205, 0.489768952)
(0.5016948, 0.4941574, -0.5099413, 0.494035065)
(0.492710084, 0.498798817, -0.505162239, 0.5032372)
(0.5028488, 0.495722175, -0.508473337, 0.4928058)
(0.5123189, 0.491322458, -0.5126128, 0.483073235)
(0.5028134, 0.4955835, -0.508360445, 0.4930977)
(0.4959537, 0.5036286, -0.5004852, 0.499902666)
(0.486388743, 0.5074683, -0.496827632, 0.5089836)
(0.4941838, 0.5015979, -0.5036653, 0.5005029)
(0.5052973, 0.500428438, -0.505263448, 0.488830179)
(0.516490042, 0.498615384, -0.506836832, 0.477218062)
(0.50463, 0.495713085, -0.5099157, 0.489492625)
(0.5121519, 0.488542825, -0.516643, 0.481774271)
(0.5032162, 0.493276149, -0.512149036, 0.4910759)
(0.5141695, 0.4922606, -0.512838662, 0.479901642)
(0.5063201, 0.497220159, -0.5075476, 0.4886792)
(0.496707469, 0.486679852, -0.5173001, 0.4988236)
(0.5090114, 0.4925838, -0.5117427, 0.486197442)
(0.5123307, 0.5045595, -0.4997332, 0.482911557)
(0.5028783, 0.49401322, -0.5098952, 0.4930225)
(0.504871964, 0.5060307, -0.497914135, 0.491038352)
(0.5031844, 0.493841678, -0.509887457, 0.49289003)
(0.4960821, 0.5006652, -0.5032698, 0.4999565)
(0.506967068, 0.498887, -0.5051312, 0.488813519)
(0.5164027, 0.494693935, -0.508899152, 0.479195029)
(0.504858255, 0.494080037, -0.5094986, 0.4913392)
(0.492468745, 0.4919594, -0.5117028, 0.5035978)
(0.5044317, 0.49500367, -0.5092848, 0.491069376)
(0.4924333, 0.493481874, -0.5108153, 0.503043532)
(0.5037782, 0.49250713, -0.511866868, 0.491565317)
(0.493370175, 0.482589215, -0.5211958, 0.502044141)
(0.503792048, 0.492140323, -0.5125415, 0.491215616)
(0.515414536, 0.4938982, -0.510934353, 0.478913724)
(0.503544152, 0.489048362, -0.5155763, 0.491381884)
(0.515444636, 0.4924557, -0.5122915, 0.478917241)
(0.503995061, 0.4919032, -0.512922347, 0.490847051)
(0.492850661, 0.49288395, -0.51194036, 0.5020765)
(0.504381, 0.493936867, -0.5114318, 0.489963025)
(0.5163527, 0.497217864, -0.508226931, 0.47734648)
(0.5045309, 0.493881, -0.5116096, 0.489679128)
(0.492332757, 0.4891594, -0.516183436, 0.5018827)
(0.50413394, 0.491349578, -0.5145371, 0.489567369)
(0.4924002, 0.49134177, -0.5145627, 0.5013487)
(0.504123867, 0.4941647, -0.512344241, 0.489043832)
(0.512405336, 0.505748034, -0.501351655, 0.479902357)
(0.506342769, 0.493893236, -0.513346136, 0.4859653)
(0.494556367, 0.49400112, -0.513774753, 0.497405529)
(0.5063794, 0.497242182, -0.511403859, 0.484557748)
(0.5174259, 0.496964216, -0.5117843, 0.4726244)
(0.5057497, 0.495502472, -0.513543367, 0.484734654)
(0.496423334, 0.5001168, -0.509336233, 0.493987352)
(0.5060134, 0.496552, -0.512929, 0.484035462)
(0.499810725, 0.5046988, -0.505137146, 0.490209043)
(0.504525363, 0.495634735, -0.5140353, 0.4853535)
(0.5163706, 0.5006825, -0.509048045, 0.472809285)
(0.5044287, 0.495866328, -0.51371026, 0.485561669)
(0.50624305, 0.5080129, -0.5016474, 0.483725756)
(0.5017319, 0.495596021, -0.5136402, 0.488695562)
(0.499328643, 0.506138, -0.5031785, 0.491229773)
(0.506118655, 0.4986332, -0.510327041, 0.484536022)
(0.495798767, 0.5011011, -0.5077475, 0.4952513)
(0.501182556, 0.492418975, -0.516335249, 0.4896299)
(0.5005625, 0.5038429, -0.505331635, 0.490121871)
(0.5020194, 0.492728144, -0.516285539, 0.4885128)
(0.504997253, 0.505027056, -0.5045067, 0.485178679)
(0.508208454, 0.494618267, -0.5145888, 0.481949359)
(0.4984286, 0.498196125, -0.5111055, 0.492077857)
(0.486791223, 0.48998785, -0.5191187, 0.5034501)
(0.498195022, 0.497952044, -0.511965156, 0.491667718)
(0.509453952, 0.497933716, -0.512069464, 0.479899436)
(0.497551143, 0.495148838, -0.5147582, 0.492234051)
(0.5088406, 0.4946822, -0.515218735, 0.480541766)
(0.497387171, 0.494523078, -0.515398, 0.4923595)
(0.5076721, 0.492621154, -0.5174969, 0.481446266)
(0.497575343, 0.49583438, -0.514556348, 0.491730362)
(0.5084089, 0.494637638, -0.5159571, 0.480252445)
(0.497842371, 0.496899933, -0.513948739, 0.491019428)
(0.5096328, 0.498661637, -0.5123875, 0.478612542)
(0.499665648, 0.488991529, -0.521793067, 0.4888286)
(0.503364, 0.501603365, -0.5097156, 0.484983325)
(0.502255857, 0.489647716, -0.5213105, 0.486024231)
(0.506862938, 0.502206862, -0.5093133, 0.481121778)
(0.49746567, 0.4919503, -0.5192407, 0.490817577)
(0.503051937, 0.5044421, -0.5071171, 0.48508662)
(0.499692559, 0.492337257, -0.518785954, 0.488643467)
(0.503407, 0.5048816, -0.506356239, 0.485055834)
(0.49746266, 0.4928733, -0.5178031, 0.491413027)
(0.50845474, 0.501758933, -0.5090228, 0.4802161)
(0.499381661, 0.4911498, -0.519120932, 0.489799351)
(0.5071126, 0.5029386, -0.5075548, 0.481951743)
(0.4960403, 0.494740665, -0.5154633, 0.493430167)
(0.508016646, 0.500955641, -0.509408653, 0.481108427)
(0.5096668, 0.489968, -0.5198038, 0.4795571)
(0.5040591, 0.498538643, -0.511678755, 0.485354036)
(0.499633342, 0.5081497, -0.5023328, 0.489706069)
(0.5061146, 0.5003439, -0.50975126, 0.48338142)
(0.4949305, 0.5012561, -0.50879097, 0.494891644)
(0.505233, 0.498649865, -0.511185348, 0.484538466)
(0.493270457, 0.496706069, -0.5128052, 0.496989131)
(0.5052036, 0.499795169, -0.509931266, 0.484710366)
(0.49281165, 0.496906936, -0.5129888, 0.497054)
(0.5047157, 0.4992763, -0.5109455, 0.484685481)
(0.492483437, 0.4930129, -0.517199, 0.496893823)
(0.5039518, 0.5004435, -0.5103685, 0.4848845)
(0.4955592, 0.5066187, -0.5047673, 0.492918342)
(0.504324734, 0.501975834, -0.509625137, 0.483693123)
(0.495515764, 0.507659, -0.5044779, 0.492187351)
(0.5043396, 0.5029269, -0.5093058, 0.4830258)
(0.493008554, 0.494568825, -0.517557442, 0.4944477)
(0.5043159, 0.5020621, -0.510748863, 0.482426018)
(0.508272946, 0.492764235, -0.519915044, 0.4780484)
(0.5004559, 0.499244571, -0.5140893, 0.485809535)
(0.495127141, 0.5083223, -0.5056451, 0.490694046)
(0.501039, 0.500290751, -0.5138583, 0.484374374)
(0.489975482, 0.4911856, -0.5227826, 0.4953374)
(0.5002571, 0.5007341, -0.5138952, 0.484685361)
(0.490312159, 0.490352154, -0.5241024, 0.494434446)
(0.498967469, 0.501377344, -0.513912141, 0.4853313)
(0.486502528, 0.498744935, -0.516750932, 0.497531116)
(0.4981307, 0.5000333, -0.516159356, 0.485192746)
(0.5077077, 0.509914041, -0.506807745, 0.4747279)
(0.497365147, 0.500000238, -0.5169026, 0.485221028)
(0.487350643, 0.5034377, -0.513774633, 0.495050877)
(0.4980615, 0.5017948, -0.5158695, 0.4837512)
(0.4922009, 0.510363758, -0.5077522, 0.48934114)
(0.4978451, 0.5021057, -0.5160295, 0.483480781)
(0.507282436, 0.498123467, -0.5198578, 0.47358796)
(0.497297049, 0.50132364, -0.516959, 0.483863384)
(0.486859739, 0.504051447, -0.514347434, 0.4943142)
(0.496693224, 0.5005713, -0.5179785, 0.484171957)
(0.507621765, 0.499138832, -0.5192682, 0.472801238)
(0.4970088, 0.500905633, -0.5175547, 0.4839555)
(0.506618738, 0.5110783, -0.5074493, 0.473953217)
(0.4967693, 0.5010042, -0.5173119, 0.484359026)
(0.488229126, 0.5062984, -0.5119338, 0.493171334)
(0.497147024, 0.5013435, -0.5167388, 0.484231979)
(0.5087855, 0.502097964, -0.515698552, 0.472324)
(0.497205824, 0.501266658, -0.5163229, 0.484694541)
(0.485484451, 0.5009623, -0.5162057, 0.4968634)
(0.497137129, 0.501726866, -0.5155345, 0.485127717)
(0.487571836, 0.5060249, -0.511257768, 0.494800925)
(0.496392071, 0.501104534, -0.5163032, 0.4857163)
(0.493618, 0.488614351, -0.528309643, 0.48835057)
(0.495770842, 0.5008381, -0.5166507, 0.486255735)
(0.5065976, 0.49964118, -0.5177639, 0.475013882)
(0.4958561, 0.501570642, -0.515911937, 0.486198038)
(0.5056091, 0.498237, -0.518982768, 0.476210117)
(0.495220363, 0.500496745, -0.516564131, 0.4872588)
(0.483095944, 0.493805259, -0.5226703, 0.499590278)
(0.4953093, 0.499227, -0.5176592, 0.487309068)
(0.500263035, 0.511434436, -0.505479038, 0.4823512)
(0.4942329, 0.4993355, -0.5171452, 0.4888342)
(0.5047406, 0.5086266, -0.5076349, 0.478375077)
(0.4939969, 0.499698132, -0.5160953, 0.489810616)
(0.5038304, 0.496707052, -0.518893957, 0.479777247)
(0.4951605, 0.5021298, -0.51346606, 0.488911331)
(0.495210379, 0.490620524, -0.5244932, 0.48884052)
(0.498031676, 0.5030029, -0.512602746, 0.485994756)
(0.501718, 0.493244648, -0.522146463, 0.482028961)
(0.497288972, 0.50261116, -0.513209462, 0.4865201)
(0.4920114, 0.5114189, -0.5046133, 0.491671562)
(0.497621775, 0.5031599, -0.512888849, 0.485950351)
(0.499487519, 0.492345482, -0.52328223, 0.484028727)
(0.4945506, 0.5013953, -0.514472544, 0.4892244)
(0.5057932, 0.50096947, -0.514910758, 0.47756663)
(0.49511683, 0.502915859, -0.5131371, 0.488492817)
(0.491245031, 0.490752667, -0.524983, 0.4921717)
(0.493762374, 0.5030692, -0.5130462, 0.489799678)
(0.48945725, 0.490932673, -0.524897337, 0.493861735)
(0.494729549, 0.5033912, -0.512921035, 0.488622665)
(0.490338057, 0.4911462, -0.524938166, 0.4927312)
(0.493726641, 0.503581941, -0.513074458, 0.489279032)
(0.4974522, 0.494061053, -0.522669, 0.4850383)
(0.497241855, 0.505704463, -0.5114678, 0.485194981)
(0.4932137, 0.493328124, -0.5235815, 0.489111483)
(0.4919924, 0.50453, -0.5127166, 0.490422726)
(0.498655558, 0.497128367, -0.520098865, 0.483428657)
(0.491464674, 0.5040611, -0.5132782, 0.4908467)
(0.49665913, 0.4953499, -0.521872342, 0.485394)
(0.4908485, 0.5035968, -0.51378, 0.491414458)
(0.501055062, 0.5007954, -0.5165767, 0.480932862)
(0.490092784, 0.502110064, -0.5152505, 0.492149919)
(0.50095576, 0.5007331, -0.5167319, 0.480934471)
(0.489112467, 0.493676782, -0.52343744, 0.493016779)
(0.498775244, 0.5040744, -0.513362467, 0.483312756)
(0.4865086, 0.499461651, -0.5178548, 0.495654881)
(0.498716772, 0.50176686, -0.5157005, 0.4832852)
(0.48729834, 0.501900554, -0.515448034, 0.49492377)
(0.498116642, 0.5003496, -0.517093956, 0.483884335)
(0.4868791, 0.5009982, -0.516312242, 0.4953495)
(0.4987239, 0.502254963, -0.515309632, 0.483187616)
(0.487098336, 0.501945, -0.5154006, 0.4951249)
(0.4975226, 0.499497265, -0.5178161, 0.4846031)
(0.488917619, 0.504853845, -0.5124734, 0.493409783)
(0.498199522, 0.5005066, -0.5167993, 0.483951479)
(0.487176031, 0.5017166, -0.515482366, 0.4951947)
(0.497814417, 0.499912947, -0.5175175, 0.4841935)
(0.4883148, 0.5042569, -0.5133425, 0.493713617)
(0.496614724, 0.4988664, -0.5188734, 0.4850532)
(0.487443447, 0.5035716, -0.5143954, 0.4941779)
(0.49649176, 0.499293774, -0.519024968, 0.484577)
(0.492282063, 0.5090771, -0.509698, 0.488576353)
(0.493137, 0.498018771, -0.5208067, 0.4873946)
(0.502634943, 0.50847894, -0.510952532, 0.477215618)
(0.492193133, 0.4991148, -0.5203589, 0.4877059)
(0.4923375, 0.5108138, -0.5090261, 0.48740685)
(0.493560642, 0.499811977, -0.5200062, 0.485983)
(0.499902248, 0.511863232, -0.508304536, 0.47929132)
(0.492560357, 0.5002152, -0.519955754, 0.486636519)
(0.5004776, 0.511706233, -0.5088835, 0.4782432)
(0.4916993, 0.5007776, -0.519902468, 0.486985683)
(0.5020247, 0.5103827, -0.510743141, 0.4760485)
(0.491111964, 0.501863, -0.5193944, 0.487003177)
(0.502776742, 0.5091036, -0.512448847, 0.474789858)
(0.491159052, 0.501985669, -0.5195647, 0.486647367)
(0.499861181, 0.513067245, -0.5086985, 0.477626145)
(0.4933892, 0.5011612, -0.520391345, 0.4843524)
(0.504955947, 0.5016263, -0.520003855, 0.4722145)
(0.493293017, 0.5007275, -0.5210246, 0.48421824)
(0.4851951, 0.506663144, -0.5151815, 0.4924086)
(0.493837774, 0.5016106, -0.5203592, 0.483463824)
(0.487275928, 0.5094386, -0.512693, 0.4900819)
(0.494138181, 0.5024339, -0.5197282, 0.4829807)
(0.482051879, 0.5004011, -0.521565437, 0.495170951)
(0.494408339, 0.5040805, -0.5181842, 0.48264733)
(0.4823081, 0.5020396, -0.520069838, 0.494835943)
(0.494373858, 0.5046553, -0.517764568, 0.482532233)
(0.488579541, 0.492495567, -0.529495537, 0.488234282)
(0.494018584, 0.50479573, -0.5177019, 0.482816577)
(0.481800556, 0.499410748, -0.522825658, 0.4950863)
(0.494104922, 0.503616, -0.51900965, 0.4825561)
(0.487619817, 0.511368036, -0.5114009, 0.489079475)
(0.4957811, 0.505571842, -0.5171352, 0.4808007)
(0.489639223, 0.5137308, -0.509011745, 0.487074)
(0.491821021, 0.5031238, -0.5193874, 0.484989971)
(0.503098667, 0.511345863, -0.51111877, 0.473471075)
(0.4915307, 0.5043423, -0.517980337, 0.4855231)
(0.482361168, 0.5088801, -0.513343453, 0.4948204)
(0.491817623, 0.5049185, -0.5175429, 0.48510012)
(0.5025288, 0.5140805, -0.508612752, 0.473813385)
(0.49261722, 0.5043682, -0.5183741, 0.4839725)
(0.503605247, 0.5132598, -0.509461641, 0.4726467)
(0.492323667, 0.505639553, -0.5169789, 0.484436661)
(0.493897736, 0.5177204, -0.504879057, 0.482833147)
(0.493877918, 0.506113, -0.5162801, 0.483103484)
(0.5024263, 0.5006753, -0.5213882, 0.474390417)
(0.494760036, 0.5068918, -0.515250266, 0.4824834)
(0.484876841, 0.510289252, -0.5118194, 0.492483824)
(0.4955298, 0.5080112, -0.5141382, 0.4817018)
(0.490766853, 0.517239869, -0.50501895, 0.4863812)
(0.4939349, 0.507095039, -0.514981, 0.483402)
(0.484585524, 0.496420741, -0.525278449, 0.492773563)
(0.494454652, 0.506828666, -0.5153363, 0.48277095)
(0.48336494, 0.498085141, -0.523859441, 0.493802428)
(0.4945521, 0.506756663, -0.515655041, 0.482406169)
(0.5066475, 0.5097497, -0.5124949, 0.469907)
(0.4946747, 0.5070932, -0.515305, 0.4823009)
(0.484297931, 0.497381032, -0.524676442, 0.4927293)
(0.4947138, 0.507202148, -0.5151977, 0.482260972)
(0.497441649, 0.496837854, -0.5252452, 0.47939682)
(0.495563358, 0.50765276, -0.514782, 0.481357634)
