(0, 0, 0, 0)
(0.08298413, 0.7328852, -0.670784056, 0.07772869)
(0.08683153, 0.7229194, -0.681842864, 0.0702714548)
(0.08985547, 0.7112691, -0.694102764, 0.06514407)
(0.09036151, 0.6982524, -0.707330048, 0.0629494563)
(0.08135079, 0.686871052, -0.718819, 0.06992295)
(0.07033755, 0.690111, -0.716057658, 0.0778519362)
(0.075207524, 0.6790472, -0.7270046, 0.06857867)
(0.08955301, 0.6797105, -0.726309955, 0.0494741648)
(0.104735017, 0.6765759, -0.7282301, 0.030929843)
(0.118580878, 0.6792248, -0.724144638, 0.0143813733)
(0.131677568, 0.671476245, -0.7292328, 0.000445586484)
(0.121249966, 0.676855445, -0.7259713, 0.01143487)
(0.1085822, 0.680642247, -0.7240795, 0.0253932215)
(0.104098059, 0.690781057, -0.7148926, 0.0302274227)
(0.117926024, 0.6852026, -0.718500733, 0.0186425988)
(0.106398381, 0.687411845, -0.7176729, 0.0330157951)
(0.0947290659, 0.6912922, -0.71482724, 0.046512913)
(0.08381929, 0.698492348, -0.708303332, 0.0582161844)
(0.09192216, 0.692463458, -0.713757336, 0.05094309)
(0.07871684, 0.698254645, -0.70850116, 0.06534716)
(0.09051656, 0.6947644, -0.7114677, 0.0540635549)
(0.1045424, 0.6948988, -0.7103095, 0.0405825637)
(0.09121552, 0.6942617, -0.711772859, 0.05531492)
(0.104232512, 0.6890518, -0.7159104, 0.04260987)
(0.09283564, 0.693389833, -0.71247524, 0.054506734)
(0.083070524, 0.7001407, -0.7063093, 0.0634777)
(0.09643507, 0.698491931, -0.707384, 0.04916556)
(0.10947305, 0.6958487, -0.7088822, 0.03600481)
(0.09913505, 0.689300835, -0.71605, 0.0480510443)
(0.110744126, 0.6949741, -0.7095149, 0.03653949)
(0.09936745, 0.6893548, -0.7158385, 0.0499122478)
(0.08608231, 0.6923157, -0.7135735, 0.0640452057)
(0.09957922, 0.6939913, -0.7112768, 0.0504524037)
(0.08606325, 0.6917744, -0.7140061, 0.0650873557)
(0.09982488, 0.693305552, -0.711865544, 0.0510860831)
(0.0861860961, 0.6914029, -0.7143063, 0.0655776262)
(0.09517543, 0.6995218, -0.705994844, 0.05641106)
(0.0898533538, 0.690103054, -0.71537286, 0.0626560152)
(0.0984174, 0.6983526, -0.7069128, 0.0537764728)
(0.0903992653, 0.68996346, -0.715429544, 0.06275954)
(0.09923465, 0.6979217, -0.7072591, 0.053312853)
(0.09105799, 0.6895628, -0.71578753, 0.06212764)
(0.0968003049, 0.6990962, -0.706262648, 0.05556272)
(0.090795584, 0.690210342, -0.7152264, 0.0617819428)
(0.100335531, 0.683493853, -0.7211968, 0.0514205657)
(0.09314175, 0.692501545, -0.7130202, 0.0580383576)
(0.08955284, 0.7024906, -0.7034264, 0.06065165)
(0.100192681, 0.696162462, -0.709109, 0.04983558)
(0.0919455141, 0.688001037, -0.7174742, 0.05857755)
(0.08869114, 0.697812736, -0.708162069, 0.06080988)
(0.09831633, 0.6903851, -0.714953959, 0.05043091)
(0.101197042, 0.7002865, -0.705133, 0.04631952)
(0.09675605, 0.690699339, -0.714800954, 0.05130588)
(0.09623464, 0.7009065, -0.7048718, 0.0512316078)
(0.0929281339, 0.690956533, -0.714760065, 0.0553303622)
(0.09160773, 0.700787544, -0.70523417, 0.05612269)
(0.0938118, 0.6903804, -0.7152891, 0.0541831367)
(0.09097274, 0.6999901, -0.706105232, 0.0561522469)
(0.09770284, 0.69115454, -0.7143675, 0.04938257)
(0.08413079, 0.689948738, -0.716133237, 0.06360802)
(0.0976303, 0.6873692, -0.718005061, 0.04960361)
(0.08514139, 0.6910846, -0.7150321, 0.062305674)
(0.09862749, 0.6886861, -0.7167092, 0.0480839238)
(0.08981289, 0.6963714, -0.7098013, 0.0564139672)
(0.101142123, 0.6909973, -0.7143457, 0.0447568931)
(0.08719315, 0.6889809, -0.717072546, 0.0592422672)
(0.100622408, 0.688641846, -0.71667093, 0.04505773)
(0.0884191841, 0.693501949, -0.7126879, 0.0575590581)
(0.102146976, 0.6926464, -0.7126765, 0.0435786322)
(0.08812206, 0.6917421, -0.7143762, 0.0582593)
(0.101474725, 0.6908204, -0.714497864, 0.0443017371)
(0.08740456, 0.689650238, -0.7164211, 0.05902381)
(0.1000878, 0.6861367, -0.719090462, 0.0459108762)
(0.08722304, 0.689175248, -0.716869354, 0.05939528)
(0.09444002, 0.6978497, -0.7081106, 0.0516361967)
(0.087989755, 0.6885363, -0.7174295, 0.05891197)
(0.09503589, 0.697307, -0.7085887, 0.0513150655)
(0.09168073, 0.6873933, -0.7183651, 0.05510574)
(0.09716238, 0.6968313, -0.7089677, 0.0484804921)
(0.0896540359, 0.688168347, -0.717794538, 0.05619061)
(0.09957175, 0.6951261, -0.710561454, 0.0445828848)
(0.09157754, 0.686378, -0.7195329, 0.0526421)
(0.101449646, 0.6930168, -0.71256125, 0.0411339924)
(0.09073288, 0.6862668, -0.7197698, 0.0523160137)
(0.09862996, 0.6946673, -0.711221635, 0.04328098)
(0.08849183, 0.687568367, -0.7186682, 0.0541750528)
(0.09859186, 0.6944117, -0.7114923, 0.0430221148)
(0.08854153, 0.687169552, -0.719086766, 0.05359603)
(0.09879493, 0.6937563, -0.7121597, 0.0420750976)
(0.08791754, 0.687103331, -0.719232, 0.0535249449)
(0.09912011, 0.6927677, -0.7131207, 0.04131414)
(0.0884277, 0.6860581, -0.7202139, 0.05288544)
(0.101494513, 0.689221442, -0.716345, 0.0390203446)
(0.08792279, 0.6882256, -0.718147635, 0.05365585)
(0.09844489, 0.6950557, -0.7109075, 0.04262185)
(0.08458434, 0.6938318, -0.712860763, 0.05720504)
(0.09686976, 0.698705852, -0.7074238, 0.0444730148)
(0.084375836, 0.6941804, -0.712511241, 0.0576360226)
(0.09418363, 0.701285541, -0.7050633, 0.0470494926)
(0.0866844356, 0.692495167, -0.714114, 0.0545657575)
(0.100029774, 0.6943732, -0.7115223, 0.03969737)
(0.0899134949, 0.687287867, -0.719071, 0.0498780236)
(0.0898055, 0.676979959, -0.728808343, 0.0497137234)
(0.08881809, 0.6872684, -0.719256, 0.0494407639)
(0.09481486, 0.6781145, -0.727540553, 0.04307622)
(0.08932133, 0.68753463, -0.7190255, 0.04816864)
(0.07994664, 0.694997, -0.7122284, 0.05760474)
(0.08715461, 0.686428845, -0.720183969, 0.0505435467)
(0.0751490444, 0.691303134, -0.7158904, 0.06287779)
(0.08781625, 0.6877421, -0.7189142, 0.0496129058)
(0.076037474, 0.6929228, -0.7143421, 0.06157634)
(0.0883057341, 0.688427746, -0.71825546, 0.0487673245)
(0.101003394, 0.6919628, -0.7139767, 0.03497389)
(0.08785719, 0.6881167, -0.7186152, 0.0486692749)
(0.08926628, 0.698103, -0.70890224, 0.0462747663)
(0.0927552, 0.6881569, -0.7183196, 0.0430522151)
(0.07892542, 0.688655436, -0.718472362, 0.0576351024)
(0.0925103649, 0.687107146, -0.71932435, 0.0435671136)
(0.07895674, 0.68848294, -0.718625665, 0.05774128)
(0.0909070149, 0.6934524, -0.7133271, 0.044990778)
(0.08040495, 0.686338365, -0.720646262, 0.0560681373)
(0.09164502, 0.6921384, -0.7145739, 0.0439293869)
(0.081079036, 0.685171843, -0.7217367, 0.05533358)
(0.0899756551, 0.6929406, -0.7138994, 0.0456650928)
(0.08020428, 0.6853109, -0.721636832, 0.05618324)
(0.0918008238, 0.6906078, -0.7160509, 0.0436416157)
(0.0803401247, 0.6842249, -0.7226861, 0.0557358861)
(0.09028594, 0.690956056, -0.7158502, 0.04457344)
(0.0810429156, 0.682886243, -0.723977745, 0.0543568134)
(0.0873755738, 0.692034662, -0.7150084, 0.04708011)
(0.07383528, 0.689158738, -0.718246758, 0.06107501)
(0.0872534439, 0.6911282, -0.715913653, 0.0468648858)
(0.07951168, 0.6825617, -0.724395037, 0.0551297739)
(0.09023849, 0.689031661, -0.7177946, 0.04316627)
(0.0809863359, 0.681206346, -0.7256655, 0.05299672)
(0.08734689, 0.690329969, -0.7167608, 0.0454870351)
(0.0829549953, 0.680419, -0.7263721, 0.0503192358)
(0.08577647, 0.69049716, -0.716703, 0.0468276553)
(0.08046354, 0.680946946, -0.725974262, 0.0528989621)
(0.0877925456, 0.689755559, -0.71729815, 0.0448654965)
(0.07783518, 0.682728, -0.7243731, 0.0557476953)
(0.0890429541, 0.6890674, -0.7178698, 0.0438237265)
(0.0758020654, 0.688024759, -0.7193766, 0.05807881)
(0.0899874941, 0.6867514, -0.7199935, 0.04340797)
(0.07664539, 0.68788594, -0.7194882, 0.0572273731)
(0.09010358, 0.686413, -0.720333755, 0.042868793)
(0.07627605, 0.6850948, -0.7221833, 0.0572562441)
(0.08990421, 0.6847389, -0.7219585, 0.0427298434)
(0.07895933, 0.6908351, -0.716666758, 0.0538593866)
(0.08691231, 0.6824796, -0.724266768, 0.0458843857)
(0.08015503, 0.691338837, -0.716139853, 0.0526274741)
(0.08628889, 0.6822315, -0.7245295, 0.0465985723)
(0.07677723, 0.6894248, -0.7180632, 0.0564270243)
(0.0879320055, 0.6836898, -0.7230619, 0.0449173078)
(0.08010586, 0.692192256, -0.715309, 0.05278292)
(0.0881938, 0.6841315, -0.722615242, 0.04486714)
(0.07802214, 0.6910289, -0.716465652, 0.0553956181)
(0.08693934, 0.6833504, -0.7234157, 0.04629714)
(0.07967774, 0.6918446, -0.7156377, 0.053526625)
(0.08855919, 0.6838817, -0.7228273, 0.04454157)
(0.07512117, 0.6852431, -0.7220422, 0.0587674975)
(0.08787287, 0.6816028, -0.725010037, 0.0453477427)
(0.07945594, 0.6894577, -0.717936158, 0.0538736247)
(0.08798885, 0.6812632, -0.7253196, 0.04527544)
(0.07826401, 0.68820703, -0.719145358, 0.0554587469)
(0.08764563, 0.680826545, -0.725725949, 0.045992665)
(0.08131768, 0.68993336, -0.717375934, 0.0524512231)
(0.0907792, 0.6825642, -0.7238859, 0.04306528)
(0.0783958659, 0.6864933, -0.7207207, 0.056060303)
(0.0921348259, 0.6849249, -0.7215615, 0.0416901819)
(0.07877102, 0.68330425, -0.7236979, 0.0561408624)
(0.09095104, 0.688327134, -0.7183734, 0.0432834737)
(0.081672594, 0.6808321, -0.725882053, 0.0537820123)
(0.0917581841, 0.6881979, -0.718413, 0.0429739133)
(0.07839315, 0.6867236, -0.7203973, 0.0573834777)
(0.09206038, 0.6889173, -0.7176789, 0.043068815)
(0.0789605156, 0.6860241, -0.721029341, 0.0570341572)
(0.0929831862, 0.6865181, -0.719896853, 0.04237405)
(0.08104092, 0.6819036, -0.724818468, 0.0554801673)
(0.09430929, 0.685096562, -0.721146762, 0.0411812477)
(0.08074767, 0.6855959, -0.721369565, 0.0553531572)
(0.09434971, 0.6874081, -0.7189572, 0.0408515036)
(0.08258614, 0.682214558, -0.724492, 0.05361167)
(0.09018132, 0.69100374, -0.715786934, 0.04505987)
(0.0848244652, 0.6815421, -0.7250438, 0.0511527322)
(0.09312988, 0.6898133, -0.71675545, 0.0417852774)
(0.083688654, 0.6823244, -0.724378, 0.0520197824)
(0.0914182961, 0.69094336, -0.7158007, 0.0432344228)
(0.08169399, 0.6835835, -0.7233064, 0.05355006)
(0.09451349, 0.6872206, -0.719193339, 0.0394455381)
(0.08283078, 0.6817063, -0.7250641, 0.05193728)
(0.0919560641, 0.689412355, -0.7173055, 0.04156238)
(0.08112067, 0.6828062, -0.7241555, 0.052857887)
(0.09382914, 0.6863331, -0.72015965, 0.03889635)
(0.08085228, 0.6826363, -0.724348962, 0.05281244)
(0.08646062, 0.691831768, -0.7153571, 0.0464487)
(0.0874980241, 0.681271732, -0.725338161, 0.04579855)
(0.08639607, 0.691342354, -0.7158442, 0.0463510677)
(0.08465444, 0.6811987, -0.725567937, 0.0485095419)
(0.09686859, 0.686130047, -0.720151663, 0.03498093)
(0.0850168541, 0.6812393, -0.7255253, 0.04793982)
(0.08316251, 0.6915825, -0.7157908, 0.0494073257)
(0.08303506, 0.681494, -0.725398242, 0.04968587)
(0.08772078, 0.6913432, -0.7158334, 0.0439564325)
(0.08733535, 0.6813547, -0.7253439, 0.0447724126)
(0.0890610144, 0.692015231, -0.715136945, 0.0419783369)
(0.091218546, 0.6822369, -0.724316537, 0.03996908)
(0.08563713, 0.691885, -0.71549505, 0.04503477)
(0.08710819, 0.6816176, -0.725192845, 0.0436441042)
(0.0905853659, 0.6914917, -0.7156235, 0.03894121)
(0.0890134, 0.6813942, -0.7253153, 0.04118679)
(0.0854141042, 0.6915469, -0.7158915, 0.0443461053)
(0.08899064, 0.681963444, -0.724785149, 0.0411455221)
(0.08428243, 0.691855252, -0.715637267, 0.0457838923)
(0.08401794, 0.6817544, -0.725243747, 0.0466211)
(0.08586718, 0.692085147, -0.715337932, 0.04400792)
(0.08572274, 0.6819487, -0.725003, 0.0443638)
(0.08625254, 0.6922585, -0.7152034, 0.04269353)
(0.08324825, 0.6822783, -0.7248864, 0.0458880626)
(0.08756515, 0.692106247, -0.7153261, 0.04037161)
(0.0811002553, 0.6831697, -0.7241979, 0.0473217256)
(0.085612826, 0.69307524, -0.714542031, 0.041794274)
(0.08105446, 0.683665037, -0.723768234, 0.04681867)
(0.08546706, 0.6936958, -0.713980436, 0.0413946062)
(0.08465232, 0.6836075, -0.7236885, 0.04230467)
(0.0897141844, 0.6930449, -0.714399636, 0.0356847122)
(0.08376479, 0.683460832, -0.7239562, 0.0418579839)
(0.08564269, 0.693447649, -0.7143529, 0.03867362)
(0.0824446455, 0.6833569, -0.724188, 0.0421658047)
(0.08386979, 0.6935585, -0.7143996, 0.03969325)
(0.07962695, 0.6837754, -0.723982, 0.044280678)
(0.08314738, 0.693648934, -0.7143985, 0.03965411)
(0.0779528543, 0.683991969, -0.723904669, 0.045170933)
(0.07580995, 0.693974853, -0.714483261, 0.0465335064)
(0.07405405, 0.6835958, -0.724501133, 0.0480715223)
(0.0812774, 0.692148149, -0.7160723, 0.0395644568)
(0.07826097, 0.6822395, -0.7256577, 0.04295859)
(0.08588407, 0.6907397, -0.717177749, 0.03403963)
(0.07778524, 0.6823022, -0.725679159, 0.0424630828)
(0.0885635838, 0.6880084, -0.7196493, 0.0300973877)
(0.0750515237, 0.6847897, -0.7235288, 0.0440037325)
(0.0878137946, 0.6876484, -0.7200972, 0.0298075527)
(0.07388339, 0.6894352, -0.719236434, 0.04380903)
(0.0856745, 0.694297433, -0.713904738, 0.0308364239)
(0.0717628449, 0.692233443, -0.7166908, 0.0449145623)
(0.08526753, 0.6918689, -0.7163287, 0.0303327944)
(0.0713408738, 0.691282451, -0.717678368, 0.04446263)
(0.082862854, 0.6860291, -0.7221266, 0.0321108177)
(0.069383204, 0.6886861, -0.7202878, 0.04563995)
(0.08081352, 0.6837374, -0.724492, 0.03291812)
