(0, 0, 0, 0)
(0.810306132, 0.266234964, -0.130372643, 0.5054956)
(0.806593537, 0.281275481, -0.120462231, 0.5057469)
(0.8099947, 0.2664665, -0.130588323, 0.5058169)
(0.8076552, 0.282213718, -0.120086245, 0.5036148)
(0.8103458, 0.2671584, -0.130641, 0.5048753)
(0.8056513, 0.281890035, -0.121702023, 0.5066089)
(0.810266137, 0.2681276, -0.130600661, 0.5044995)
(0.801605761, 0.272266656, -0.130590826, 0.5159895)
(0.8098991, 0.2673344, -0.131440774, 0.505291045)
(0.8173136, 0.2587879, -0.135159969, 0.4967484)
(0.809204, 0.265812576, -0.132771567, 0.5068574)
(0.8173964, 0.262799084, -0.132417664, 0.495242685)
(0.8097239, 0.2719294, -0.128591508, 0.503851056)
(0.8175966, 0.264807135, -0.130925074, 0.4942383)
(0.8093937, 0.263830185, -0.134452835, 0.5071468)
(0.803176343, 0.276396662, -0.1271614, 0.5121938)
(0.8113936, 0.270041943, -0.129024729, 0.502066135)
(0.8175899, 0.278233737, -0.120617852, 0.489473343)
(0.8129569, 0.26683107, -0.130544156, 0.5008596)
(0.8046459, 0.266264379, -0.1337345, 0.513579)
(0.8122496, 0.270970672, -0.12752606, 0.50056237)
(0.803755164, 0.2727646, -0.129072532, 0.5127547)
(0.812104344, 0.268705964, -0.1292114, 0.5015856)
(0.8034877, 0.2716948, -0.12980555, 0.5135561)
(0.811672747, 0.266696036, -0.13059552, 0.5029963)
(0.8041514, 0.276878, -0.1261255, 0.510658)
(0.8120358, 0.27016744, -0.129439563, 0.500852)
(0.8064239, 0.257660419, -0.141651139, 0.513056159)
(0.8132072, 0.262236267, -0.137267649, 0.501082659)
(0.8046184, 0.262962043, -0.140934646, 0.513398)
(0.807308733, 0.276981562, -0.131282657, 0.5042804)
(0.8102258, 0.260403544, -0.1442885, 0.5048813)
(0.801687956, 0.260835, -0.148791045, 0.5168393)
(0.8093746, 0.250663519, -0.156178623, 0.5076305)
(0.801633, 0.2568667, -0.155517861, 0.516931653)
(0.8101199, 0.2559412, -0.156437382, 0.503713369)
(0.814929366, 0.265766829, -0.1517617, 0.4921652)
(0.8085955, 0.253816634, -0.165650532, 0.504291952)
(0.804463863, 0.2661575, -0.160569191, 0.5061773)
(0.80926156, 0.251629, -0.1719666, 0.5022012)
(0.8139541, 0.238066882, -0.1837091, 0.4970452)
(0.8051805, 0.243207753, -0.186145991, 0.507823)
(0.79861933, 0.2525906, -0.1834064, 0.5145554)
(0.8069946, 0.245118886, -0.187846348, 0.5033787)
(0.8151698, 0.240303487, -0.190687239, 0.491315454)
(0.8192955, 0.248603851, -0.1880317, 0.4812434)
(0.810399652, 0.244937882, -0.195434138, 0.495038658)
(0.8028726, 0.241622835, -0.199687466, 0.5070888)
(0.809624434, 0.232152879, -0.205393448, 0.498424351)
(0.801223, 0.221764326, -0.215367883, 0.5123271)
(0.796044648, 0.234628066, -0.2088012, 0.517363131)
(0.7871944, 0.237335712, -0.208726287, 0.5295566)
(0.7947578, 0.23281, -0.210824132, 0.519338667)
(0.790360868, 0.217688948, -0.22236833, 0.5277248)
(0.794933259, 0.2315294, -0.211827725, 0.5192342)
(0.8028292, 0.2256398, -0.213920668, 0.5087141)
(0.802738667, 0.2089342, -0.223762766, 0.511749446)
(0.8005693, 0.22336778, -0.2134485, 0.513454437)
(0.8087213, 0.220748216, -0.214048445, 0.5014213)
(0.803114057, 0.229638115, -0.208606362, 0.508682251)
(0.8012142, 0.243122771, -0.198605075, 0.5094146)
(0.8068665, 0.230367243, -0.205780432, 0.503539145)
(0.7991688, 0.225145489, -0.209736064, 0.5163811)
(0.8084959, 0.225327685, -0.206844136, 0.502769649)
(0.8162194, 0.2330588, -0.200079963, 0.489323616)
(0.8084647, 0.230213031, -0.203620344, 0.5019219)
(0.801743746, 0.221855924, -0.210174978, 0.5136277)
(0.8080918, 0.23370944, -0.200724363, 0.5020729)
(0.812020838, 0.218866751, -0.209766731, 0.498715878)
(0.8094923, 0.233239368, -0.200436562, 0.5001468)
(0.8090033, 0.217044175, -0.211172551, 0.5037973)
(0.8164942, 0.225854248, -0.203962609, 0.4906386)
(0.8090167, 0.222069547, -0.20795086, 0.5029249)
(0.8146037, 0.234642625, -0.198707685, 0.491811872)
(0.80738, 0.227488592, -0.205049291, 0.504322648)
(0.8044497, 0.24193038, -0.19561708, 0.506028056)
(0.810671151, 0.230367154, -0.201881036, 0.4989864)
(0.8185398, 0.22661531, -0.20285818, 0.487326175)
(0.8105398, 0.229761615, -0.202260479, 0.499325067)
(0.807343841, 0.215175539, -0.212308243, 0.5067747)
(0.8133823, 0.226915538, -0.203561351, 0.495460629)
(0.8083194, 0.239857227, -0.1959751, 0.5006815)
(0.8085945, 0.22360298, -0.2069712, 0.503328443)
(0.814675868, 0.234886676, -0.1984538, 0.491678476)
(0.807499647, 0.227249965, -0.2048236, 0.5043303)
(0.815454, 0.225713789, -0.20425874, 0.4923072)
(0.80712384, 0.229805365, -0.20321852, 0.5044232)
(0.8143687, 0.222730041, -0.20672366, 0.494429171)
(0.8117468, 0.238379285, -0.196855932, 0.495469749)
(0.8084776, 0.22378926, -0.206883654, 0.5034694)
(0.8132747, 0.236377761, -0.19763346, 0.493609816)
(0.804714, 0.2365714, -0.199051, 0.506801665)
(0.8120996, 0.230411753, -0.201462075, 0.496807575)
(0.8036568, 0.22720252, -0.204875529, 0.510431945)
(0.811638951, 0.225347772, -0.204498157, 0.4986392)
(0.806151, 0.238068745, -0.196996421, 0.504615)
(0.8063983, 0.222125, -0.207583636, 0.507239)
(0.808275, 0.237787083, -0.196402371, 0.5015725)
(0.8122567, 0.2240361, -0.204665631, 0.4981553)
(0.81026715, 0.239989385, -0.194549084, 0.49801895)
(0.803996, 0.229129091, -0.203445032, 0.50960803)
(0.8118481, 0.233277142, -0.199338809, 0.4967378)
(0.809447169, 0.218111143, -0.2102432, 0.5030116)
(0.809156358, 0.234539539, -0.1997523, 0.5003561)
(0.801109731, 0.229431331, -0.205030486, 0.5133681)
(0.8086491, 0.235925034, -0.199695855, 0.5005471)
(0.8003492, 0.231191978, -0.2048901, 0.513820469)
(0.8079134, 0.224970832, -0.2082322, 0.5032926)
(0.812046349, 0.239019573, -0.198650554, 0.493951768)
(0.8089969, 0.224124253, -0.210020155, 0.5011824)
(0.8054933, 0.23867479, -0.201439008, 0.5036241)
(0.8051366, 0.222718716, -0.2129266, 0.5067678)
(0.801784933, 0.237369373, -0.2040644, 0.5090723)
(0.807532847, 0.226234168, -0.211044908, 0.502164245)
(0.8035621, 0.240561455, -0.202443019, 0.5054057)
(0.807084143, 0.226475745, -0.211978942, 0.5023831)
(0.8023151, 0.239940479, -0.20454, 0.5068356)
(0.8082654, 0.229207113, -0.211323231, 0.499513417)
(0.8019106, 0.239851385, -0.20538345, 0.5071768)
(0.8032518, 0.224585146, -0.215860516, 0.507693231)
(0.798648953, 0.238447636, -0.207499042, 0.51210016)
(0.806855738, 0.236490831, -0.207448334, 0.5000212)
(0.8102835, 0.22195372, -0.216808468, 0.497163266)
(0.803129137, 0.230230987, -0.212874547, 0.506618)
(0.7945182, 0.232994959, -0.212472126, 0.518950641)
(0.8025468, 0.230438143, -0.212989867, 0.5073976)
(0.810253561, 0.235184148, -0.2087921, 0.494553775)
(0.801801443, 0.233678311, -0.211740941, 0.507616639)
(0.8096414, 0.23899439, -0.206869245, 0.494537771)
(0.8063269, 0.224353015, -0.21719037, 0.5023255)
(0.8109789, 0.237515137, -0.207793787, 0.492667854)
(0.802586138, 0.233620808, -0.212366968, 0.506139338)
(0.8106383, 0.231043443, -0.212841436, 0.494148821)
(0.802736044, 0.236619636, -0.2107377, 0.505188644)
(0.8091454, 0.2271821, -0.216149315, 0.496942073)
(0.8006382, 0.228019238, -0.217091113, 0.50976187)
(0.8079704, 0.2362161, -0.210454121, 0.4970865)
(0.7998076, 0.2333785, -0.214004651, 0.509945452)
(0.8079562, 0.23662965, -0.210502118, 0.496892363)
(0.800722659, 0.228115618, -0.21781835, 0.5092757)
(0.8034831, 0.243543729, -0.206986, 0.5022531)
(0.8022849, 0.227926582, -0.217800081, 0.506903768)
(0.8090099, 0.237067834, -0.210642412, 0.494905531)
(0.800546765, 0.235603884, -0.213211656, 0.508091)
(0.799106538, 0.219802067, -0.224062234, 0.5127494)
(0.800419152, 0.2357734, -0.213008448, 0.5082987)
(0.8015844, 0.251164, -0.20196408, 0.5035769)
(0.8047581, 0.235919282, -0.211615622, 0.501921654)
(0.7994994, 0.223313361, -0.22074, 0.512060165)
(0.8014851, 0.2390797, -0.2094405, 0.5065542)
(0.801683664, 0.223229229, -0.220320016, 0.5088527)
(0.8026384, 0.2389567, -0.209590688, 0.5047208)
(0.8026906, 0.222956046, -0.220547467, 0.5072842)
(0.8019244, 0.2386068, -0.21017468, 0.5057772)
(0.797570348, 0.224610463, -0.220483392, 0.5146054)
(0.8032759, 0.236797228, -0.210966408, 0.5041508)
(0.8077735, 0.223601133, -0.218861878, 0.499604)
(0.80525744, 0.238576263, -0.209280759, 0.5008427)
(0.801894, 0.223628283, -0.220154658, 0.5084173)
(0.8007045, 0.239450678, -0.209708661, 0.5075016)
(0.805647433, 0.227062643, -0.217429981, 0.5020947)
(0.8092564, 0.241677389, -0.207256973, 0.493701071)
(0.805883765, 0.226830021, -0.218296766, 0.501443863)
(0.7980132, 0.232079163, -0.216399387, 0.512333333)
(0.8063504, 0.235947147, -0.212589517, 0.4989324)
(0.7979809, 0.2364346, -0.214008778, 0.5113956)
(0.806235, 0.235343575, -0.213753864, 0.498906642)
(0.798042655, 0.2309158, -0.218523815, 0.511911154)
(0.8064781, 0.232860923, -0.21589835, 0.498755217)
(0.803944349, 0.24848482, -0.205928, 0.4995222)
(0.805619657, 0.233040184, -0.216482967, 0.4998043)
(0.797092259, 0.232680142, -0.218630508, 0.512547135)
(0.804777741, 0.239768565, -0.212655, 0.4996215)
(0.809684038, 0.227069572, -0.220353827, 0.4942623)
(0.801924169, 0.232384369, -0.218092427, 0.5053225)
(0.8095134, 0.226430461, -0.2209012, 0.494590759)
(0.8018523, 0.2332154, -0.2177686, 0.5051935)
(0.804346859, 0.24899058, -0.206613809, 0.4983376)
(0.799614549, 0.236087084, -0.2163711, 0.507999)
(0.807737648, 0.236180544, -0.21489343, 0.495579958)
(0.7990487, 0.237777412, -0.215605378, 0.5084262)
(0.799884856, 0.222621411, -0.2259841, 0.509465456)
(0.7974053, 0.238170236, -0.215831265, 0.5107217)
(0.8049858, 0.232807145, -0.218058, 0.5002493)
(0.7967683, 0.2375483, -0.2164498, 0.5117427)
(0.8048794, 0.234044448, -0.217555776, 0.5000617)
(0.804851, 0.2497146, -0.2070184, 0.496991843)
(0.80490905, 0.233712256, -0.218009487, 0.4999718)
(0.7997617, 0.2466548, -0.210128084, 0.5053602)
(0.8053564, 0.234976992, -0.216757432, 0.499202579)
(0.80168885, 0.249180585, -0.20769766, 0.5020615)
(0.802296937, 0.2331382, -0.218640476, 0.5041453)
(0.8019803, 0.249080017, -0.207940832, 0.5015449)
(0.8045517, 0.234159559, -0.217931241, 0.500371635)
(0.803561568, 0.249982, -0.207592458, 0.4987014)
(0.8041932, 0.233894944, -0.218587428, 0.5007853)
(0.8103392, 0.223616168, -0.224789038, 0.492763728)
(0.803153157, 0.231493577, -0.22119762, 0.5024215)
(0.800792158, 0.247015029, -0.211172849, 0.503111839)
(0.8080747, 0.239430547, -0.215110168, 0.493371964)
(0.7996153, 0.2380135, -0.217797056, 0.5064874)
(0.7920701, 0.229658648, -0.224921972, 0.5189334)
(0.800144553, 0.234851182, -0.22031422, 0.5060388)
(0.8074507, 0.242531151, -0.21402055, 0.49335292)
(0.8011622, 0.231441543, -0.222896636, 0.5048674)
(0.807002842, 0.242483333, -0.214744821, 0.493794382)
(0.798820555, 0.23783423, -0.219413042, 0.5071278)
(0.806995869, 0.2404599, -0.215966091, 0.494262367)
(0.7991806, 0.23376222, -0.2218733, 0.5073833)
(0.8070554, 0.237906158, -0.217824042, 0.494585544)
(0.7985438, 0.235779941, -0.220925, 0.5078659)
(0.804987967, 0.246137753, -0.2127626, 0.4961277)
(0.797731459, 0.237661809, -0.219887465, 0.5087149)
(0.80562824, 0.24261637, -0.214680329, 0.495996684)
(0.7983606, 0.23408258, -0.2214681, 0.5087018)
(0.806217, 0.240003139, -0.215928286, 0.49576962)
(0.7985127, 0.233904123, -0.221325383, 0.5086072)
(0.8056799, 0.242850825, -0.213975683, 0.496102661)
(0.797435045, 0.239185959, -0.21807757, 0.509244144)
(0.80572325, 0.239244685, -0.21663253, 0.496631056)
(0.7971592, 0.238146022, -0.219198987, 0.5096817)
(0.800194, 0.2531832, -0.208342776, 0.5021764)
(0.7980348, 0.238097623, -0.219015747, 0.508411348)
(0.8055705, 0.244835, -0.212796211, 0.495812327)
(0.7974606, 0.238820225, -0.2185657, 0.5091665)
(0.8052535, 0.234550759, -0.220171511, 0.498073518)
(0.7971456, 0.239129379, -0.218365327, 0.509600461)
(0.791788757, 0.251755059, -0.210337043, 0.515216768)
(0.7987022, 0.242806092, -0.215180591, 0.5067717)
(0.8026566, 0.228913456, -0.224058747, 0.503129)
(0.797138155, 0.2406199, -0.217032924, 0.5094796)
(0.8052911, 0.2382587, -0.217012048, 0.497639239)
(0.7974528, 0.245173037, -0.213573053, 0.508277237)
(0.805243254, 0.241053581, -0.21497035, 0.497256666)
(0.7985005, 0.2523625, -0.208995119, 0.505006135)
(0.790013552, 0.2475305, -0.214342415, 0.5183288)
(0.7980181, 0.245916426, -0.213889256, 0.506896138)
(0.7974858, 0.230403289, -0.224714816, 0.510327458)
(0.8016136, 0.244788617, -0.21443601, 0.50150913)
(0.797476232, 0.230560765, -0.22561729, 0.509872854)
(0.7933892, 0.24429214, -0.2175649, 0.5133424)
(0.7999783, 0.23479645, -0.223238364, 0.5050446)
(0.8001017, 0.250763685, -0.212073579, 0.501975834)
(0.801560938, 0.235048324, -0.222836882, 0.5025893)
(0.794162, 0.24266161, -0.21934551, 0.5121617)
(0.802232265, 0.238711983, -0.221028686, 0.500586033)
(0.7954175, 0.248000652, -0.2161875, 0.5089889)
(0.7989422, 0.233792454, -0.225355968, 0.506208658)
(0.7966071, 0.248594031, -0.215445876, 0.507150054)
(0.7981704, 0.23291865, -0.225975752, 0.5075509)
