(0, 0, 0, 0)
(0.7983778, 0.295984179, -0.2203732, 0.4758381)
(0.790126562, 0.297737151, -0.221676245, 0.4877625)
(0.7985267, 0.2920478, -0.2233435, 0.47663492)
(0.804592252, 0.280553758, -0.229658067, 0.4702958)
(0.798276961, 0.2911794, -0.224248245, 0.47715956)
(0.791869044, 0.302122444, -0.218494371, 0.483658522)
(0.797350168, 0.289886117, -0.225579172, 0.478866)
(0.7920401, 0.302563131, -0.217859983, 0.483389169)
(0.7967803, 0.289378971, -0.225730076, 0.4800488)
(0.792409, 0.303184569, -0.2170226, 0.4827713)
(0.7982244, 0.2913201, -0.223766521, 0.477387756)
(0.7936702, 0.3049227, -0.2154041, 0.4803237)
(0.7994365, 0.2929045, -0.22221674, 0.475108474)
(0.7945895, 0.3059345, -0.21419847, 0.478696883)
(0.80063194, 0.293842852, -0.220972463, 0.473091871)
(0.791963041, 0.29302448, -0.2242076, 0.486479282)
(0.7998733, 0.297365218, -0.21895425, 0.473112673)
(0.8074592, 0.297837526, -0.217683151, 0.460343778)
(0.7975468, 0.29945755, -0.221381426, 0.474588871)
(0.7891544, 0.296337515, -0.224822447, 0.488747627)
(0.782659054, 0.288347751, -0.231475249, 0.5007192)
(0.7916714, 0.290041447, -0.228128791, 0.486918628)
(0.798146367, 0.300338417, -0.21928519, 0.473997176)
(0.7898788, 0.292342633, -0.226843923, 0.4890493)
(0.7817654, 0.2864632, -0.232674673, 0.5026372)
(0.7905862, 0.2914726, -0.226568624, 0.488552719)
(0.799217045, 0.290946156, -0.224276081, 0.475712836)
(0.8045252, 0.278936148, -0.230628148, 0.470897675)
(0.8010014, 0.293255121, -0.221847832, 0.4724211)
(0.79316926, 0.3013065, -0.2187104, 0.4819364)
(0.7921016, 0.285728425, -0.229811013, 0.4879767)
(0.7889604, 0.300322264, -0.219787568, 0.488918662)
(0.7875445, 0.285105616, -0.230357751, 0.4954025)
(0.7963279, 0.285566062, -0.22755076, 0.482218355)
(0.7971044, 0.300886661, -0.216593936, 0.476632982)
(0.7894157, 0.29276818, -0.225259364, 0.490273148)
(0.7828346, 0.302566558, -0.22004582, 0.4971953)
(0.7914491, 0.297458142, -0.221172109, 0.486014336)
(0.800040066, 0.296571881, -0.218647629, 0.4734705)
(0.7918597, 0.304744124, -0.2154614, 0.4833898)
(0.7890095, 0.289816, -0.227031648, 0.491861)
(0.793481, 0.276435882, -0.235423863, 0.48841238)
(0.790611446, 0.291743, -0.225170374, 0.488996923)
(0.7958024, 0.304096729, -0.215283588, 0.477364272)
(0.7943959, 0.31929788, -0.205225036, 0.474201053)
(0.791517556, 0.304600835, -0.2171539, 0.483283043)
(0.7838067, 0.2978636, -0.224207252, 0.496644139)
(0.7921673, 0.30207774, -0.218467444, 0.483210117)
(0.8006384, 0.3022649, -0.215996131, 0.4700635)
(0.7940246, 0.29257217, -0.224843442, 0.4830858)
(0.787921548, 0.282100081, -0.233026862, 0.495275259)
(0.796183467, 0.27865234, -0.233303979, 0.483749866)
(0.7992636, 0.293052226, -0.222652152, 0.475104421)
(0.7939154, 0.3060541, -0.215927139, 0.478962034)
(0.786312938, 0.298409522, -0.223625168, 0.492600769)
(0.7844833, 0.283844322, -0.234084651, 0.49922204)
(0.790516, 0.296013623, -0.222919211, 0.487613827)
(0.799118, 0.295127243, -0.220862225, 0.4749003)
(0.7904851, 0.292637825, -0.2251903, 0.488657117)
(0.7910112, 0.277012318, -0.235787153, 0.4919044)
(0.78894186, 0.292886645, -0.2244424, 0.491338879)
(0.7957193, 0.302369982, -0.215181425, 0.478643984)
(0.788426936, 0.312254637, -0.2104557, 0.486403525)
(0.7844199, 0.298903167, -0.220992982, 0.4964921)
(0.786591768, 0.2845155, -0.230141312, 0.497352272)
(0.792319357, 0.296971023, -0.218382, 0.486155719)
(0.798903465, 0.2860575, -0.22384055, 0.479395241)
(0.791712344, 0.277414769, -0.231397912, 0.492633253)
(0.789388657, 0.2924755, -0.22104837, 0.492403626)
(0.786260545, 0.307227433, -0.2107068, 0.492958665)
(0.7921901, 0.317441255, -0.200509161, 0.481104881)
(0.790568769, 0.302206933, -0.211446211, 0.488838)
(0.7875089, 0.288204551, -0.2217012, 0.497610629)
(0.7962348, 0.2916073, -0.215966627, 0.484080255)
(0.8048539, 0.2924931, -0.2123938, 0.470687538)
(0.796605, 0.291811675, -0.2151491, 0.4837118)
(0.788071454, 0.2907917, -0.218083486, 0.496813118)
(0.7872035, 0.3060915, -0.206529841, 0.493927181)
(0.794373155, 0.296205461, -0.210991278, 0.486535)
(0.7881772, 0.3076088, -0.204088315, 0.492444426)
(0.793056846, 0.293958277, -0.2121413, 0.489536)
(0.8000776, 0.284922451, -0.216264248, 0.481585681)
(0.792626, 0.2934059, -0.212070882, 0.4905944)
(0.8003669, 0.287400633, -0.214089051, 0.4806033)
(0.79175514, 0.29061532, -0.213965029, 0.4928341)
(0.799364567, 0.2841666, -0.216444433, 0.483132869)
(0.791486144, 0.292557269, -0.212879345, 0.492587328)
(0.798476636, 0.300149173, -0.205450341, 0.4797246)
(0.78993535, 0.304501981, -0.205135539, 0.491121262)
(0.789639652, 0.2888201, -0.216529384, 0.496152461)
(0.7982622, 0.28929016, -0.213692, 0.483140171)
(0.7899997, 0.2919508, -0.213868409, 0.494899362)
(0.7985361, 0.2943772, -0.20964177, 0.481386155)
(0.7900071, 0.29839, -0.209544644, 0.492892772)
(0.7865911, 0.284160465, -0.22082977, 0.5017583)
(0.793737948, 0.291789621, -0.213264927, 0.489241034)
(0.798865736, 0.27936244, -0.220568791, 0.484891355)
(0.797738254, 0.294996381, -0.210232869, 0.482071459)
(0.7888627, 0.2958487, -0.212592646, 0.494948)
(0.7847296, 0.30973053, -0.203419268, 0.496877372)
(0.792334855, 0.300625324, -0.20747532, 0.48865515)
(0.7997694, 0.292312384, -0.211072773, 0.479969472)
(0.791786551, 0.286967427, -0.2169959, 0.4935956)
(0.7829309, 0.28500244, -0.220781073, 0.506999552)
(0.7915662, 0.286240846, -0.217553556, 0.494124979)
(0.799638569, 0.290600747, -0.212224543, 0.480718285)
(0.7912895, 0.287334919, -0.216726139, 0.494296819)
(0.799711645, 0.286593854, -0.2147611, 0.4818743)
(0.7917033, 0.290991783, -0.213380069, 0.492948949)
(0.795501351, 0.3044266, -0.201871529, 0.483476728)
(0.7993399, 0.28963694, -0.2105887, 0.482512772)
(0.791098237, 0.2890007, -0.21265094, 0.495400637)
(0.798466563, 0.2798311, -0.216664, 0.48703444)
(0.791828036, 0.289767861, -0.2109337, 0.49451986)
(0.800462365, 0.289812833, -0.208027869, 0.481656432)
(0.7954096, 0.302930862, -0.199625447, 0.485495627)
(0.7987368, 0.2883605, -0.208622664, 0.485123038)
(0.7921755, 0.298490256, -0.202635914, 0.49224022)
(0.795722544, 0.2840054, -0.211283267, 0.491453022)
(0.7955705, 0.299569368, -0.199286029, 0.48745352)
(0.797596633, 0.2844164, -0.209122032, 0.489096045)
(0.7900173, 0.2925006, -0.205111057, 0.4982424)
(0.7973531, 0.2835161, -0.20909214, 0.490027666)
(0.7920497, 0.2964679, -0.200944975, 0.4943533)
(0.7893099, 0.2820603, -0.211725935, 0.5025972)
(0.7933573, 0.295140326, -0.200863987, 0.493082017)
(0.8012975, 0.287864953, -0.203550935, 0.483345836)
(0.79320693, 0.292507321, -0.202220932, 0.494336933)
(0.7883886, 0.279808521, -0.212454185, 0.504989)
(0.7921206, 0.293339223, -0.201302752, 0.495957971)
(0.8007637, 0.294231236, -0.197839379, 0.482768178)
(0.7925981, 0.292106122, -0.201602489, 0.495801061)
(0.79975307, 0.282664657, -0.20627363, 0.487798)
(0.8050382, 0.2938367, -0.196979344, 0.4762064)
(0.796841264, 0.290490776, -0.202028379, 0.4897384)
(0.789130449, 0.299374163, -0.197913647, 0.498476058)
(0.7960271, 0.2900104, -0.202940479, 0.490968347)
(0.791550159, 0.277202129, -0.213582069, 0.500989)
(0.7981309, 0.286898941, -0.205098271, 0.488477975)
(0.802561164, 0.2997445, -0.19472298, 0.4776314)
(0.7952574, 0.292964756, -0.202339485, 0.490709722)
(0.7984077, 0.278216034, -0.2122617, 0.4899857)
(0.802535236, 0.2911274, -0.202495575, 0.4797682)
(0.795465648, 0.2831177, -0.210562885, 0.4926885)
(0.8036298, 0.279903173, -0.21091193, 0.480988055)
(0.7954392, 0.286923736, -0.208581015, 0.4913707)
(0.802718043, 0.279577941, -0.212268978, 0.48210147)
(0.7957102, 0.290252, -0.207195938, 0.489560038)
(0.786952, 0.294390082, -0.207014039, 0.5011847)
(0.7951792, 0.289929658, -0.208067089, 0.4902438)
(0.7957241, 0.274621278, -0.219147161, 0.49333632)
(0.7995131, 0.288059264, -0.209121525, 0.4838067)
(0.806624234, 0.2799322, -0.213464931, 0.4747926)
(0.810395658, 0.292568684, -0.204758927, 0.464474022)
(0.801737845, 0.291619062, -0.209406883, 0.47783187)
(0.793433964, 0.2855264, -0.217014015, 0.4917745)
(0.7845286, 0.2868816, -0.218962163, 0.5042513)
(0.7933924, 0.28677094, -0.21676445, 0.49122712)
(0.802007437, 0.284883, -0.2163373, 0.478355378)
(0.7942289, 0.293356419, -0.2137606, 0.487287372)
(0.7875185, 0.2822179, -0.223986641, 0.499997616)
(0.780402958, 0.292257249, -0.218324557, 0.5078299)
(0.7892109, 0.293051749, -0.215387344, 0.494848579)
(0.795122147, 0.2823492, -0.221698552, 0.488783628)
(0.786719, 0.2889765, -0.219498, 0.499386072)
(0.7938873, 0.280668825, -0.223561153, 0.4909056)
(0.799965441, 0.290840715, -0.215256914, 0.478676647)
(0.7912605, 0.289081156, -0.219328731, 0.4921725)
(0.7916188, 0.304617, -0.20821625, 0.4870259)
(0.7852845, 0.29412055, -0.21820052, 0.499209166)
(0.793192, 0.289982945, -0.2195645, 0.488413453)
(0.784713, 0.286938936, -0.2242139, 0.5016171)
(0.793017, 0.2830608, -0.225046992, 0.490259647)
(0.7858691, 0.2922075, -0.220414072, 0.4984398)
(0.7935656, 0.2845451, -0.223701164, 0.489127219)
(0.8013167, 0.288427532, -0.2194233, 0.475977361)
(0.792977631, 0.282954246, -0.225978732, 0.4899561)
(0.785115957, 0.290400356, -0.222948149, 0.499554425)
(0.776515663, 0.289637566, -0.225027874, 0.5123437)
(0.785289168, 0.293349236, -0.220622152, 0.4985911)
(0.78459394, 0.308217525, -0.20964469, 0.495442569)
(0.7809971, 0.294025362, -0.221032321, 0.5047151)
(0.7865654, 0.281357467, -0.228697211, 0.499850333)
(0.7940038, 0.289791375, -0.22050035, 0.486783952)
(0.796593666, 0.304085225, -0.209636569, 0.4785637)
(0.7902904, 0.294095457, -0.218231216, 0.491247445)
(0.7834411, 0.285437971, -0.225758344, 0.503764153)
(0.7903301, 0.2757383, -0.230473667, 0.496214151)
(0.796012461, 0.287322074, -0.2213468, 0.4845778)
(0.790693462, 0.299764454, -0.214468509, 0.488823473)
(0.783767343, 0.290283, -0.223303959, 0.5015773)
(0.7845012, 0.274961233, -0.2338294, 0.504260063)
(0.7878748, 0.28983435, -0.221852928, 0.496014774)
(0.7966883, 0.290263921, -0.2190401, 0.48275882)
(0.7880752, 0.291842, -0.22039707, 0.4951675)
(0.784328, 0.277848452, -0.231550768, 0.503998041)
(0.7857169, 0.293441623, -0.219834685, 0.4982104)
(0.792818069, 0.3022963, -0.211287826, 0.485194653)
(0.7886149, 0.289475679, -0.22141473, 0.495243222)
(0.7901906, 0.2741515, -0.231759563, 0.496716619)
(0.790364742, 0.289983064, -0.22061637, 0.49250567)
(0.785407662, 0.303595424, -0.212362945, 0.495849431)
(0.7835781, 0.28876403, -0.224097222, 0.5023954)
(0.7907022, 0.2796349, -0.228877574, 0.4941754)
(0.788044035, 0.2947973, -0.218442574, 0.494332)
(0.7945196, 0.284122437, -0.223956525, 0.48770532)
(0.7859542, 0.283986151, -0.226113275, 0.5005003)
(0.781659, 0.29706, -0.217773885, 0.5033279)
(0.7866558, 0.2836628, -0.2262671, 0.499511)
(0.7946851, 0.289934963, -0.2196513, 0.4859698)
(0.7873172, 0.2973669, -0.215916142, 0.495060384)
(0.7910328, 0.2828429, -0.225257471, 0.493483752)
(0.799706936, 0.282310367, -0.223085776, 0.4806272)
(0.793183446, 0.272891641, -0.23100464, 0.492977619)
(0.794991136, 0.288280427, -0.21967873, 0.486441076)
(0.789691448, 0.301021427, -0.212005839, 0.490741432)
(0.78808856, 0.285775751, -0.223399609, 0.497334182)
(0.7926962, 0.2723266, -0.2313239, 0.4939234)
(0.7932418, 0.288223028, -0.219269738, 0.4895057)
(0.800861061, 0.2799719, -0.222366512, 0.480406582)
(0.7928255, 0.2860169, -0.220089763, 0.49110353)
(0.7869286, 0.274290562, -0.229860649, 0.5026651)
(0.7913964, 0.28739962, -0.219342917, 0.492931962)
(0.7880308, 0.3020389, -0.209384263, 0.493901)
(0.791054964, 0.287451565, -0.218855947, 0.493665516)
(0.795295954, 0.3004115, -0.207908466, 0.483767956)
(0.7944213, 0.285079777, -0.218978211, 0.489563942)
(0.79139, 0.2706709, -0.229600027, 0.4977178)
(0.796432555, 0.2834436, -0.219267383, 0.487110645)
(0.78959614, 0.2937409, -0.213740021, 0.494539648)
(0.7972802, 0.2864539, -0.216861367, 0.485035658)
(0.791469753, 0.2984367, -0.20990324, 0.490359)
(0.7927484, 0.283135831, -0.220566347, 0.4926809)
(0.784468532, 0.28831023, -0.218794867, 0.5036021)
(0.7925182, 0.2822184, -0.2210097, 0.49337858)
(0.8009746, 0.285416752, -0.216367528, 0.479752)
(0.7929442, 0.280538529, -0.22212337, 0.4931518)
(0.7920798, 0.29601267, -0.211433455, 0.490185648)
(0.7901608, 0.281427383, -0.222583622, 0.496891558)
(0.7930921, 0.2961386, -0.211129785, 0.488601178)
(0.785908, 0.288079143, -0.21886152, 0.501456439)
(0.794513047, 0.286750019, -0.217504531, 0.4890964)
(0.797907, 0.272614, -0.226767421, 0.487444967)
(0.7953518, 0.2879772, -0.216776088, 0.487332284)
(0.788458943, 0.298449248, -0.211340979, 0.494565874)
(0.7942811, 0.286853224, -0.218467921, 0.488983184)
(0.7858744, 0.292573363, -0.217054218, 0.499689668)
(0.793424249, 0.28538245, -0.220548689, 0.490299)
(0.791401446, 0.300832182, -0.210218549, 0.4888681)
