(0.3236084, 0.325439453, 0.497436523, 0.736084)
(0.323730469, 0.325378418, 0.497619629, 0.7359619)
(0.323730469, 0.325378418, 0.497619629, 0.7359619)
(0.323669434, 0.325134277, 0.49798584, 0.735839844)
(0.323913574, 0.324890137, 0.49822998, 0.7357178)
(0.323913574, 0.324890137, 0.49822998, 0.7357178)
(0.32421875, 0.324707031, 0.498291016, 0.735534668)
(0.32421875, 0.324707031, 0.498291016, 0.735534668)
(0.32421875, 0.324707031, 0.498291016, 0.735534668)
(0.32421875, 0.324707031, 0.498291016, 0.735534668)
(0.324523926, 0.324768066, 0.4984131, 0.7352905)
(0.324523926, 0.324768066, 0.4984131, 0.7352905)
(0.324707031, 0.3248291, 0.498535156, 0.7351074)
(0.324707031, 0.3248291, 0.498535156, 0.7351074)
(0.324890137, 0.3248291, 0.4987793, 0.7348633)
(0.325134277, 0.324890137, 0.499023438, 0.734619141)
(0.325134277, 0.324890137, 0.499023438, 0.734619141)
(0.325439453, 0.3248291, 0.499267578, 0.734313965)
(0.325439453, 0.3248291, 0.499267578, 0.734313965)
(0.325256348, 0.324584961, 0.499755859, 0.734130859)
(0.325256348, 0.324584961, 0.499755859, 0.734130859)
(0.3244629, 0.3242798, 0.5003052, 0.7342529)
(0.3244629, 0.3242798, 0.5003052, 0.7342529)
(0.323181152, 0.323913574, 0.500793457, 0.7346802)
(0.320800781, 0.324035645, 0.501098633, 0.7354126)
(0.320800781, 0.324035645, 0.501098633, 0.7354126)
(0.316772461, 0.32434082, 0.5012207, 0.7369995)
(0.316772461, 0.32434082, 0.5012207, 0.7369995)
(0.31262207, 0.325744629, 0.5003662, 0.738647461)
(0.31262207, 0.325744629, 0.5003662, 0.738647461)
(0.3076172, 0.3272705, 0.498535156, 0.741333)
(0.3043213, 0.328430176, 0.4968872, 0.743347168)
(0.3043213, 0.328430176, 0.4968872, 0.743347168)
(0.30291748, 0.325256348, 0.4973755, 0.7449341)
(0.30291748, 0.325256348, 0.4973755, 0.7449341)
(0.304199219, 0.319885254, 0.498474121, 0.7460327)
(0.304199219, 0.319885254, 0.498474121, 0.7460327)
(0.304748535, 0.314453125, 0.499267578, 0.7475586)
(0.304748535, 0.314453125, 0.499267578, 0.7475586)
(0.307312, 0.311767578, 0.497680664, 0.748718262)
(0.31451416, 0.3104248, 0.494506836, 0.748352051)
(0.31451416, 0.3104248, 0.494506836, 0.748352051)
(0.321044922, 0.307556152, 0.491027832, 0.7490845)
(0.321044922, 0.307556152, 0.491027832, 0.7490845)
(0.326171875, 0.3032837, 0.4874878, 0.7509155)
(0.326171875, 0.3032837, 0.4874878, 0.7509155)
(0.3295288, 0.29675293, 0.4874878, 0.7520752)
(0.3295288, 0.29675293, 0.4874878, 0.7520752)
(0.3319702, 0.2909546, 0.4888916, 0.752319336)
(0.3355713, 0.288269043, 0.488586426, 0.7519531)
(0.3355713, 0.288269043, 0.488586426, 0.7519531)
(0.3390503, 0.286071777, 0.48815918, 0.7515259)
(0.3390503, 0.286071777, 0.48815918, 0.7515259)
(0.340515137, 0.2838745, 0.4888916, 0.7512207)
(0.340515137, 0.2838745, 0.4888916, 0.7512207)
(0.340332031, 0.281799316, 0.4906006, 0.750976563)
(0.340332031, 0.281799316, 0.4906006, 0.750976563)
(0.3404541, 0.280822754, 0.491882324, 0.750427246)
(0.3416748, 0.281005859, 0.4918213, 0.7498779)
(0.3416748, 0.281005859, 0.4918213, 0.7498779)
(0.343200684, 0.281494141, 0.491027832, 0.7495117)
(0.343200684, 0.281494141, 0.491027832, 0.7495117)
(0.344177246, 0.281860352, 0.490905762, 0.749023438)
(0.344177246, 0.281860352, 0.490905762, 0.749023438)
(0.343811035, 0.281799316, 0.491455078, 0.748840332)
(0.343811035, 0.281799316, 0.491455078, 0.748840332)
(0.3435669, 0.281982422, 0.491760254, 0.7486572)
(0.344238281, 0.2828369, 0.4911499, 0.7484741)
(0.344238281, 0.2828369, 0.4911499, 0.7484741)
(0.344482422, 0.283447266, 0.4902954, 0.7486572)
(0.344482422, 0.283447266, 0.4902954, 0.7486572)
(0.344482422, 0.283447266, 0.4902954, 0.7486572)
(0.343994141, 0.28338623, 0.490478516, 0.7487793)
(0.343017578, 0.2833252, 0.4909668, 0.7489624)
(0.342834473, 0.283447266, 0.491027832, 0.748901367)
(0.342834473, 0.283447266, 0.491027832, 0.748901367)
(0.343322754, 0.2838745, 0.4907837, 0.748718262)
(0.343322754, 0.2838745, 0.4907837, 0.748718262)
(0.343994141, 0.2843628, 0.490234375, 0.7485962)
(0.343994141, 0.2843628, 0.490234375, 0.7485962)
(0.34362793, 0.2843628, 0.4899292, 0.7489624)
(0.34362793, 0.2843628, 0.4899292, 0.7489624)
(0.343200684, 0.2841797, 0.4901123, 0.7490845)
(0.343200684, 0.2841797, 0.4901123, 0.7490845)
(0.3428955, 0.2841797, 0.490478516, 0.7489624)
(0.343200684, 0.2843628, 0.49041748, 0.748840332)
(0.343200684, 0.2843628, 0.49041748, 0.748840332)
(0.3435669, 0.284973145, 0.4899292, 0.748718262)
(0.3435669, 0.284973145, 0.4899292, 0.748718262)
(0.343688965, 0.285461426, 0.489196777, 0.7489624)
(0.343688965, 0.285461426, 0.489196777, 0.7489624)
(0.343811035, 0.285522461, 0.489013672, 0.749023438)
(0.34387207, 0.285522461, 0.489013672, 0.7489624)
(0.34387207, 0.285522461, 0.489013672, 0.7489624)
(0.3439331, 0.285827637, 0.489013672, 0.748840332)
(0.3439331, 0.285827637, 0.489013672, 0.748840332)
(0.343994141, 0.285888672, 0.489013672, 0.748840332)
(0.343994141, 0.285888672, 0.489013672, 0.748840332)
(0.344299316, 0.2859497, 0.4887085, 0.7487793)
(0.344299316, 0.2859497, 0.4887085, 0.7487793)
(0.344360352, 0.285644531, 0.4888916, 0.7487793)
(0.344360352, 0.285644531, 0.4888916, 0.7487793)
(0.3441162, 0.2852173, 0.489196777, 0.748901367)
(0.344665527, 0.285461426, 0.4890747, 0.7485962)
(0.344665527, 0.285461426, 0.4890747, 0.7485962)
(0.3453369, 0.286010742, 0.4887085, 0.748291)
(0.3453369, 0.286010742, 0.4887085, 0.748291)
(0.346130371, 0.286560059, 0.48828125, 0.7480469)
(0.346557617, 0.2869873, 0.487976074, 0.74786377)
(0.346557617, 0.2869873, 0.487976074, 0.74786377)
(0.346557617, 0.2869873, 0.487976074, 0.74786377)
(0.346557617, 0.2869873, 0.487976074, 0.74786377)
(0.346557617, 0.28704834, 0.487976074, 0.74786377)
(0.346557617, 0.28704834, 0.487976074, 0.74786377)
(0.346618652, 0.287353516, 0.4876709, 0.74786377)
(0.346618652, 0.287353516, 0.4876709, 0.74786377)
(0.3466797, 0.2874756, 0.487731934, 0.747802734)
(0.3466797, 0.2874756, 0.487731934, 0.747802734)
(0.3466797, 0.287597656, 0.487854, 0.747680664)
(0.346801758, 0.2880249, 0.4874878, 0.747680664)
(0.346801758, 0.2880249, 0.4874878, 0.747680664)
(0.34753418, 0.288452148, 0.486938477, 0.7475586)
(0.34753418, 0.288452148, 0.486938477, 0.7475586)
(0.347839355, 0.288574219, 0.486938477, 0.747314453)
(0.347839355, 0.288574219, 0.486938477, 0.747314453)
(0.347839355, 0.288513184, 0.487121582, 0.7472534)
(0.347839355, 0.288513184, 0.487121582, 0.7472534)
(0.348022461, 0.288635254, 0.487243652, 0.7470093)
(0.3482666, 0.2886963, 0.487243652, 0.7468872)
(0.3482666, 0.2886963, 0.487243652, 0.7468872)
(0.348815918, 0.288818359, 0.4869995, 0.746765137)
(0.348815918, 0.288818359, 0.4869995, 0.746765137)
(0.348876953, 0.288818359, 0.486877441, 0.7468262)
(0.348876953, 0.288818359, 0.486877441, 0.7468262)
(0.3486328, 0.2883911, 0.487121582, 0.746948242)
(0.348510742, 0.288146973, 0.487426758, 0.7468262)
(0.348510742, 0.288146973, 0.487426758, 0.7468262)
(0.348876953, 0.2880249, 0.487609863, 0.746643066)
(0.348876953, 0.2880249, 0.487609863, 0.746643066)
(0.3496704, 0.288146973, 0.487548828, 0.746276855)
(0.3496704, 0.288146973, 0.487548828, 0.746276855)
(0.350402832, 0.288330078, 0.487243652, 0.7460327)
(0.350402832, 0.288330078, 0.487243652, 0.7460327)
(0.3505249, 0.288146973, 0.487182617, 0.74609375)
(0.3505249, 0.288146973, 0.487182617, 0.74609375)
(0.350280762, 0.287963867, 0.4874878, 0.74609375)
(0.34979248, 0.287719727, 0.487792969, 0.7462158)
(0.34979248, 0.287719727, 0.487792969, 0.7462158)
(0.349914551, 0.287536621, 0.487976074, 0.74609375)
(0.349914551, 0.287536621, 0.487976074, 0.74609375)
(0.350585938, 0.287536621, 0.487792969, 0.745910645)
(0.3511963, 0.287414551, 0.487792969, 0.7456665)
(0.3511963, 0.287414551, 0.487792969, 0.7456665)
(0.351623535, 0.28729248, 0.487915039, 0.7453613)
(0.351623535, 0.28729248, 0.487915039, 0.7453613)
(0.351867676, 0.2869873, 0.4882202, 0.745239258)
(0.351867676, 0.2869873, 0.4882202, 0.745239258)
(0.351867676, 0.286560059, 0.488586426, 0.7451172)
(0.351867676, 0.286560059, 0.488586426, 0.7451172)
(0.352111816, 0.286438, 0.4885254, 0.7451172)
(0.352111816, 0.286438, 0.4885254, 0.7451172)
(0.352111816, 0.286376953, 0.48828125, 0.7453003)
(0.352172852, 0.286376953, 0.48828125, 0.7453003)
(0.352172852, 0.286376953, 0.48828125, 0.7453003)
(0.351989746, 0.286438, 0.488464355, 0.745239258)
(0.351989746, 0.286438, 0.488464355, 0.745239258)
(0.3513794, 0.286315918, 0.488586426, 0.7454834)
(0.3513794, 0.286315918, 0.488586426, 0.7454834)
(0.351135254, 0.286438, 0.488464355, 0.745605469)
(0.351135254, 0.286438, 0.488464355, 0.745605469)
(0.351013184, 0.2866211, 0.4882202, 0.7457886)
(0.351013184, 0.2866211, 0.4882202, 0.7457886)
(0.3511963, 0.286682129, 0.4880371, 0.7457886)
(0.351623535, 0.286743164, 0.487976074, 0.745605469)
(0.351623535, 0.286743164, 0.487976074, 0.745605469)
(0.3515625, 0.286438, 0.48815918, 0.745605469)
(0.3515625, 0.286438, 0.48815918, 0.745605469)
(0.3515625, 0.286438, 0.48815918, 0.745605469)
(0.351501465, 0.286193848, 0.48840332, 0.745605469)
(0.351501465, 0.286193848, 0.48840332, 0.745605469)
(0.35144043, 0.286254883, 0.48815918, 0.745727539)
(0.35144043, 0.286254883, 0.48815918, 0.745727539)
(0.351867676, 0.286254883, 0.487976074, 0.7456665)
(0.351867676, 0.286254883, 0.487976074, 0.7456665)
(0.3519287, 0.286010742, 0.488098145, 0.7456665)
(0.3519287, 0.286010742, 0.488098145, 0.7456665)
(0.351867676, 0.285461426, 0.48828125, 0.7457886)
(0.351867676, 0.285461426, 0.48828125, 0.7457886)
(0.351867676, 0.28503418, 0.488464355, 0.7457886)
(0.351989746, 0.284667969, 0.4885254, 0.7458496)
(0.351989746, 0.284667969, 0.4885254, 0.7458496)
(0.352539063, 0.284423828, 0.48840332, 0.7457886)
(0.352539063, 0.284423828, 0.48840332, 0.7457886)
(0.3531494, 0.2841797, 0.4880371, 0.7457886)
(0.35333252, 0.2836914, 0.487915039, 0.7459717)
(0.35333252, 0.2836914, 0.487915039, 0.7459717)
(0.353271484, 0.28326416, 0.4880371, 0.74609375)
(0.353271484, 0.28326416, 0.4880371, 0.74609375)
(0.35333252, 0.282714844, 0.4883423, 0.74609375)
(0.35333252, 0.282714844, 0.4883423, 0.74609375)
(0.353515625, 0.282531738, 0.48815918, 0.7461548)
(0.353515625, 0.282531738, 0.48815918, 0.7461548)
(0.354064941, 0.282409668, 0.487731934, 0.746276855)
(0.354064941, 0.282409668, 0.487731934, 0.746276855)
(0.354614258, 0.282226563, 0.4874878, 0.7462158)
(0.3548584, 0.281860352, 0.487731934, 0.74609375)
(0.3548584, 0.281860352, 0.487731934, 0.74609375)
(0.354797363, 0.28125, 0.487976074, 0.7461548)
(0.354797363, 0.28125, 0.487976074, 0.7461548)
(0.3550415, 0.280761719, 0.487976074, 0.746276855)
(0.3550415, 0.280761719, 0.487976074, 0.746276855)
(0.355285645, 0.280151367, 0.487915039, 0.7463989)
(0.355285645, 0.280151367, 0.487915039, 0.7463989)
(0.355285645, 0.280151367, 0.487915039, 0.7463989)
(0.355651855, 0.279785156, 0.487792969, 0.746459961)
(0.356384277, 0.279541016, 0.487731934, 0.7462158)
(0.35723877, 0.279418945, 0.487731934, 0.7458496)
(0.35723877, 0.279418945, 0.487731934, 0.7458496)
(0.357421875, 0.279418945, 0.487365723, 0.7460327)
(0.357421875, 0.279418945, 0.487365723, 0.7460327)
(0.357849121, 0.27923584, 0.4869995, 0.74609375)
(0.357849121, 0.27923584, 0.4869995, 0.74609375)
(0.358276367, 0.2788086, 0.486877441, 0.7461548)
(0.3585205, 0.278381348, 0.486877441, 0.7461548)
(0.3585205, 0.278381348, 0.486877441, 0.7461548)
(0.358642578, 0.2779541, 0.487182617, 0.74609375)
(0.358642578, 0.2779541, 0.487182617, 0.74609375)
(0.3583374, 0.277771, 0.487365723, 0.7461548)
(0.3583374, 0.277771, 0.487365723, 0.7461548)
(0.358398438, 0.277771, 0.487365723, 0.7461548)
(0.358398438, 0.277771, 0.487365723, 0.7461548)
(0.3587036, 0.278015137, 0.487243652, 0.7460327)
(0.3587036, 0.278015137, 0.487243652, 0.7460327)
(0.358642578, 0.278381348, 0.486877441, 0.7461548)
(0.3587036, 0.2786255, 0.4866333, 0.7461548)
(0.3587036, 0.2786255, 0.4866333, 0.7461548)
(0.358459473, 0.2786255, 0.4868164, 0.7461548)
(0.358459473, 0.2786255, 0.4868164, 0.7461548)
(0.358093262, 0.278747559, 0.486938477, 0.7462158)
(0.358032227, 0.27923584, 0.486755371, 0.7461548)
(0.358032227, 0.27923584, 0.486755371, 0.7461548)
(0.3579712, 0.279724121, 0.48638916, 0.746276855)
(0.3579712, 0.279724121, 0.48638916, 0.746276855)
(0.3579712, 0.280273438, 0.485839844, 0.7463989)
(0.3579712, 0.280273438, 0.485839844, 0.7463989)
(0.3577881, 0.2805786, 0.485534668, 0.746582031)
(0.3577881, 0.2805786, 0.485534668, 0.746582031)
(0.357177734, 0.280761719, 0.4854126, 0.7468872)
(0.357177734, 0.280761719, 0.4854126, 0.7468872)
(0.356872559, 0.281005859, 0.485351563, 0.7470093)
(0.356689453, 0.2810669, 0.4852295, 0.7471924)
(0.356689453, 0.2810669, 0.4852295, 0.7471924)
(0.356628418, 0.281188965, 0.484985352, 0.7472534)
(0.356628418, 0.281188965, 0.484985352, 0.7472534)
(0.356628418, 0.281555176, 0.4847412, 0.747314453)
(0.356628418, 0.281555176, 0.4847412, 0.747314453)
(0.356628418, 0.2821045, 0.484375, 0.747314453)
(0.356628418, 0.2821045, 0.484375, 0.747314453)
(0.356384277, 0.282531738, 0.484130859, 0.7474365)
(0.356384277, 0.282531738, 0.484130859, 0.7474365)
(0.355957031, 0.2828369, 0.4841919, 0.747497559)
(0.355163574, 0.282958984, 0.484313965, 0.7477417)
(0.355163574, 0.282958984, 0.484313965, 0.7477417)
(0.3546753, 0.2831421, 0.484375, 0.74786377)
(0.3546753, 0.2831421, 0.484375, 0.74786377)
(0.354370117, 0.283447266, 0.4841919, 0.7480469)
(0.354248047, 0.2838745, 0.4837036, 0.74823)
(0.354248047, 0.2838745, 0.4837036, 0.74823)
(0.3544922, 0.2841797, 0.4833374, 0.74823)
(0.3544922, 0.2841797, 0.4833374, 0.74823)
(0.3544922, 0.284240723, 0.4833374, 0.74823)
(0.3544922, 0.284240723, 0.4833374, 0.74823)
(0.3544922, 0.284240723, 0.4833374, 0.74823)
(0.3544922, 0.284240723, 0.4833374, 0.74823)
(0.3544922, 0.284240723, 0.4833374, 0.74823)
(0.3544922, 0.284240723, 0.4833374, 0.74823)
(0.354431152, 0.284118652, 0.483398438, 0.74823)
(0.3546753, 0.284301758, 0.483276367, 0.748168945)
(0.3546753, 0.284301758, 0.483276367, 0.748168945)
(0.3548584, 0.284484863, 0.4831543, 0.7480469)
(0.3548584, 0.284484863, 0.4831543, 0.7480469)
(0.3546753, 0.284301758, 0.483398438, 0.7480469)
(0.354431152, 0.2841797, 0.4837036, 0.7480469)
(0.354431152, 0.2841797, 0.4837036, 0.7480469)
(0.354370117, 0.284240723, 0.4837036, 0.7480469)
(0.354370117, 0.284240723, 0.4837036, 0.7480469)
(0.354370117, 0.284301758, 0.483642578, 0.7480469)
(0.354370117, 0.284301758, 0.483642578, 0.7480469)
(0.354614258, 0.2845459, 0.483581543, 0.74786377)
(0.354614258, 0.2845459, 0.483581543, 0.74786377)
(0.354614258, 0.284484863, 0.483764648, 0.747802734)
(0.354614258, 0.284484863, 0.483764648, 0.747802734)
(0.354553223, 0.284423828, 0.484069824, 0.7476196)
(0.354553223, 0.284423828, 0.484069824, 0.7476196)
(0.354370117, 0.284484863, 0.48425293, 0.7475586)
(0.354370117, 0.2845459, 0.4841919, 0.7475586)
(0.354370117, 0.2845459, 0.4841919, 0.7475586)
(0.354370117, 0.284606934, 0.4841919, 0.7475586)
(0.354370117, 0.284606934, 0.4841919, 0.7475586)
(0.354431152, 0.284667969, 0.4841919, 0.7475586)
(0.354553223, 0.284606934, 0.484313965, 0.7473755)
(0.354553223, 0.284606934, 0.484313965, 0.7473755)
(0.354553223, 0.284606934, 0.484313965, 0.7473755)
(0.3544922, 0.284301758, 0.484680176, 0.747314453)
(0.354553223, 0.284240723, 0.484863281, 0.7471924)
(0.354553223, 0.284240723, 0.484863281, 0.7471924)
(0.3550415, 0.2845459, 0.484619141, 0.7470093)
(0.3550415, 0.2845459, 0.484619141, 0.7470093)
(0.35534668, 0.284973145, 0.484375, 0.7468262)
(0.35534668, 0.284973145, 0.484375, 0.7468262)
(0.35546875, 0.28503418, 0.484680176, 0.746582031)
(0.3552246, 0.28503418, 0.4850464, 0.7463989)
(0.3552246, 0.28503418, 0.4850464, 0.7463989)
(0.3546753, 0.2849121, 0.485351563, 0.746521)
(0.3546753, 0.2849121, 0.485351563, 0.746521)
(0.3544922, 0.2850952, 0.485168457, 0.7467041)
(0.3544922, 0.2850952, 0.485168457, 0.7467041)
(0.354797363, 0.285339355, 0.4847412, 0.7467041)
(0.354797363, 0.285339355, 0.4847412, 0.7467041)
(0.355163574, 0.285461426, 0.484680176, 0.746521)
(0.355163574, 0.285461426, 0.484680176, 0.746521)
(0.3552246, 0.285461426, 0.484924316, 0.7463989)
(0.355102539, 0.28527832, 0.485351563, 0.7462158)
(0.355102539, 0.28527832, 0.485351563, 0.7462158)
(0.354919434, 0.285339355, 0.485473633, 0.7462158)
(0.354919434, 0.285339355, 0.485473633, 0.7462158)
(0.3552246, 0.285644531, 0.485351563, 0.7460327)
(0.3554077, 0.286010742, 0.485107422, 0.745910645)
(0.3554077, 0.286010742, 0.485107422, 0.745910645)
(0.35546875, 0.286010742, 0.485107422, 0.745910645)
(0.35546875, 0.286010742, 0.485107422, 0.745910645)
(0.3555298, 0.286010742, 0.4854126, 0.745727539)
(0.3555298, 0.286010742, 0.4854126, 0.745727539)
(0.3554077, 0.2859497, 0.485656738, 0.745605469)
(0.3554077, 0.2859497, 0.485656738, 0.745605469)
(0.35546875, 0.2859497, 0.485839844, 0.7454834)
(0.35546875, 0.2859497, 0.485839844, 0.7454834)
(0.355773926, 0.286071777, 0.485900879, 0.745239258)
(0.355773926, 0.286071777, 0.485900879, 0.745239258)
(0.355773926, 0.286071777, 0.485900879, 0.745239258)
(0.356140137, 0.286315918, 0.485900879, 0.7449951)
(0.356140137, 0.286315918, 0.485900879, 0.7449951)
(0.356140137, 0.286254883, 0.4862671, 0.744751)
(0.355896, 0.286315918, 0.486572266, 0.7446289)
(0.355896, 0.286315918, 0.486572266, 0.7446289)
(0.355896, 0.286315918, 0.486572266, 0.7446289)
(0.355773926, 0.286499023, 0.486694336, 0.7445679)
(0.3555298, 0.286682129, 0.486755371, 0.7445679)
(0.3555298, 0.286682129, 0.486755371, 0.7445679)
(0.35559082, 0.286743164, 0.486755371, 0.744506836)
(0.35559082, 0.286743164, 0.486755371, 0.744506836)
(0.35559082, 0.2868042, 0.486694336, 0.744506836)
(0.35559082, 0.2868042, 0.486694336, 0.744506836)
(0.355651855, 0.2868042, 0.486694336, 0.744506836)
(0.35546875, 0.286743164, 0.4869995, 0.744384766)
(0.35546875, 0.286743164, 0.4869995, 0.744384766)
(0.35546875, 0.286743164, 0.4869995, 0.744384766)
(0.35546875, 0.286743164, 0.4869995, 0.744384766)
(0.355651855, 0.2871704, 0.486755371, 0.7442627)
(0.355651855, 0.2871704, 0.486755371, 0.7442627)
(0.355957031, 0.287353516, 0.4866333, 0.74420166)
(0.355957031, 0.287353516, 0.4866333, 0.74420166)
(0.356018066, 0.287353516, 0.4866333, 0.7441406)
(0.356018066, 0.287353516, 0.4866333, 0.7441406)
(0.355896, 0.287597656, 0.48651123, 0.74420166)
(0.355773926, 0.2878418, 0.486328125, 0.7442627)
(0.355773926, 0.2878418, 0.486328125, 0.7442627)
(0.355773926, 0.287902832, 0.486328125, 0.7442627)
(0.355773926, 0.287902832, 0.486328125, 0.7442627)
(0.355773926, 0.287902832, 0.486328125, 0.7442627)
(0.355651855, 0.287963867, 0.48614502, 0.744384766)
(0.355651855, 0.287963867, 0.48614502, 0.744384766)
(0.3557129, 0.287963867, 0.48614502, 0.744384766)
(0.3557129, 0.287963867, 0.48614502, 0.744384766)
(0.355834961, 0.288146973, 0.485839844, 0.7444458)
(0.355834961, 0.288146973, 0.485839844, 0.7444458)
(0.356140137, 0.2883911, 0.4855957, 0.744384766)
(0.356140137, 0.2883911, 0.4855957, 0.744384766)
(0.356384277, 0.288513184, 0.485473633, 0.7442627)
(0.356384277, 0.288513184, 0.485473633, 0.7442627)
(0.356506348, 0.288574219, 0.485534668, 0.7441406)
(0.356506348, 0.288574219, 0.485534668, 0.7441406)
(0.3562622, 0.2883911, 0.485717773, 0.7442627)
(0.355773926, 0.288146973, 0.485839844, 0.7444458)
(0.355773926, 0.288146973, 0.485839844, 0.7444458)
(0.3557129, 0.288085938, 0.485839844, 0.7445679)
(0.3557129, 0.288085938, 0.485839844, 0.7445679)
(0.355896, 0.288085938, 0.485717773, 0.744506836)
(0.356201172, 0.2880249, 0.485839844, 0.74432373)
(0.356201172, 0.2880249, 0.485839844, 0.74432373)
(0.356201172, 0.288085938, 0.4857788, 0.74432373)
(0.356201172, 0.288085938, 0.4857788, 0.74432373)
(0.356201172, 0.288085938, 0.4857788, 0.74432373)
(0.356201172, 0.288085938, 0.4857788, 0.74432373)
(0.356201172, 0.288085938, 0.485839844, 0.7442627)
(0.356201172, 0.288085938, 0.485839844, 0.7442627)
(0.356140137, 0.288146973, 0.485900879, 0.7442627)
(0.356140137, 0.288146973, 0.485900879, 0.7442627)
(0.356140137, 0.2880249, 0.486083984, 0.74420166)
(0.356140137, 0.2880249, 0.486083984, 0.74420166)
(0.356140137, 0.2880249, 0.486083984, 0.74420166)
(0.356140137, 0.288085938, 0.486022949, 0.74420166)
(0.356140137, 0.288085938, 0.486022949, 0.74420166)
(0.3562622, 0.288085938, 0.486022949, 0.7441406)
(0.3562622, 0.288085938, 0.486022949, 0.7441406)
(0.3564453, 0.287963867, 0.486083984, 0.7440796)
(0.3564453, 0.287963867, 0.486083984, 0.7440796)
(0.356384277, 0.287780762, 0.48614502, 0.7440796)
(0.356384277, 0.287780762, 0.48614502, 0.7440796)
(0.356384277, 0.2878418, 0.48614502, 0.7440796)
(0.3564453, 0.2878418, 0.48614502, 0.7440796)
(0.3564453, 0.2878418, 0.48614502, 0.7440796)
(0.356384277, 0.288085938, 0.486206055, 0.7439575)
(0.356384277, 0.288085938, 0.486206055, 0.7439575)
(0.356140137, 0.288452148, 0.4862671, 0.7438965)
(0.356018066, 0.288757324, 0.4862671, 0.743835449)
(0.356018066, 0.288757324, 0.4862671, 0.743835449)
(0.355896, 0.289123535, 0.48638916, 0.7437134)
(0.355896, 0.289123535, 0.48638916, 0.7437134)
(0.3557129, 0.289367676, 0.48651123, 0.7435913)
(0.3557129, 0.289367676, 0.48651123, 0.7435913)
(0.355651855, 0.289672852, 0.48651123, 0.7435303)
(0.355651855, 0.289672852, 0.48651123, 0.7435303)
(0.355651855, 0.2897339, 0.48651123, 0.743469238)
(0.355651855, 0.2897339, 0.48651123, 0.743469238)
(0.355957031, 0.289917, 0.48638916, 0.743347168)
(0.355957031, 0.289917, 0.48638916, 0.743347168)
(0.355957031, 0.289917, 0.48638916, 0.743347168)
(0.355773926, 0.289672852, 0.486755371, 0.743286133)
(0.355773926, 0.289672852, 0.486755371, 0.743286133)
(0.35559082, 0.289550781, 0.4869995, 0.7432251)
(0.3552246, 0.2894287, 0.487243652, 0.743347168)
(0.3552246, 0.2894287, 0.487243652, 0.743347168)
(0.3552246, 0.289489746, 0.487182617, 0.743347168)
(0.3552246, 0.289489746, 0.487182617, 0.743347168)
(0.35559082, 0.289794922, 0.487060547, 0.743164063)
(0.35559082, 0.289794922, 0.487060547, 0.743164063)
(0.3560791, 0.290039063, 0.486877441, 0.7429199)
(0.3560791, 0.290039063, 0.486877441, 0.7429199)
(0.356140137, 0.290039063, 0.486877441, 0.7429199)
(0.356140137, 0.290039063, 0.486877441, 0.7429199)
(0.355896, 0.289855957, 0.487182617, 0.7428589)
(0.355651855, 0.2897339, 0.4874878, 0.7428589)
(0.355651855, 0.2897339, 0.4874878, 0.7428589)
(0.35559082, 0.2897339, 0.487609863, 0.742797852)
(0.35559082, 0.2897339, 0.487609863, 0.742797852)
(0.35559082, 0.289794922, 0.487548828, 0.742797852)
(0.35559082, 0.289794922, 0.487548828, 0.742797852)
