15,23,25,-38,-88,21,28,20
-7,-12,-21,94,84,-8,-15,-12
1,2,-1,-62,-101,-32,9,2
-5,-9,-11,33,113,45,-10,-1
-7,-7,4,-39,-107,-42,-8,-8
2,6,28,-42,6,8,9,-2
8,15,46,57,38,20,7,5
-5,-5,-2,1,18,-14,-6,-3
2,1,0,2,22,12,7,6
9,11,7,28,6,18,5,9
-10,-17,-45,-51,-53,-40,-31,-16
6,12,11,1,-96,-43,-8,2
-5,-1,8,122,51,42,-2,-4
3,4,-4,-43,-10,-3,9,1
-5,-10,-31,-73,-48,-29,-3,-4
3,0,9,71,104,60,25,5
-3,-4,-2,-3,-10,-25,-24,-7
-6,-4,-4,3,-21,-9,-9,-8
-2,-5,-18,-38,-79,-22,-7,-1
1,0,1,17,84,63,15,6
5,8,21,-12,-96,-10,21,12
10,15,29,14,9,32,4,12
-1,1,2,-2,-9,-21,-15,-7
-11,-9,-15,-63,-22,-33,-11,-17
-5,-10,-13,37,103,13,-3,-9
13,15,22,-1,-92,-14,11,12
-2,-4,-5,44,65,19,-1,-3
-1,2,6,33,-8,-8,8,4
4,6,4,-22,34,32,8,6
-19,-16,-17,28,30,-29,-18,-15
-12,-18,-29,-35,32,-3,-13,-10
8,11,26,34,-100,-38,-2,2
-2,-7,-11,1,66,38,10,2
0,-5,9,28,-41,-1,-3,-2
0,1,5,16,52,24,20,9
-1,0,-15,-29,-9,-1,-15,-6
-8,-6,-13,-69,-128,-57,-11,-10
-2,-1,11,38,48,5,-19,-5
11,19,41,23,-9,6,19,11
-6,-10,-17,-46,-69,-31,-4,-6
-6,-12,-23,-29,-47,-27,-10,-6
-3,-3,-22,-18,10,3,7,-2
-7,-9,-27,-64,-115,-49,-7,-11
10,7,20,-10,32,12,-1,5
-2,-3,4,13,33,4,-11,-3
-8,-6,-16,-35,-37,-7,7,-2
2,5,13,52,-4,4,-10,4
-7,-4,-15,-42,-36,-5,6,-6
5,11,28,87,102,28,0,1
3,1,-1,-5,-7,1,-3,2
-1,-5,1,3,8,10,-6,0
2,1,5,-6,-16,-1,-6,0
0,-5,-7,-10,-39,-17,5,3
4,2,8,9,45,18,11,7
1,0,1,-1,7,17,-4,1
-7,-8,-13,1,-10,-12,-11,-8
-9,-9,-25,-41,24,-11,-20,-13
11,15,23,54,37,12,23,5
-3,-7,-2,-9,14,8,-13,-3
4,2,8,-2,-4,6,13,7
0,-3,-2,-7,-33,-18,1,1
-4,-9,-14,-35,-70,-23,-7,-4
-2,1,-4,15,43,14,3,-3
6,10,12,13,24,2,5,1
3,7,22,35,13,5,-7,4
-8,-6,-10,-11,-51,-19,-12,-7
-1,1,2,35,67,24,6,0
-2,3,19,62,68,41,25,9
5,9,7,-23,-24,-1,-10,3
-5,-10,-18,-8,71,5,-4,-6
-8,-2,4,5,-78,-21,-3,-9
2,3,4,-3,-7,-1,-7,2
-2,-3,-5,-1,-2,2,3,-1
2,3,5,-9,-25,7,3,4
-2,-7,-20,-53,-61,-23,1,-3
-4,-8,-12,-1,-5,-11,-11,-6
-5,-8,-13,-33,-32,-15,-2,-3
-7,-11,-17,-54,-65,-20,1,-4
4,5,7,-6,-27,10,7,7
-5,-8,-7,-28,-61,-29,-28,-6
1,-1,-9,5,30,3,10,-4
-8,-6,-7,2,-45,-19,-16,-10
2,3,-1,-6,27,7,5,4
1,3,4,12,-2,3,7,3
-5,-7,-13,-28,-56,-15,-11,-5
-3,-9,-18,5,55,5,6,-1
7,12,13,16,26,20,14,4
1,3,3,-26,-19,-19,-19,-4
-5,-3,0,20,15,-2,3,-5
3,5,5,0,12,17,10,7
-5,-9,-13,1,27,5,0,-5
-11,-17,-29,-29,-16,-16,-16,-11
9,10,12,-34,-106,-9,13,1
0,3,21,42,-19,-2,-29,-3
-1,-5,-5,-6,6,6,4,0
-6,-10,-10,-1,5,1,10,-2
-6,-9,-25,-38,-7,-17,-5,-5
8,11,20,46,92,30,1,5
-4,-6,-12,-29,-33,-25,-7,-3
3,1,-4,11,10,8,7,-2
-6,-2,1,11,11,-2,-13,-1
-1,-5,-7,-30,-17,-6,9,-3
-5,-6,4,26,48,13,-11,1
-1,6,11,20,22,10,9,0
-4,-3,-6,11,-43,-12,-6,-3
3,7,4,-3,24,15,14,5
2,6,7,-10,15,11,-4,-1
-11,-13,-22,-5,-12,-32,-21,-12
3,5,12,0,40,19,13,0
-1,0,5,11,-63,-20,-7,1
-1,-3,-11,-11,-22,-20,4,0
-1,-1,2,-7,-14,11,-2,2
2,-1,-1,-18,-50,-10,6,2
-1,0,4,-10,2,16,7,-5
-6,-2,-4,-7,-41,-17,-8,-7
0,1,6,13,53,13,9,6
-5,-9,-17,-5,32,8,-5,-1
0,1,-2,-17,-18,4,-3,7
2,1,5,-5,-41,-21,-11,-9
4,4,22,44,16,6,10,0
-4,-1,2,10,21,-4,-11,-3
-4,-8,-16,-4,25,-8,-15,-10
3,3,3,-3,-16,6,8,5
1,-8,-14,-45,-61,-11,1,2
2,4,12,28,77,13,-4,-2
-4,-2,-9,-18,-61,-27,-2,-5
-4,-6,-9,20,100,24,3,-1
-3,0,-5,-19,-36,-9,-7,-2
-4,-3,-1,10,17,3,-4,0
-7,-7,-8,-6,17,-4,-7,-3
-2,-5,-6,-30,-43,-1,-3,-4
2,0,1,11,15,2,5,2
-6,-12,-9,10,-4,-1,1,-5
5,6,-2,-3,45,8,-4,-4
-7,-4,-3,1,-26,-10,-6,-6
-1,0,-2,1,33,7,5,1
2,5,8,-9,-11,-1,-2,2
-4,-7,-2,16,39,17,7,4
7,7,3,-54,-98,-17,7,4
0,1,-3,-15,-34,-13,-11,0
5,3,9,58,97,38,14,8
1,1,4,-12,8,15,24,7
-4,1,2,10,10,-8,-35,-5
-7,-5,-2,1,-12,-29,-10,-16
-9,-11,-22,-22,-38,-27,-15,-13
6,4,5,13,-4,5,7,5
1,0,9,63,68,30,11,4
5,6,12,3,-10,12,11,7
-1,-3,-2,4,-8,-12,-12,-5
-4,-3,-6,-16,-4,-1,2,-3
-6,-6,-11,-15,-13,-10,3,-4
-3,-2,-6,-28,-60,-15,-13,-5
0,0,2,10,53,11,2,0
4,2,5,-17,-35,-11,-2,4
6,1,4,17,30,40,34,10
1,7,5,-5,-14,-10,-35,-1
-9,-7,-14,-25,-46,-41,-21,-15
-4,-6,-6,2,10,5,-9,-8
-4,-3,-8,-15,-43,-24,0,-2
6,5,4,18,50,38,36,15
3,5,2,-27,-76,-9,7,5
-4,-5,-7,6,46,-3,-19,-4
3,6,6,-24,-41,-7,-2,-2
-1,-7,-10,11,29,4,3,-7
6,1,6,-11,-20,-10,3,4
0,-6,1,1,-37,0,4,2
-7,-9,-15,-17,-11,-26,-16,-4
4,4,4,17,33,15,4,0
-4,-1,0,-3,33,23,11,2
-5,-5,-19,-31,-42,-20,-7,-8
-4,0,3,18,27,6,0,-3
-7,-8,-9,-6,1,-9,-14,-6
0,2,4,-5,-38,-7,-4,3
1,-1,3,7,-4,-9,6,2
-3,-7,-6,-7,16,1,-8,0
-3,-3,-14,-37,-1,7,6,-1
3,4,9,26,6,9,-5,0
-5,-3,1,-3,-31,-7,-4,-5
1,-2,-4,6,-24,-14,-2,-5
3,3,4,-2,38,19,7,3
0,-1,0,6,35,7,-6,0
2,3,-2,3,-16,-10,3,-1
0,-2,0,-1,-8,3,-3,3
-2,-3,-2,-6,-15,-2,-1,-7
-7,-9,-16,-25,-26,-20,-11,-9
6,8,15,-10,-43,2,4,5
-2,1,3,1,46,15,20,2
-4,0,1,6,-32,-18,-19,0
-4,-3,-7,-6,7,-1,-1,-3
-5,0,-4,-17,-7,-6,-2,-6
4,4,6,22,-2,-4,-3,-1
-5,-7,-8,9,21,1,6,-5
6,5,10,-14,-60,3,9,8
0,-1,2,34,81,4,16,6
5,4,4,-26,-55,6,-12,1
-2,-2,9,22,-6,-12,-13,-16
1,-3,-2,12,82,18,1,1
-3,0,-4,1,0,-1,-1,-1
-5,-6,-13,-20,-32,-29,-6,-3
5,6,8,2,14,8,6,9
-1,0,-2,-20,-27,-2,4,1
3,4,14,41,14,15,3,1
-4,-4,-7,6,42,9,6,-1
1,4,3,6,1,5,-7,3
-2,-2,-2,-6,-38,-30,-11,-3
3,-2,6,7,-4,5,2,7
-3,0,5,1,-29,8,11,-3
-4,-4,-3,11,49,8,-3,-4
-4,3,-2,2,0,-4,-4,-8
-5,-7,-13,-2,38,8,-17,-6
3,3,4,1,-1,-8,11,2
-1,-4,-6,-24,-31,3,11,3
4,6,7,5,19,3,2,4
-4,-2,-4,16,67,3,-14,-7
0,-2,-7,-10,-16,-17,-9,-2
-3,-6,-8,9,58,15,7,-1
2,2,6,6,-41,-2,12,4
-4,-4,-9,-27,-6,-11,-26,-8
9,16,19,20,-9,-2,5,10
-5,-5,-5,10,-19,-5,-2,-7
0,-3,-1,-3,29,24,21,3
2,3,1,-7,-33,-7,-3,0
-5,-4,-3,-2,20,-1,-20,-4
-2,-2,-1,-7,-30,-16,-2,0
2,1,2,-1,-39,-15,3,4
0,-5,-4,0,21,19,14,6
4,9,11,-11,-12,9,-9,-2
-4,1,3,14,19,0,8,-1
-5,-4,-6,-10,-21,-8,-10,-4
10,12,16,14,1,5,9,8
-7,-14,-16,-16,11,-1,-1,-3
-5,-5,-4,-17,-38,-9,-11,-9
1,2,4,40,55,17,20,6
-4,-4,-11,-16,-33,-15,-9,-3
-2,-3,-4,10,61,4,-21,-4
-2,-2,-4,-21,-54,-20,2,-2
-9,-4,-8,14,57,15,-5,-5
0,1,5,-25,-27,-3,12,-3
5,6,12,25,14,25,14,8
-4,-3,-7,-12,-2,-12,-3,-1
-2,-2,-6,-7,2,-4,-12,-7
-4,-4,-1,8,13,-8,3,1
-5,-8,-16,-27,-40,-4,-15,-6
6,7,10,17,63,8,4,3
4,5,8,-27,-64,2,4,3
-3,-1,-1,-3,-18,-7,-6,-4
-6,-10,-12,4,9,-11,-1,-4
1,0,-1,-8,-35,-6,5,5
-1,-5,-10,-8,28,5,1,-1
-2,-2,-2,2,4,-6,-7,-4
-3,0,-5,-10,-7,-2,-5,-4
-2,2,5,15,15,2,-3,-4
-4,-7,-9,-27,-12,-15,-9,-3
4,4,5,-3,-12,1,22,5
-3,-1,1,19,25,7,-17,-5
-3,-2,-2,13,1,0,-7,-4
-7,-7,-7,-5,5,-16,-16,-8
-3,-1,-5,-6,-31,-8,-3,-3
-1,0,-4,1,-16,-11,9,0
3,4,3,11,45,17,6,5
5,7,16,43,46,19,7,2
-3,-5,-4,-8,-45,-11,-9,-6
-6,-11,-14,-16,26,-1,-2,-8
-4,-7,-9,-2,3,-10,-12,-5
3,5,11,4,-54,-8,8,7
1,-2,1,18,49,24,5,3
-1,-2,1,-9,-13,-2,-6,-1
0,0,-3,-5,-15,5,29,6
-5,-6,-9,-19,-9,0,-31,-5
-6,-5,-8,2,20,-14,-29,-15
-3,-2,-1,-9,-39,-22,1,-1
6,12,16,-19,-55,13,17,10
-2,-1,-1,8,11,2,4,0
-4,-2,-4,6,-7,-3,-6,-4
-1,1,0,-12,-11,6,5,-1
1,-1,-4,-11,1,-4,-6,1
-3,-2,-3,-9,-4,3,8,2
-4,-7,-9,-16,-29,-8,-6,-3
-1,0,7,34,94,24,7,-2
-3,-6,-5,-10,-18,-15,-6,-2
-2,0,5,36,6,10,5,-3
-3,1,-7,-34,-38,-7,-1,2
-2,-2,-1,20,6,-3,-5,-5
0,3,6,-10,-18,-1,-15,-3
1,-2,-9,-24,-42,-19,23,2
1,1,5,18,57,16,-42,-5
-3,-6,-7,-13,-3,-15,8,-6
-9,-10,-10,-10,-7,-4,-15,-9
1,1,5,-5,8,4,5,1
3,2,9,11,9,10,26,7
-3,-6,-14,-15,1,4,-11,-4
2,0,5,6,2,-2,1,3
0,0,3,8,24,4,-3,-2
-1,2,2,-6,-53,-11,3,3
-1,-3,-2,3,8,1,-5,3
0,3,0,16,20,-4,2,-4
-3,1,-4,9,14,5,-3,1
2,2,3,-9,11,11,5,2
-5,0,-2,-13,-85,-43,-8,-6
-2,-4,-4,0,4,13,2,-1
-1,-2,2,8,33,6,-8,-5
-2,-4,-2,-6,-5,-6,20,-2
8,6,9,9,26,21,13,12
-3,-2,-1,5,-6,-10,-7,-6
-7,-9,-13,-19,-36,-25,-23,-12
-1,-3,1,1,17,0,0,0
2,7,9,-1,-16,9,14,0
1,-1,-3,-3,8,0,-7,3
-1,-4,-10,-1,-5,-5,-5,-4
1,4,4,-13,-43,-12,4,3
-1,-2,0,4,-1,6,-2,3
-1,-3,-3,12,47,11,3,0
-7,-4,-6,-36,-50,-10,-6,-7
-1,0,1,10,28,5,-1,4
0,0,2,4,9,-1,-2,-1
-4,-3,-8,-15,-21,-9,-4,-3
4,2,2,6,52,10,3,3
-1,-4,-5,9,30,1,-9,-5
-2,2,3,-12,-32,2,5,2
5,3,6,16,23,4,8,0
-4,-3,-4,8,-14,-10,-8,-6
-3,-4,-4,-1,-1,-5,-7,-3
-3,-7,-12,5,34,-3,-9,-3
-2,-1,2,-7,-2,-1,7,5
1,3,11,3,-26,10,4,0
-2,-2,0,3,3,-1,6,1
-3,-5,-7,-13,-7,-8,1,-2
1,4,7,-1,-37,-1,-23,0
-3,-3,-9,1,41,8,12,-4
-1,-1,-3,-14,-66,-14,-5,-2
1,7,12,-5,-2,-2,2,0
-3,-5,-3,-2,9,-8,-6,-4
-2,-3,-5,-3,7,2,-2,3
0,-6,-5,-5,-1,5,5,-4
-4,-7,-7,2,21,5,2,-1
3,7,7,3,3,5,5,3
-1,-2,-6,-12,-30,-16,-11,1
-7,-4,-11,2,23,5,5,-1
3,4,6,7,25,10,2,-1
-1,-3,-3,-2,-15,-6,-4,-4
0,-4,-3,-10,-10,1,6,2
-2,0,3,-11,-12,-9,-9,-7
-1,-1,-1,2,-12,-5,-7,-3
-2,-2,-5,-17,-52,-4,6,1
7,10,14,28,40,0,7,4
-1,0,-2,8,-3,5,-5,-1
3,-1,7,13,-7,1,15,2
-5,-3,2,9,11,-8,-9,-6
-1,-4,1,-6,-41,-7,-10,-5
-1,1,1,-12,-9,-10,-12,-2
0,3,6,28,43,18,4,2
-3,-4,-7,-3,17,-2,-3,1
-2,2,0,-11,-16,-5,0,0
-1,-4,-2,0,-2,5,5,2
4,5,1,0,20,15,9,4
1,-2,2,20,21,-3,-12,-5
1,1,0,-9,-14,-7,-4,-6
1,5,6,12,7,4,6,-1
-3,-6,-10,-21,-35,-17,-10,-5
1,3,-2,1,-12,12,13,7
-3,-8,-10,-11,21,4,-4,-1
4,8,14,28,-17,-6,4,4
0,1,3,-10,11,12,5,5
-4,-1,-3,-4,6,0,-2,-1
-2,-6,-13,-23,-49,-15,-9,-5
-1,0,-4,7,51,16,11,1
-4,-7,-7,-12,-54,-18,-13,-8
-3,-4,-3,-4,33,8,-9,0
5,2,1,-13,-37,-9,6,0
-1,3,0,26,85,16,0,2
-2,1,3,11,-2,-10,-9,0
-2,-5,-5,-8,-15,8,7,-2
2,0,1,0,10,-2,-3,4
-3,-4,-1,-12,-28,-17,-4,-6
-3,-4,-8,-2,11,-5,2,1
-2,1,-5,-13,-23,0,9,3
-3,3,4,19,45,12,-5,-1
1,-3,-3,-17,-53,-2,-14,-8
-3,-5,-2,0,-2,-5,-2,-3
0,-4,-6,-17,-31,-14,2,-5
0,0,1,12,13,-1,-7,-2
3,2,0,-25,-8,-8,0,2
-5,-2,-2,0,-28,-4,-5,-5
-2,-5,-4,13,37,8,3,3
-2,-5,3,7,-1,-1,0,-4
0,-3,-3,-3,-13,-3,0,1
4,2,-1,-12,-13,0,-3,0
-4,-7,-6,-1,-9,-4,1,-5
0,3,2,-8,-4,4,5,6
-6,-5,-7,-3,1,-3,-6,-6
-2,-1,-2,11,11,-2,2,-1
-2,1,0,-2,6,1,-7,-5
2,4,7,18,16,8,12,4
-4,-3,-8,4,19,7,-9,-2
1,2,1,-35,-77,-26,-9,-2
1,2,11,29,77,3,4,0
-2,-2,1,-13,-47,-5,-7,0
0,-2,-1,2,12,4,9,2
-2,-2,-3,17,37,14,-8,-7
1,5,4,-14,-30,-5,2,2
-1,0,0,-14,-38,-5,9,0
-2,-3,2,33,71,16,-1,-1
2,-1,4,3,-6,-1,-4,5
4,1,0,-20,-22,3,4,2
-6,-7,-15,-1,23,-8,-6,-10
1,5,1,-10,-22,-1,6,3
-7,-5,-9,-18,7,3,1,-6
0,-1,-6,-8,-19,-7,-8,-2
-3,-6,-3,12,41,-1,-4,-2
0,-4,-5,-25,-31,-11,2,1
2,1,4,19,13,8,4,-2
-2,-1,-4,0,0,4,21,0
-5,-2,-5,-13,-23,-25,-41,-9
-1,-3,-2,-7,-11,-9,-8,-5
-5,-4,-6,0,28,9,4,-2
-4,0,7,30,5,-10,-12,-5
-1,-1,-4,3,19,12,16,4
0,3,6,-6,-30,-8,3,3
0,0,-1,-6,5,-2,0,0
1,-2,-3,-11,-35,-4,-3,-3
-3,-2,0,-6,5,2,3,-2
0,-3,-3,-6,-26,-3,0,0
2,1,6,17,46,1,-2,1
-1,1,4,33,-6,0,-2,-2
8,9,8,-12,-13,4,-2,6
-5,-8,-12,9,29,10,10,-3
2,3,9,1,1,-1,9,2
-2,0,-4,-27,-23,-11,-11,-2
-2,4,9,32,32,5,-15,-6
-3,-1,3,7,-16,-22,-7,-8
-1,-1,-8,-12,-35,-9,1,-3
-1,-3,-4,-4,38,10,3,2
0,-4,-7,-2,1,22,17,7
4,6,5,-15,-21,6,1,5
-7,-11,-14,-18,-45,-33,-20,-10
-1,-5,-1,-24,5,4,-4,-1
3,2,3,5,-13,2,7,3
-3,-3,-6,4,32,2,-11,-6
-2,1,4,-1,-27,1,9,5
-8,-4,-9,-17,-10,-10,-8,-12
-3,-4,-6,18,18,-4,0,-5
1,7,2,-21,-44,-8,1,1
1,2,3,-1,-1,13,2,2
-1,-1,-1,-3,-13,-2,10,0
-4,-5,-6,-1,17,11,10,-2
-3,-3,2,-13,-47,-21,-28,-4
-4,-10,-13,-11,6,-6,-7,-8
5,2,7,5,-16,5,12,5
-3,-6,-10,0,0,-5,-7,-3
2,6,8,-7,-11,9,14,3
0,2,4,7,-4,0,-4,-2
-1,-2,-7,-19,-47,-15,-2,-3
-2,0,3,12,28,10,1,-4
1,-3,-4,8,37,4,-3,1
4,5,5,-6,-48,-3,8,8
-3,-3,-4,14,64,13,-9,-8
-2,-2,-1,-16,-26,-32,-12,-4
-7,-7,-7,28,66,8,-5,-6
-1,0,-5,-20,-35,-5,6,3
6,7,11,1,2,6,6,13
1,3,5,-5,4,13,-2,4
-5,-9,-10,0,11,6,21,-2
-3,-3,-7,-10,22,-11,-17,-5
-1,1,-1,7,4,-11,-31,-9
-4,-4,-5,-6,-19,-13,2,-5
4,-1,-1,-28,-42,-4,13,5
4,-1,8,49,36,16,4,3
3,2,-1,-11,-19,0,1,0
-1,4,0,-1,-4,9,-9,-3
-2,3,-4,-4,-7,-6,-1,-2
-8,-1,-8,-9,14,-6,-3,-6
-3,-1,-4,2,19,4,0,-1
8,11,19,-2,-10,12,16,8
-2,1,5,19,-4,4,1,1
-2,-3,-2,1,24,4,-4,-2
-4,-5,-1,15,1,-5,-3,5
1,-2,-1,-6,-13,-4,-2,-5
-3,-5,-5,-15,-16,-7,-4,-4
4,5,13,5,-9,11,25,7
-6,-6,-3,9,16,-17,-37,-9
-5,-8,-9,-8,1,-19,-13,-10
2,0,2,13,7,-2,1,-2
0,-1,-9,-7,6,1,10,0
2,3,5,7,-5,16,8,2
-2,-3,-1,-7,-24,-8,-1,1
2,-1,1,2,17,6,-9,-1
-2,-2,-2,2,2,2,2,0
-3,-1,-5,-13,-30,-10,5,-1
-1,1,2,15,50,6,-4,6
0,-2,-6,0,-10,-7,3,1
0,0,-2,-4,-18,4,-1,0
0,0,0,-6,-13,-11,1,-5
-1,-3,-7,-4,-17,4,-1,-6
-2,3,5,11,30,5,2,2
-1,0,-1,11,37,-18,-18,-1
-2,-3,-6,-26,-54,-7,2,-2
0,-2,4,-4,-3,3,10,2
-2,-7,-5,19,70,31,3,-2
0,0,-1,-38,-30,-3,-16,-8
3,5,9,30,13,-10,8,4
-1,1,0,6,-6,1,5,-2
-3,2,0,-9,-21,-19,-24,-4
0,-5,-8,7,26,12,2,4
-2,0,0,-20,5,9,7,-1
1,-3,-4,-18,-39,-8,9,3
-4,-2,0,4,0,-4,-3,-5
0,-2,-2,-5,18,2,5,-1
3,2,5,15,19,12,2,4
-3,-1,-3,7,7,-12,-5,2
0,-3,-3,-21,-39,0,5,-1
-3,-3,-3,10,19,5,-4,-6
-4,-1,-5,-10,-3,-3,-2,-3
-4,-5,-9,8,36,8,0,1
10,9,7,-11,-44,-12,0,7
-3,-5,-6,6,2,-12,-5,-4
4,1,4,-12,-32,1,-2,-2
-5,-7,-8,-18,-1,-7,1,-3
-2,-3,-1,9,0,0,-10,-5
-2,-3,6,11,0,-6,-21,-4
-2,-2,-4,8,31,7,18,2
3,5,-3,-21,-40,-1,-8,-1
-2,0,2,25,51,-4,1,-4
4,3,-1,-17,-48,-8,-2,-1
-3,-6,-4,20,5,-9,-7,-3
1,2,13,21,-5,0,3,-1
-5,-4,-8,-13,-5,0,2,-1
3,2,5,21,33,9,1,-2
7,4,5,-18,-25,1,6,4
5,0,3,13,-1,-1,2,-2
-1,-7,-6,-3,-11,-11,-8,-9
-3,-7,-7,-18,-15,-4,-4,-1
2,4,9,29,32,15,7,7
-1,1,2,5,10,-3,6,2
-5,-4,-9,-16,-19,4,-10,-2
-3,-1,4,2,16,-16,-20,-10
-6,-1,-6,-14,-17,-2,3,-4
-4,-2,-3,-7,3,-3,-4,-1
-1,2,3,-3,-27,3,21,6
2,3,5,16,27,28,21,5
-6,-10,-10,-1,16,-17,-33,-11
-3,0,3,-19,-40,-15,-9,-2
-1,1,-2,-5,30,5,-1,-1
-2,-1,-1,2,-9,-1,6,0
0,-3,-6,-13,14,9,7,3
2,4,-1,13,18,11,-3,4
-4,-2,0,9,-23,-14,-2,-9
-2,-1,0,-16,-23,-7,-5,-3
-2,-2,-2,-9,8,3,2,-2
-3,-9,-4,0,2,-5,-3,-3
3,-2,-3,-7,8,7,2,4
-1,0,-2,6,10,2,17,4
-1,-5,-1,2,-12,-8,-13,-3
-6,-5,-7,-2,-9,-12,-12,-9
-2,2,6,-8,13,10,-7,0
-4,-3,-7,-4,8,4,2,-3
3,3,-1,-9,-26,6,10,3
0,2,3,8,17,6,3,3
-1,-1,-9,-14,-17,-18,-3,0
-5,1,0,12,13,-1,-31,-10
-3,-2,-4,11,14,-1,4,-3
3,3,5,-14,-29,-4,6,4
-2,-2,3,-1,-9,2,7,2
3,-4,-5,-7,5,3,13,6
2,3,4,12,-18,-8,-6,1
-1,-1,-7,-8,8,13,1,-4
-8,-4,-11,-14,-24,-32,-15,-9
-2,5,12,14,29,11,0,-1
1,-7,-6,-9,7,4,9,3
2,3,-6,3,5,8,-1,2
6,1,6,8,-1,-7,-6,-2
-1,1,3,-17,-41,-16,-2,-1
1,-1,-3,10,24,-3,-6,-2
0,7,8,-2,10,12,6,3
-17,-3,-4,1,-7,2,-1,-13
7,-1,-6,-5,-9,-3,-2,6
6,0,-6,4,-8,-10,-1,8
2,-1,0,6,46,3,3,0
3,2,3,0,-7,7,-1,3
-8,-8,-4,-15,-34,-8,3,-6
-11,-6,-1,-17,-9,-6,-2,-7
2,-6,-5,2,-13,-24,-9,-2
2,1,3,8,17,21,-4,-6
-2,0,-8,4,14,-14,2,-7
4,4,7,-14,-54,-20,-26,2
-3,-3,1,14,-1,3,1,-6
0,-2,-1,4,-22,-7,4,1
-4,1,-5,-7,-13,4,3,1
-5,1,2,10,9,6,2,-3
-5,-7,-5,-5,2,-4,-5,10
4,2,1,-17,-47,3,18,18
6,3,5,3,24,15,-12,11
-1,2,9,18,35,26,11,-3
-1,0,-2,-5,-20,-21,-6,-8
0,-6,-8,-5,22,-9,-11,-10
-2,1,3,0,-19,-16,-4,-7
-5,-6,-2,4,6,9,6,-7
3,-2,-4,-2,-16,6,-1,-3
2,0,8,21,61,6,17,4
1,0,2,-7,-24,0,-9,-5
-9,-7,-13,-24,-9,-6,-12,-10
-1,-2,4,14,0,0,5,-5
1,4,1,-6,2,-2,12,-1
1,1,-1,-3,4,8,-7,-1
-1,-2,-8,-28,-49,-15,-6,-6
-7,-6,-7,-15,-5,-19,-9,-6
0,-2,0,2,-3,1,-9,-2
-3,-8,-9,11,24,3,6,2
2,3,2,-3,-16,-3,3,1
-2,-4,2,-2,10,6,1,-3
-3,-3,0,2,-7,-6,-9,-9
-4,-6,-5,3,24,2,8,2
0,0,-5,-8,13,1,-5,3
-1,1,5,6,-26,-8,-5,-2
1,1,2,-15,-6,-6,-4,2
5,1,7,21,17,12,11,-2
1,1,-1,-2,-18,-5,5,0
-2,0,-8,-15,7,-9,-2,-2
-5,2,-6,-10,-21,3,-10,-5
-3,2,-1,18,28,-4,4,-7
2,4,7,-22,-36,-1,1,6
1,1,3,19,21,7,11,-7
0,-5,-8,7,-3,-5,-26,-4
2,-2,-7,-40,-35,-6,3,1
1,-3,4,50,109,21,11,0
4,2,1,-27,-55,-3,-4,5
-1,-1,-1,-2,21,2,6,5
-2,-3,-3,-1,-4,-2,-9,-6
-7,-6,-2,9,26,-7,-8,-5
-1,-1,-2,-13,13,8,3,1
2,1,3,28,23,8,10,5
-1,0,-3,-25,-10,-8,-7,5
2,1,6,38,-6,-1,9,3
-2,-2,-1,6,9,8,-9,-3
2,-1,-2,-10,-9,-2,-2,-2
1,0,9,28,-4,-2,-2,-1
-2,-1,-8,-10,-5,-12,-3,-7
-1,0,-3,-5,14,10,5,-3
-2,0,1,8,0,6,11,-5
-4,-1,-6,-22,-32,-20,-14,-3
0,-2,-4,-14,-14,-6,-5,2
-1,-3,0,2,15,-7,-10,3
-2,-4,-6,-26,-42,-10,0,0
3,0,3,7,27,20,14,5
-2,-2,-2,-5,-7,1,-3,-3
-2,-5,-6,-11,-7,0,-2,-4
0,0,1,-8,-14,-17,-14,-1
-3,-4,-6,22,11,-12,-9,-3
4,5,3,-22,-14,3,2,4
-1,-1,0,5,13,8,18,1
-2,2,-3,-3,0,4,-21,-4
-3,0,-3,1,3,-16,5,-1
-3,3,5,3,2,15,1,-2
-7,-4,-2,-10,-7,-11,-2,-3
0,-3,4,17,15,3,7,3
-2,-3,0,-7,-23,-4,2,0
4,-1,-2,22,37,7,14,9
7,8,4,-19,-19,18,-5,2
-2,-4,-5,-6,-1,-23,-27,-11
-3,-3,1,1,-17,-3,3,-5
-2,-4,-6,-12,-18,-11,-7,-1
-4,-1,-3,14,22,2,2,-1
-1,0,-6,3,27,17,12,4
3,7,2,-11,-25,-4,-4,-4
-1,-4,-1,-17,-22,-9,-3,-1
-1,-7,-6,6,7,0,18,5
-1,-1,4,2,-7,-3,2,8
-3,-5,-4,3,30,9,-23,-12
-3,-4,-4,-7,-3,-3,-3,-8
-3,-3,-3,0,-19,-16,-9,-3
0,3,3,-2,14,-3,17,7
-2,-1,-2,-12,-20,14,6,9
-4,0,-4,-5,-21,-5,-3,-6
2,3,9,45,32,10,6,0
-4,-2,-2,-2,28,-10,-18,-7
-4,-2,2,-19,-45,-24,-1,-3
-3,-5,-4,9,17,17,-2,0
0,0,-1,-9,7,7,5,3
-5,-1,1,7,-14,-6,1,-5
3,3,3,2,-5,3,-9,-4
-5,-3,-11,-11,-10,-20,0,-3
1,4,1,3,-13,-2,-1,0
2,-1,-2,-5,-30,6,2,0
0,-1,-2,2,11,5,8,-2
3,0,3,3,27,8,13,1
4,3,1,-7,-5,-13,-30,0
1,-3,-2,-21,-51,-9,7,-3
-1,0,1,20,37,11,-1,1
1,-1,2,3,7,2,16,2
-2,-3,0,-12,-16,-8,-20,-2
-5,-8,-9,-2,14,-2,-5,-8
-2,-8,-7,-5,-29,-8,6,3
0,4,8,5,-14,-7,2,5
-5,-1,-3,-6,24,13,4,1
-4,1,3,0,6,-4,-2,-4
-2,-3,-2,0,-2,10,1,-7
-3,-7,-10,-24,-32,-16,-21,-3
3,-1,3,24,47,6,5,1
1,2,-5,-20,-13,5,3,9
3,2,-5,15,27,-1,3,3
-2,2,2,7,12,1,-6,-1
-5,-2,-2,-5,-31,6,0,-7
1,-3,-2,4,8,-4,-10,-5
0,-5,-5,-13,-7,-8,-5,0
0,0,-2,-4,5,-11,-20,-7
0,-3,-6,-29,-30,-11,3,1
3,5,9,19,-19,13,21,7
1,1,1,-4,33,15,6,4
2,1,5,11,-14,-1,-6,0
-7,-6,-6,0,1,-6,-3,-2
-5,-5,-7,-12,-11,-9,-2,-5
5,-2,7,1,-8,-1,-9,6
-3,0,4,1,-2,0,-9,-3
1,-3,-2,-2,-18,-17,5,3
5,3,0,-8,4,28,7,5
-6,-5,-12,-14,-20,-12,-9,-13
0,1,2,-11,-37,-31,-4,-8
3,0,5,48,72,18,-2,0
-2,-2,-2,18,37,5,6,0
-3,2,2,-14,-43,-1,2,3
-5,-5,-5,-19,4,5,-22,-6
-1,-2,-1,3,0,-8,1,-4
2,-3,-2,-7,-27,-5,5,6
1,1,3,16,75,27,9,8
-1,-2,-9,-1,-7,-14,5,-6
-4,2,-2,-5,-2,-6,-24,-6
-5,-8,-11,-4,3,-6,-5,-7
-2,2,4,-3,-23,-16,9,4
-1,-1,-5,5,13,13,3,-1
-2,1,3,7,29,6,-1,-6
-3,-1,-2,-4,-17,-14,-10,-7
-1,1,0,-15,-44,-12,-6,-4
4,-1,2,19,12,13,5,3
1,-3,-4,5,-8,-4,8,0
-4,-7,-12,-27,-12,-17,-8,-2
3,4,13,43,68,29,7,1
-3,-4,-4,-18,-22,-3,2,1
2,-2,-5,-15,-16,-4,16,3
4,3,10,-3,3,12,-7,3
-8,-5,-10,-11,6,-20,-36,-19
-6,-4,-3,-2,-18,-10,7,-5
3,6,1,-4,8,6,-5,0
1,4,4,11,9,8,12,5
1,-4,-5,1,-5,-1,9,6
0,3,1,0,-13,8,-12,2
-5,-10,-5,-7,-14,-5,10,1
-3,0,5,19,40,2,-11,2
2,3,5,-16,-58,-9,6,2
-2,-2,-2,-4,13,-5,-3,-3
1,2,5,19,5,7,2,-3
0,-4,-4,-1,-11,-1,1,-3
0,1,0,16,22,-2,-2,-2
3,-4,-6,-2,0,2,10,2
-2,0,-4,-29,-21,0,1,2
-4,2,7,24,2,0,-8,-3
-7,-6,-8,-16,-20,1,-8,-2
-1,3,4,17,12,-9,-2,0
-2,-2,1,0,-18,-4,-10,-6
4,1,-3,-14,31,7,5,0
1,2,0,-6,-24,-8,6,1
-3,-3,-5,-4,-4,2,4,1
-3,2,-3,-7,20,17,2,2
-3,-1,0,-8,-22,-12,-20,-5
-1,0,1,11,9,-8,11,-7
2,-2,3,12,42,11,-14,2
0,-3,-5,-13,-39,-14,7,-2
2,-5,-2,-3,-3,12,22,4
-2,-3,-8,-11,-11,-10,-29,-9
-11,-7,-3,6,17,-2,5,-8
4,1,6,6,-26,-6,-2,0
2,2,4,11,14,12,2,2
0,-3,-3,2,-16,0,0,0
1,1,-1,-11,4,8,10,5
-2,-2,2,-4,-3,-10,-16,-3
-3,-3,-3,-1,-8,-3,1,-2
-3,1,2,-5,-3,-2,8,2
-4,-5,-9,-15,-6,-11,-6,-2
-1,-1,0,3,-3,-7,-13,0
-1,-1,-5,-8,-11,-6,4,-2
-2,-5,-11,10,58,3,-10,0
11,10,19,-5,-29,19,5,-1
0,-3,-2,-10,-7,-9,-7,-1
-8,-8,-7,3,5,-7,-7,-8
-1,5,6,3,-18,-12,0,-2
-4,-3,-3,7,1,12,14,4
2,4,2,0,8,3,7,2
-7,-3,-5,-12,-7,-6,-8,-4
3,1,1,-5,-2,9,7,5
-3,-1,-6,-1,-29,-20,-24,-9
0,3,0,-15,-19,-8,3,1
-2,-4,-10,-14,17,2,-1,-3
2,4,9,25,13,9,9,6
-3,-2,0,21,50,15,4,4
-3,-9,-8,1,8,5,-2,-1
1,1,6,-4,8,-4,-2,1
0,-4,-6,-9,-1,-4,-4,-5
2,-4,-1,0,24,5,6,-1
1,2,2,10,9,2,10,1
3,6,6,8,-13,-12,-15,-3
-10,-9,-12,-18,-7,-17,-24,-15
2,4,2,-16,-17,-1,-2,5
-8,-7,-10,-21,-32,-22,-12,-7
5,3,9,21,40,12,16,8
1,-1,-4,-6,-17,9,13,0
-2,0,-5,3,-6,-7,-16,-2
1,6,6,0,7,8,17,7
0,-1,-5,-21,-33,-2,-3,3
-3,2,2,10,16,-9,-7,-7
-5,-4,-9,-12,-24,-19,-3,-8
-3,0,-2,24,47,14,-2,-7
-4,-2,-5,-8,-10,-1,-3,-1
2,-2,4,7,-10,2,9,8
3,0,0,-8,-20,-2,3,-2
0,-2,-8,-17,7,-1,-5,-1
-2,-3,1,10,0,-2,2,2
-3,-3,-2,-4,6,3,-1,0
1,-1,-5,-16,-24,-2,-21,-2
1,3,-1,-13,-61,-11,5,-3
-2,-2,-3,17,42,2,2,-5
3,-1,0,-3,16,7,-4,2
-7,-3,4,18,-1,-7,1,-3
-2,-1,-2,-11,-15,5,-2,1
2,-2,-4,-5,-28,-15,-1,-1
0,-1,-1,3,9,15,9,1
2,3,1,-4,6,-10,1,-2
0,-5,-4,0,-24,0,-11,-5
-1,0,1,-2,19,2,2,0
-6,-3,-7,-30,-65,-14,-5,-2
0,-1,3,15,21,10,7,-2
-3,-5,-1,1,-26,-17,-3,2
-2,-1,-2,-4,-16,-3,-5,-1
1,1,-3,-15,-7,1,0,5
1,6,10,15,33,22,19,8
2,0,-1,-10,-10,-5,-15,1
0,-1,0,-2,12,1,2,-6
-1,-1,2,5,-18,-4,5,-1
0,-2,4,9,38,-2,-12,-6
-5,-7,-6,9,58,12,6,-3
0,1,2,-15,-31,-11,-16,-3
-2,2,2,12,-12,-2,-2,-4
2,6,-2,-6,26,17,12,6
3,2,5,25,38,-4,2,-1
0,-1,-2,12,15,16,4,1
-5,-1,-2,-33,-15,-6,-3,-5
3,-1,-2,2,-11,-6,-3,-3
-3,1,-5,-12,-29,-4,-4,-4
-4,-2,-4,-15,3,4,7,3
-4,-5,-1,12,25,-3,-5,-1
-5,-6,-5,-13,-51,-13,-8,0
0,-1,-3,-7,26,-1,6,-3
4,1,0,7,-11,5,14,4
-2,-3,-7,11,39,-5,-21,-6
-3,-2,2,-10,-41,-16,-6,-5
1,-3,-1,-8,26,16,11,1
-1,4,3,8,11,12,-2,-2
1,-3,-5,-5,-2,-3,8,2
-7,-8,-18,14,44,-15,-8,-7
0,2,7,4,-22,5,3,1
-2,0,1,-5,-22,-9,-11,-2
-1,-1,-1,9,35,11,6,-6
3,3,-2,-24,-14,3,10,6
-1,-3,3,18,12,-2,-9,-2
-3,6,2,-4,-35,-12,-16,-10
-1,-8,1,-1,4,-2,-1,-1
-4,-3,-4,-3,-1,1,4,-2
-4,-3,-6,-8,-7,4,0,2
0,-3,-4,0,-18,-14,0,-1
4,3,5,-6,-33,-5,4,1
0,-5,-2,13,29,6,-2,-1
-3,2,-7,-11,-17,-13,-10,-5
-7,-10,-9,-19,-34,-12,-10,-4
-1,7,5,8,-2,11,3,2
4,0,6,-11,-22,-8,-5,4
1,1,0,11,5,-21,-1,-2
-4,-8,-12,-22,-4,6,-9,-8
0,-1,-1,0,17,-4,-3,-2
0,2,0,12,-4,17,10,-1
1,-6,1,2,46,15,5,3
1,1,6,26,-2,-3,7,4
0,-2,-3,6,15,1,-1,5
-5,-1,1,-8,-3,-8,-10,-5
-4,-1,-3,-8,-26,-5,-7,-3
0,-1,3,21,38,4,6,3
1,-1,-5,-17,-21,3,1,0
3,-2,2,1,-8,2,10,4
3,0,3,-2,-9,10,-5,4
-4,-4,2,-3,-6,-16,-20,-6
-8,-8,-8,-23,-47,-29,-9,-11
2,0,-8,-17,-22,0,9,3
3,5,-2,-2,8,19,9,1
3,2,1,11,25,9,11,0
4,6,2,6,-18,-9,-7,2
1,2,1,-15,-19,0,1,-2
-9,-6,-3,11,-21,-11,-5,-8
4,4,10,21,51,13,-10,6
0,-5,-3,2,22,-6,2,1
1,-1,3,-1,-36,8,5,4
-1,5,2,-9,-14,-7,-3,-3
-3,-2,-8,-16,-32,-20,-10,-8
0,0,-2,16,68,24,16,2
4,6,6,17,-1,-2,-7,5
-3,-2,-7,-7,-12,-16,-9,-3
-1,-1,7,-5,-2,20,20,1
-1,-2,1,16,29,5,0,1
0,-2,-2,-18,-38,-7,3,-3
0,-2,0,-8,-8,-3,-6,5
-4,0,2,2,-17,-12,-8,-6
-5,-2,-4,-16,-28,-3,-2,-3
-6,-6,-3,6,30,-2,-6,-8
0,1,3,5,1,0,11,2
2,-1,-4,0,12,6,2,4
-5,-2,-2,-1,-26,-22,-19,-10
-4,-9,-2,0,1,-9,-6,-3
2,7,3,8,20,8,1,3
-4,-4,-6,-17,-57,-7,-5,1
2,3,5,-2,0,5,2,0
-2,-1,-6,-2,31,0,-2,0
-1,0,6,13,6,-1,18,-1
-1,-4,-5,-3,8,6,-8,0
-1,-1,-1,-5,-29,-8,-11,-1
-2,-2,0,13,61,12,4,-1
-1,-5,-3,-3,-1,1,8,-2
5,-1,-2,-8,-1,-2,-4,2
-1,-1,-1,-1,-6,-3,-3,-5
-3,1,1,19,42,17,7,1
-3,-5,-14,-25,-54,-12,-13,-4
-1,2,-1,-8,19,0,7,0
-1,-1,-2,-1,-1,-4,-3,3
-2,3,6,4,2,14,8,2
-6,-8,-9,-10,-28,-19,-9,-10
-2,-2,2,-17,-34,-9,1,-3
1,2,4,19,28,13,9,6
0,0,1,6,-17,-5,-3,-2
-1,-5,-6,-13,2,-7,-1,-3
6,-3,-3,2,-3,-3,-4,3
-1,-3,3,16,21,7,4,-2
0,-6,-4,-10,-25,-12,5,0
0,2,-1,-18,-28,-10,-23,-1
-1,5,6,31,88,26,16,3
-1,-1,-1,-5,1,9,22,6
-4,0,-4,-6,-26,-32,-30,-8
-3,-3,-5,-5,3,9,-11,-5
-1,2,1,22,53,2,7,-2
2,-2,-8,-37,-41,10,0,2
2,3,4,34,41,10,11,3
-1,-4,-2,3,12,-5,-9,-2
-6,-6,-10,-33,-55,-17,-9,-7
3,1,13,50,63,21,10,5
-3,-6,-7,-14,7,-9,-6,-3
2,4,2,2,-12,4,3,-2
-2,0,1,2,-7,-3,4,0
-3,1,-3,-9,-6,-9,0,-5
-3,0,-5,-19,-39,-15,-21,-6
-2,-3,3,28,66,25,21,0
-3,-4,-1,-3,1,-8,-17,-5
-4,-7,-11,-31,-48,-22,-1,-4
3,3,7,4,-16,13,4,3
-1,1,3,1,8,-7,-10,-6
-1,-2,-5,-3,-15,-5,12,3
1,-3,-3,-9,-25,0,-13,1
-4,-4,-10,-17,-29,-11,-2,-5
4,0,2,4,6,-7,5,4
-3,-3,-7,-27,-29,5,-3,2
2,1,3,29,59,17,-2,-1
2,-4,-4,-5,-7,-6,-1,-2
1,5,6,8,-16,-6,-10,-1
-4,-5,-8,-7,-22,-20,-2,-4
-3,-2,-7,-25,-38,-14,-6,-5
1,3,6,15,23,18,17,5
2,1,2,2,8,18,4,3
-3,-5,-5,-8,-23,-19,-25,-10
-3,3,-1,-8,-4,-9,6,-6
-5,-5,-4,1,42,11,-8,-1
0,2,5,9,-16,-2,8,5
0,-3,-3,-5,14,21,26,6
2,2,6,8,14,-2,-19,0
-3,-4,-6,-10,-31,-25,-10,-8
-3,-5,-7,-6,15,-5,-5,-4
-1,5,1,12,-1,4,-3,-3
-2,-1,-6,-20,-37,-10,3,2
-2,-4,-5,-7,-21,-3,0,0
1,2,0,1,9,19,5,4
0,-4,2,-3,0,-5,2,0
1,6,3,17,24,4,-1,1
-5,-3,0,-8,-48,-20,-11,-7
0,-1,-3,13,65,14,3,2
4,2,4,-5,-13,3,2,-1
-4,-5,-1,-5,-24,-1,14,-1
3,5,3,6,44,13,-15,-4
-3,-1,2,4,-15,-11,0,-1
-2,1,-1,12,11,2,-2,3
-1,-5,-4,7,29,2,-13,-5
0,-5,1,-3,1,-12,-4,-4
-3,0,-7,-23,-33,-12,-5,-6
2,-2,1,9,16,11,3,1
3,4,7,15,5,6,9,7
-4,-1,-1,-1,3,4,0,2
