(0, 0, 0, 0)
(0.07551816, -0.141381755, 0.9825725, 0.0941249)
(0.07470138, -0.123184934, 0.9855429, 0.08916506)
(0.0754579455, -0.141276285, 0.982544243, 0.09462431)
(0.07677565, -0.160120249, 0.979406834, 0.09606891)
(0.07545124, -0.141464233, 0.9825971, 0.09379695)
(0.0742641, -0.123239636, 0.9854427, 0.09055122)
(0.07539992, -0.142767057, 0.982501268, 0.09286386)
(0.0773855448, -0.162384823, 0.979622245, 0.08934729)
(0.07576707, -0.144054234, 0.982562244, 0.0898835957)
(0.0762191862, -0.161827758, 0.9792302, 0.09544942)
(0.07588239, -0.1440988, 0.98261565, 0.08912862)
(0.07805858, -0.163264751, 0.9791803, 0.0919649452)
(0.08077324, -0.180292234, 0.9755434, 0.0963620245)
(0.08334083, -0.191418931, 0.972924054, 0.09915524)
(0.08443537, -0.1624114, 0.9788204, 0.09167316)
(0.0864697844, -0.132841483, 0.983749866, 0.08433437)
(0.08830313, -0.103918314, 0.9872551, 0.08204198)
(0.09099455, -0.110632196, 0.985435367, 0.0916387)
(0.09278257, -0.11005526, 0.98465085, 0.0987006)
(0.08687611, -0.0584963672, 0.9886647, 0.1075766)
(0.08302244, -0.0119615877, 0.9897909, 0.115230016)
(0.08245709, 0.0250603817, 0.9884576, 0.124596931)
(0.08589941, 0.04440818, 0.984476566, 0.146475613)
(0.09363199, 0.04422773, 0.981335044, 0.1620442)
(0.09557599, 0.08010167, 0.9788138, 0.162396118)
(0.0971193463, 0.114228494, 0.9757062, 0.159740508)
(0.103006408, 0.112493642, 0.977206469, 0.14765577)
(0.1039736, 0.140833616, 0.9741405, 0.142848015)
(0.106749773, 0.162495881, 0.968320966, 0.156698033)
(0.113343716, 0.151093885, 0.9676808, 0.167086184)
(0.116365366, 0.1391179, 0.9703936, 0.159504548)
(0.121115655, 0.125188485, 0.9697337, 0.171100438)
(0.117326573, 0.137557089, 0.971193135, 0.155230582)
(0.113461696, 0.145621851, 0.97308147, 0.137960464)
(0.116801925, 0.131381422, 0.9724712, 0.152958125)
(0.120053433, 0.113506883, 0.9726203, 0.163441613)
(0.115534708, 0.12890403, 0.9729006, 0.1532965)
(0.112918578, 0.144061863, 0.9697778, 0.161327779)
(0.116327934, 0.124144219, 0.970916033, 0.168458)
(0.1111898, 0.139069974, 0.971144259, 0.158666953)
(0.110666476, 0.125095025, 0.9753194, 0.14441672)
(0.108737305, 0.137326449, 0.972203135, 0.155366585)
(0.108637564, 0.121592142, 0.976170063, 0.143196538)
(0.110206932, 0.116901353, 0.9735878, 0.162220091)
(0.108364351, 0.111022666, 0.977275968, 0.1444395)
(0.107614964, 0.119808912, 0.9739064, 0.15990968)
(0.106661387, 0.112534851, 0.977512, 0.142931938)
(0.107663967, 0.11657396, 0.9740946, 0.161116928)
(0.104612418, 0.123652823, 0.9763272, 0.143358022)
(0.107176147, 0.119953163, 0.973561347, 0.162181213)
(0.1061201, 0.113395751, 0.9772481, 0.1444518)
(0.107849732, 0.108685873, 0.9746587, 0.163082883)
(0.107061811, 0.09983991, 0.978350937, 0.146284387)
(0.108605854, 0.0965309143, 0.975518346, 0.165077388)
(0.1053344, 0.105718762, 0.9776048, 0.148381829)
(0.1077726, 0.09912189, 0.9750611, 0.166780874)
(0.103979565, 0.111358054, 0.976512849, 0.152349547)
(0.107375011, 0.0941113457, 0.976141632, 0.163588434)
(0.103153922, 0.112190939, 0.9757119, 0.157349065)
(0.10634762, 0.09284219, 0.9767822, 0.1611428)
(0.10258925, 0.109015636, 0.977208436, 0.150515169)
(0.10631495, 0.09222402, 0.976888, 0.16087772)
(0.102732792, 0.108873531, 0.9772239, 0.150419325)
(0.106090091, 0.0983680859, 0.975303769, 0.166886851)
(0.102977015, 0.108799137, 0.977187455, 0.150543272)
(0.10589809, 0.101528309, 0.9747196, 0.168520927)
(0.102711245, 0.111237295, 0.976720154, 0.151968166)
(0.105726868, 0.102163665, 0.974512339, 0.169440955)
(0.103045568, 0.10742721, 0.977200866, 0.1513921)
(0.105128214, 0.103648387, 0.9743036, 0.1701102)
(0.104524337, 0.09737567, 0.977919161, 0.152534664)
(0.104913987, 0.103055045, 0.974417865, 0.169949025)
(0.104283951, 0.09791467, 0.977958739, 0.1520997)
(0.10409797, 0.107299589, 0.974399745, 0.167915016)
(0.103805795, 0.101218693, 0.9779294, 0.150443792)
(0.105076455, 0.104012713, 0.9744891, 0.16885294)
(0.104123436, 0.100656807, 0.9779192, 0.150667056)
(0.10450393, 0.106983639, 0.974364638, 0.1680684)
(0.102491304, 0.107759617, 0.97754097, 0.1493223)
(0.104356989, 0.105508856, 0.9745393, 0.168079451)
(0.103107736, 0.10230422, 0.9779946, 0.149763256)
(0.104602665, 0.10153728, 0.974852443, 0.168556064)
(0.103654526, 0.0972793, 0.978314161, 0.150644884)
(0.10479299, 0.09877994, 0.974962831, 0.169435591)
(0.103655025, 0.0964143053, 0.9783088, 0.151234463)
(0.1042104, 0.101410091, 0.9747861, 0.169257775)
(0.10497722, 0.0901925, 0.978203952, 0.154797256)
(0.102744408, 0.107005, 0.975338638, 0.163426131)
(0.103910394, 0.09383191, 0.978592455, 0.150847927)
(0.1027543, 0.107383825, 0.9751958, 0.164022356)
(0.10497234, 0.0908490643, 0.977964759, 0.155923426)
(0.102268562, 0.109362364, 0.975522161, 0.161051482)
(0.104606435, 0.0920584053, 0.9782107, 0.153904423)
(0.101803891, 0.110574014, 0.9759338, 0.157996058)
(0.104942083, 0.09113612, 0.977756739, 0.157076627)
(0.1027237, 0.107379578, 0.974875, 0.165940225)
(0.104106411, 0.0930602849, 0.978175, 0.153867736)
(0.101864085, 0.109968416, 0.97539854, 0.161642551)
(0.103021763, 0.0962793455, 0.978763163, 0.148793)
(0.103438392, 0.101729184, 0.975373268, 0.166128546)
(0.103267528, 0.09403005, 0.978929341, 0.148967832)
(0.1035565, 0.100358985, 0.9755123, 0.166071787)
(0.104378834, 0.08911185, 0.9789241, 0.151234031)
(0.103290729, 0.102558367, 0.975681543, 0.163885012)
(0.105674088, 0.08632407, 0.9784921, 0.1547072)
(0.1028773, 0.105857834, 0.9765976, 0.156420827)
(0.106255919, 0.08702026, 0.978267252, 0.155339643)
(0.103227973, 0.106408775, 0.9765122, 0.15634954)
(0.1053287, 0.089662835, 0.9792798, 0.147910491)
(0.103029944, 0.107260935, 0.9767132, 0.1546331)
(0.106210247, 0.087880224, 0.978479862, 0.153537288)
(0.103324331, 0.10668879, 0.976491, 0.156227335)
(0.106831111, 0.0872504562, 0.9777684, 0.157934785)
(0.103464663, 0.106735013, 0.976533055, 0.155839235)
(0.106772296, 0.08763287, 0.9780868, 0.155776381)
(0.103301093, 0.106276408, 0.977609932, 0.149375468)
(0.106696814, 0.08704502, 0.9788749, 0.151138633)
(0.104059339, 0.10575927, 0.9766623, 0.155297831)
(0.107005186, 0.0868342, 0.9786695, 0.152367055)
(0.1042445, 0.105591357, 0.9766044, 0.155651316)
(0.107334182, 0.086450994, 0.97846216, 0.15367949)
(0.104171604, 0.105722994, 0.9768526, 0.154045686)
(0.1068951, 0.08717589, 0.9790993, 0.149460241)
(0.104740895, 0.104235224, 0.9764082, 0.157452866)
(0.107419394, 0.08592391, 0.97869277, 0.15244244)
(0.104510918, 0.104878448, 0.976626754, 0.155814588)
(0.106255263, 0.08917027, 0.979516566, 0.145965323)
(0.104174607, 0.106225379, 0.976766765, 0.154241711)
(0.106626637, 0.0883067, 0.9791855, 0.1484198)
(0.104002915, 0.106744133, 0.9767842, 0.153888687)
(0.106415719, 0.08866353, 0.979161561, 0.148516729)
(0.1042501, 0.1052841, 0.9763683, 0.157327741)
(0.106294736, 0.08833999, 0.97907716, 0.1493504)
(0.103005372, 0.1079152, 0.9775768, 0.148619473)
(0.105777733, 0.08911715, 0.97952795, 0.146267921)
(0.103096716, 0.107969865, 0.9772691, 0.150527313)
(0.106153928, 0.08886196, 0.9787844, 0.15104945)
(0.10301064, 0.108052008, 0.976907432, 0.15285787)
(0.105717607, 0.08932852, 0.9790327, 0.149462819)
(0.102836221, 0.108445622, 0.9769749, 0.152264073)
(0.10612724, 0.08948425, 0.9784388, 0.1529281)
(0.102659643, 0.108479016, 0.977820337, 0.146835834)
(0.1058663, 0.08932303, 0.979311764, 0.147520423)
(0.103285447, 0.107936278, 0.9769718, 0.152341813)
(0.105775222, 0.09014752, 0.9793924, 0.146545783)
(0.102853872, 0.109705791, 0.9775177, 0.14779982)
(0.105377614, 0.0915680751, 0.9797966, 0.14321129)
(0.102885731, 0.110160328, 0.977394164, 0.14825584)
(0.105049685, 0.09261235, 0.9799634, 0.141630277)
(0.103668004, 0.107359856, 0.9768307, 0.153390244)
(0.104267731, 0.09589704, 0.9801037, 0.139027685)
(0.1041624, 0.1054456, 0.9767196, 0.155081362)
(0.104535162, 0.0953495, 0.980036, 0.139678732)
(0.104887441, 0.102639407, 0.9766453, 0.15693225)
(0.103955805, 0.09892431, 0.979881465, 0.138706669)
(0.104364291, 0.106043242, 0.976479948, 0.156043887)
(0.10510888, 0.0940971449, 0.9797335, 0.142197728)
(0.103790306, 0.108670317, 0.976514339, 0.15439564)
(0.105115093, 0.0944022238, 0.979601264, 0.142900065)
(0.104135424, 0.107634678, 0.9762819, 0.156346917)
(0.104487307, 0.0971771851, 0.979617238, 0.141382769)
(0.10373728, 0.109635234, 0.9762254, 0.155571908)
(0.104493015, 0.0973189, 0.9795215, 0.141943783)
(0.103085242, 0.112329774, 0.9763478, 0.153298229)
(0.105273165, 0.09514731, 0.9790193, 0.146239012)
(0.1019353, 0.114831381, 0.9775312, 0.144415036)
(0.10541188, 0.0963533, 0.9781981, 0.150774345)
(0.101846069, 0.112019986, 0.9786493, 0.139012635)
(0.105342224, 0.09615598, 0.9782678, 0.150496885)
(0.101788141, 0.111421525, 0.9789633, 0.137313873)
(0.104446359, 0.105687931, 0.976610065, 0.155415222)
(0.101230912, 0.114631422, 0.9785424, 0.138082087)
(0.104476683, 0.100669265, 0.9776637, 0.152065963)
(0.103012651, 0.0979996845, 0.9807793, 0.133627459)
(0.104764193, 0.09541691, 0.978058755, 0.152712509)
(0.101010688, 0.114721537, 0.9772282, 0.1471762)
(0.104134776, 0.095783256, 0.978527963, 0.149882168)
(0.100479729, 0.114275441, 0.9777309, 0.144524112)
(0.103733711, 0.09537108, 0.9785507, 0.150273979)
(0.100036241, 0.114521548, 0.977371156, 0.147048354)
(0.103462152, 0.09622904, 0.9779145, 0.154009014)
(0.100108, 0.10844031, 0.9792768, 0.138693959)
(0.103360206, 0.0969609, 0.977775335, 0.154500872)
(0.100620896, 0.105293691, 0.979780436, 0.137182564)
(0.103809938, 0.09368817, 0.978286743, 0.152974337)
(0.10080044, 0.104259819, 0.979970157, 0.136482537)
(0.103378952, 0.09815777, 0.977636337, 0.154612958)
(0.0996999, 0.115531176, 0.9777048, 0.144242033)
(0.10343679, 0.100808039, 0.97690624, 0.157457575)
(0.100737132, 0.107898436, 0.979081, 0.140037075)
(0.10407649, 0.0954601243, 0.977646947, 0.155762389)
(0.104100458, 0.08746867, 0.9808667, 0.139330059)
(0.102998748, 0.101619378, 0.9777161, 0.152105242)
(0.09997595, 0.120938912, 0.9756933, 0.1529744)
(0.103198439, 0.101551913, 0.9776749, 0.152279526)
(0.101662196, 0.116277933, 0.974388063, 0.16343841)
(0.102716811, 0.102515504, 0.9778381, 0.150905445)
(0.105799019, 0.08313196, 0.979350746, 0.15089)
(0.102914624, 0.102460228, 0.9774318, 0.153419867)
(0.0992713, 0.118710957, 0.977725744, 0.141793087)
(0.103003532, 0.102744564, 0.977476537, 0.152883917)
(0.106632151, 0.0846064761, 0.977755368, 0.159580052)
(0.102974348, 0.103871778, 0.9770468, 0.154875919)
(0.106218658, 0.09292842, 0.9751377, 0.170846015)
(0.102982476, 0.103610121, 0.9771359, 0.154482856)
(0.103149906, 0.0941468254, 0.980434656, 0.138723686)
(0.103174157, 0.1026494, 0.97710675, 0.15517889)
(0.105340578, 0.08543808, 0.979703546, 0.147596762)
(0.103276968, 0.102002144, 0.976927638, 0.156658441)
(0.10505826, 0.08612532, 0.9797655, 0.146985367)
(0.103806637, 0.09984134, 0.976546466, 0.1600403)
(0.101570278, 0.104261182, 0.9791404, 0.141764864)
(0.103973374, 0.100048169, 0.976412058, 0.160622358)
(0.10132166, 0.106462769, 0.978798449, 0.142664671)
(0.103775188, 0.100675836, 0.9762886, 0.161107779)
(0.10078533, 0.108007327, 0.9785793, 0.14338544)
(0.102997214, 0.103143193, 0.976010263, 0.161731556)
(0.099879615, 0.110833921, 0.9782874, 0.143853188)
(0.102934353, 0.100089557, 0.976612747, 0.160044074)
(0.09977621, 0.108611837, 0.97872293, 0.142652109)
(0.102640845, 0.0988227949, 0.9768931, 0.159306839)
(0.09864361, 0.117744125, 0.9761165, 0.153631091)
(0.102015227, 0.09888569, 0.9770918, 0.158448756)
(0.0991422, 0.105064869, 0.9795159, 0.14028807)
(0.10162361, 0.09747942, 0.977319837, 0.158165544)
(0.104849182, 0.07815511, 0.9783033, 0.1606889)
(0.101214454, 0.09751403, 0.9773494, 0.158224225)
(0.101121016, 0.08932686, 0.980651736, 0.1418352)
(0.101147212, 0.0964866355, 0.9773011, 0.159192458)
(0.100321934, 0.09147102, 0.98057735, 0.141550362)
(0.10085462, 0.0961361, 0.9772598, 0.159841821)
(0.09910308, 0.0971334949, 0.980198443, 0.141261488)
(0.100677796, 0.0967893451, 0.9771374, 0.160307124)
(0.09825015, 0.101758361, 0.979705036, 0.14202179)
