(-0.11151123, -0.339538574, 0.9293823, 0.09185791)
(-0.107849121, -0.313598633, 0.938964844, 0.0914306641)
(-0.1015625, -0.2892456, 0.9476929, 0.08850098)
(-0.1015625, -0.2892456, 0.9476929, 0.08850098)
(-0.1015625, -0.2892456, 0.9476929, 0.08850098)
(-0.0939331055, -0.268127441, 0.95513916, 0.0836181641)
(-0.08605957, -0.249328613, 0.961364746, 0.07891846)
(-0.07763672, -0.230834961, 0.966918945, 0.0758056641)
(-0.07763672, -0.230834961, 0.966918945, 0.0758056641)
(-0.0698852539, -0.216186523, 0.9711914, 0.07141113)
(-0.0616455078, -0.208129883, 0.973876953, 0.06640625)
(-0.0616455078, -0.208129883, 0.973876953, 0.06640625)
(-0.05493164, -0.202331543, 0.975769043, 0.0624389648)
(-0.05493164, -0.202331543, 0.975769043, 0.0624389648)
(-0.05041504, -0.197021484, 0.9772339, 0.0599365234)
(-0.05041504, -0.197021484, 0.9772339, 0.0599365234)
(-0.0474243164, -0.19140625, 0.97857666, 0.05834961)
(-0.04547119, -0.188232422, 0.9793701, 0.05706787)
(-0.04547119, -0.188232422, 0.9793701, 0.05706787)
(-0.04522705, -0.1864624, 0.9797363, 0.05670166)
(-0.04522705, -0.1864624, 0.9797363, 0.05670166)
(-0.04626465, -0.184692383, 0.9800415, 0.0571289063)
(-0.04626465, -0.184692383, 0.9800415, 0.0571289063)
(-0.0480957031, -0.184326172, 0.979980469, 0.0576782227)
(-0.0480957031, -0.184326172, 0.979980469, 0.0576782227)
(-0.0496826172, -0.184692383, 0.979797363, 0.05810547)
(-0.0496826172, -0.184692383, 0.979797363, 0.05810547)
(-0.05114746, -0.184143066, 0.979797363, 0.0584106445)
(-0.05206299, -0.183410645, 0.979919434, 0.0582885742)
(-0.05206299, -0.183410645, 0.979919434, 0.0582885742)
(-0.052734375, -0.182739258, 0.979980469, 0.0578613281)
(-0.052734375, -0.182739258, 0.979980469, 0.0578613281)
(-0.0533447266, -0.181640625, 0.9802246, 0.0575561523)
(-0.0537719727, -0.181213379, 0.980285645, 0.0569458)
(-0.0537719727, -0.181213379, 0.980285645, 0.0569458)
(-0.0537719727, -0.181213379, 0.980285645, 0.0569458)
(-0.0537109375, -0.182006836, 0.9802246, 0.0561523438)
(-0.0537719727, -0.182922363, 0.9800415, 0.0555419922)
(-0.0537719727, -0.182922363, 0.9800415, 0.0555419922)
(-0.0538330078, -0.182373047, 0.9801636, 0.055480957)
(-0.0538330078, -0.182373047, 0.9801636, 0.055480957)
(-0.0539550781, -0.182495117, 0.9801636, 0.0553588867)
(-0.05419922, -0.182617188, 0.980102539, 0.05529785)
(-0.05456543, -0.182617188, 0.980102539, 0.05529785)
(-0.05456543, -0.182617188, 0.980102539, 0.05529785)
(-0.0547485352, -0.182861328, 0.9800415, 0.05529785)
(-0.0547485352, -0.182861328, 0.9800415, 0.05529785)
(-0.0552368164, -0.1828003, 0.979980469, 0.0556030273)
(-0.0552368164, -0.1828003, 0.979980469, 0.0556030273)
(-0.0555419922, -0.182495117, 0.9800415, 0.0559082031)
(-0.0555419922, -0.182495117, 0.9800415, 0.0559082031)
(-0.0557861328, -0.1821289, 0.9800415, 0.05621338)
(-0.0557861328, -0.1821289, 0.9800415, 0.05621338)
(-0.05596924, -0.182373047, 0.979980469, 0.05645752)
(-0.05596924, -0.182678223, 0.979919434, 0.056640625)
(-0.05596924, -0.182678223, 0.979919434, 0.056640625)
(-0.05609131, -0.182678223, 0.9798584, 0.0569458)
(-0.05609131, -0.182678223, 0.9798584, 0.0569458)
(-0.0562744141, -0.182189941, 0.979919434, 0.0573730469)
(-0.05645752, -0.182006836, 0.979919434, 0.0579834)
(-0.05645752, -0.182006836, 0.979919434, 0.0579834)
(-0.0565185547, -0.182434082, 0.979797363, 0.05859375)
(-0.0565185547, -0.182434082, 0.979797363, 0.05859375)
(-0.0565185547, -0.182739258, 0.9797363, 0.0591430664)
(-0.0565185547, -0.182739258, 0.9797363, 0.0591430664)
(-0.05670166, -0.182617188, 0.9797363, 0.0595703125)
(-0.05670166, -0.182617188, 0.9797363, 0.0595703125)
(-0.0567626953, -0.182678223, 0.9796753, 0.0599365234)
(-0.0567626953, -0.182678223, 0.9796753, 0.0599365234)
(-0.0567626953, -0.1828003, 0.979614258, 0.0601806641)
(-0.056640625, -0.183288574, 0.9795532, 0.06036377)
(-0.056640625, -0.183288574, 0.9795532, 0.06036377)
(-0.05645752, -0.183349609, 0.9795532, 0.060546875)
(-0.05645752, -0.183349609, 0.9795532, 0.060546875)
(-0.05645752, -0.183227539, 0.9795532, 0.06048584)
(-0.05645752, -0.183227539, 0.9795532, 0.06048584)
(-0.05645752, -0.183227539, 0.9795532, 0.06048584)
(-0.05645752, -0.183227539, 0.9795532, 0.06048584)
(-0.05645752, -0.183288574, 0.9795532, 0.06048584)
(-0.05645752, -0.183288574, 0.9795532, 0.06048584)
(-0.05633545, -0.183227539, 0.9795532, 0.06072998)
(-0.05633545, -0.183227539, 0.9795532, 0.06072998)
(-0.05621338, -0.183654785, 0.9794922, 0.06085205)
(-0.05621338, -0.183654785, 0.9794922, 0.06085205)
(-0.0559082031, -0.183654785, 0.9794922, 0.0610351563)
(-0.0556640625, -0.183288574, 0.9795532, 0.0610351563)
(-0.0556640625, -0.183288574, 0.9795532, 0.0610351563)
(-0.0554199219, -0.183044434, 0.979614258, 0.06109619)
(-0.0554199219, -0.183044434, 0.979614258, 0.06109619)
(-0.05517578, -0.1829834, 0.979614258, 0.0610351563)
(-0.05517578, -0.1829834, 0.979614258, 0.0610351563)
(-0.0549926758, -0.183227539, 0.979614258, 0.06097412)
(-0.0549926758, -0.183227539, 0.979614258, 0.06097412)
(-0.0549926758, -0.183227539, 0.979614258, 0.06097412)
(-0.0549926758, -0.183227539, 0.979614258, 0.06097412)
(-0.05505371, -0.183227539, 0.979614258, 0.06097412)
(-0.05505371, -0.183654785, 0.9795532, 0.06072998)
(-0.05505371, -0.183654785, 0.9795532, 0.06072998)
(-0.0551147461, -0.183776855, 0.9795532, 0.060546875)
(-0.05505371, -0.184021, 0.9794922, 0.0604248047)
(-0.05505371, -0.184021, 0.9794922, 0.0604248047)
(-0.05505371, -0.184265137, 0.979431152, 0.0603027344)
(-0.05505371, -0.184265137, 0.979431152, 0.0603027344)
(-0.05505371, -0.184265137, 0.979431152, 0.0603027344)
(-0.05505371, -0.184265137, 0.979431152, 0.0603027344)
(-0.05505371, -0.184265137, 0.979431152, 0.0603027344)
(-0.05505371, -0.184265137, 0.979431152, 0.0603027344)
(-0.05505371, -0.1843872, 0.979431152, 0.0601806641)
(-0.05505371, -0.1843872, 0.979431152, 0.0601806641)
(-0.05505371, -0.184631348, 0.9793701, 0.06011963)
(-0.05505371, -0.184631348, 0.9793701, 0.06011963)
(-0.05505371, -0.184631348, 0.9793701, 0.06011963)
(-0.05505371, -0.184631348, 0.9793701, 0.06011963)
(-0.05505371, -0.184631348, 0.9793701, 0.06011963)
(-0.05505371, -0.184631348, 0.9793701, 0.06011963)
(-0.05505371, -0.184631348, 0.9793701, 0.06011963)
(-0.05505371, -0.184631348, 0.9793701, 0.06011963)
(-0.05505371, -0.184631348, 0.9793701, 0.06011963)
(-0.05505371, -0.184631348, 0.9793701, 0.06011963)
(-0.05505371, -0.184631348, 0.979431152, 0.0600585938)
(-0.0549926758, -0.1843872, 0.979431152, 0.0600585938)
(-0.0549926758, -0.1843872, 0.979431152, 0.0600585938)
(-0.0549926758, -0.1843872, 0.979431152, 0.0600585938)
(-0.0549926758, -0.1843872, 0.979431152, 0.0600585938)
(-0.0549926758, -0.1843872, 0.979431152, 0.0600585938)
(-0.0549926758, -0.1843872, 0.979431152, 0.0600585938)
(-0.0549926758, -0.1843872, 0.979431152, 0.0600585938)
(-0.0549926758, -0.1842041, 0.9794922, 0.0602417)
(-0.0549926758, -0.1842041, 0.9794922, 0.0602417)
(-0.0549926758, -0.1842041, 0.9794922, 0.0601806641)
(-0.0549926758, -0.1842041, 0.9794922, 0.0601806641)
(-0.0549926758, -0.1842041, 0.9794922, 0.0601806641)
(-0.0549926758, -0.1842041, 0.9794922, 0.0601806641)
(-0.0549926758, -0.1842041, 0.9794922, 0.0601806641)
(-0.0549926758, -0.1842041, 0.9794922, 0.0601806641)
(-0.0549926758, -0.1842041, 0.9794922, 0.0601806641)
(-0.05505371, -0.1842041, 0.9794922, 0.0601806641)
(-0.05505371, -0.1842041, 0.9794922, 0.0601806641)
(-0.05505371, -0.1842041, 0.9794922, 0.0601806641)
(-0.05505371, -0.1842041, 0.9794922, 0.0601806641)
(-0.0551147461, -0.1842041, 0.9794922, 0.0601806641)
(-0.0551147461, -0.1842041, 0.9794922, 0.0601806641)
(-0.0551147461, -0.1842041, 0.9794922, 0.0601806641)
(-0.0551147461, -0.1842041, 0.9794922, 0.0601806641)
(-0.0551147461, -0.1842041, 0.9794922, 0.0601806641)
(-0.05517578, -0.1842041, 0.9794922, 0.0601806641)
(-0.0552368164, -0.184448242, 0.979431152, 0.0600585938)
(-0.05529785, -0.184875488, 0.9793701, 0.05987549)
(-0.05529785, -0.184875488, 0.9793701, 0.05987549)
(-0.055480957, -0.184509277, 0.979431152, 0.05987549)
(-0.055480957, -0.184448242, 0.979431152, 0.05987549)
(-0.055480957, -0.184448242, 0.979431152, 0.05987549)
(-0.055480957, -0.184448242, 0.979431152, 0.05987549)
(-0.055480957, -0.184448242, 0.979431152, 0.05987549)
(-0.055480957, -0.184448242, 0.979431152, 0.05987549)
(-0.055480957, -0.184448242, 0.979431152, 0.05987549)
(-0.055480957, -0.184448242, 0.979431152, 0.05987549)
(-0.055480957, -0.184448242, 0.979431152, 0.05987549)
(-0.0555419922, -0.184448242, 0.979431152, 0.05987549)
(-0.0555419922, -0.184448242, 0.979431152, 0.05987549)
(-0.0555419922, -0.184448242, 0.979431152, 0.05987549)
(-0.0555419922, -0.184448242, 0.979431152, 0.05987549)
(-0.0555419922, -0.184448242, 0.979431152, 0.05987549)
(-0.0555419922, -0.184448242, 0.979431152, 0.05987549)
(-0.0555419922, -0.184448242, 0.979431152, 0.05987549)
(-0.0556030273, -0.184448242, 0.979431152, 0.0598144531)
(-0.0556030273, -0.184448242, 0.979431152, 0.0598144531)
(-0.0556030273, -0.184448242, 0.979431152, 0.0598144531)
(-0.0556030273, -0.184509277, 0.979431152, 0.05987549)
(-0.0557250977, -0.184631348, 0.9793701, 0.05999756)
(-0.0557250977, -0.184631348, 0.9793701, 0.05999756)
(-0.0557250977, -0.184692383, 0.9793091, 0.0601806641)
(-0.0557250977, -0.184692383, 0.9793091, 0.0601806641)
(-0.0557250977, -0.184997559, 0.9793091, 0.06036377)
(-0.0551147461, -0.1843872, 0.979431152, 0.0604248047)
(-0.0551147461, -0.1843872, 0.979431152, 0.0604248047)
(-0.0551147461, -0.184326172, 0.979431152, 0.0604248047)
(-0.05517578, -0.184326172, 0.979431152, 0.0604248047)
(-0.05517578, -0.184326172, 0.979431152, 0.0604248047)
(-0.05517578, -0.184326172, 0.979431152, 0.0604248047)
(-0.0551147461, -0.1842041, 0.979431152, 0.06048584)
(-0.0551147461, -0.183898926, 0.9794922, 0.06060791)
(-0.0551147461, -0.183898926, 0.9794922, 0.060546875)
(-0.0551147461, -0.183898926, 0.9794922, 0.060546875)
(-0.0551147461, -0.183898926, 0.9794922, 0.060546875)
(-0.0551147461, -0.183898926, 0.9794922, 0.060546875)
(-0.05517578, -0.183898926, 0.9794922, 0.060546875)
(-0.05517578, -0.183898926, 0.9794922, 0.060546875)
(-0.05517578, -0.183898926, 0.9794922, 0.060546875)
(-0.05517578, -0.183898926, 0.9794922, 0.060546875)
(-0.0552368164, -0.183959961, 0.9794922, 0.060546875)
(-0.0552368164, -0.183959961, 0.9794922, 0.060546875)
(-0.0552368164, -0.183959961, 0.9794922, 0.060546875)
(-0.0552368164, -0.183959961, 0.9794922, 0.060546875)
(-0.055480957, -0.183837891, 0.9794922, 0.0606689453)
(-0.055480957, -0.183837891, 0.9794922, 0.0606689453)
(-0.0556030273, -0.184143066, 0.979431152, 0.06060791)
(-0.0556030273, -0.184143066, 0.979431152, 0.06060791)
(-0.0556640625, -0.1843872, 0.9793701, 0.060546875)
(-0.0557250977, -0.1843872, 0.9793701, 0.060546875)
(-0.0557250977, -0.1843872, 0.9793701, 0.060546875)
(-0.0557250977, -0.1843872, 0.9793701, 0.060546875)
(-0.0557250977, -0.1843872, 0.9793701, 0.060546875)
(-0.0557250977, -0.184570313, 0.9793701, 0.0604248047)
(-0.0557250977, -0.184570313, 0.9793701, 0.0604248047)
(-0.0557250977, -0.184570313, 0.9793701, 0.0604248047)
(-0.0557250977, -0.184570313, 0.9793701, 0.0604248047)
(-0.0557250977, -0.184570313, 0.9793701, 0.0604248047)
(-0.0557861328, -0.184814453, 0.9793091, 0.06048584)
(-0.0557861328, -0.184814453, 0.9793091, 0.06048584)
(-0.0557250977, -0.185546875, 0.979187, 0.0603027344)
(-0.0557250977, -0.185546875, 0.979187, 0.0603027344)
(-0.0557250977, -0.185546875, 0.979187, 0.0603027344)
(-0.0557250977, -0.185546875, 0.979187, 0.0603027344)
(-0.0557250977, -0.185302734, 0.979248047, 0.0603027344)
(-0.0557861328, -0.185791016, 0.979126, 0.06011963)
(-0.0557861328, -0.185791016, 0.979126, 0.06011963)
(-0.0557861328, -0.185791016, 0.979126, 0.06011963)
(-0.0557861328, -0.185791016, 0.979126, 0.06011963)
(-0.0557861328, -0.185791016, 0.979126, 0.06011963)
(-0.0559082031, -0.186096191, 0.979064941, 0.06011963)
(-0.0559082031, -0.186096191, 0.979064941, 0.06011963)
(-0.05596924, -0.186584473, 0.9790039, 0.0600585938)
(-0.05596924, -0.186645508, 0.9789429, 0.0600585938)
(-0.05596924, -0.186645508, 0.9789429, 0.0600585938)
(-0.05609131, -0.186218262, 0.9790039, 0.06011963)
(-0.05609131, -0.186218262, 0.9790039, 0.06011963)
(-0.05609131, -0.186218262, 0.9790039, 0.0601806641)
(-0.0560302734, -0.186645508, 0.9789429, 0.0600585938)
(-0.0560302734, -0.186645508, 0.9789429, 0.0600585938)
(-0.0560302734, -0.186645508, 0.9789429, 0.0600585938)
(-0.0560302734, -0.186645508, 0.9789429, 0.0600585938)
(-0.0560302734, -0.1862793, 0.9790039, 0.0600585938)
(-0.0560302734, -0.1862793, 0.9790039, 0.0600585938)
(-0.05596924, -0.186218262, 0.979064941, 0.0600585938)
(-0.05596924, -0.186218262, 0.979064941, 0.0600585938)
(-0.0560302734, -0.186218262, 0.979064941, 0.0600585938)
(-0.0560302734, -0.186218262, 0.979064941, 0.0600585938)
(-0.0560302734, -0.186218262, 0.979064941, 0.0600585938)
(-0.05609131, -0.1864624, 0.9790039, 0.0600585938)
(-0.05609131, -0.1864624, 0.9790039, 0.0600585938)
(-0.05609131, -0.1864624, 0.9790039, 0.0600585938)
(-0.05609131, -0.1864624, 0.9790039, 0.05999756)
(-0.05609131, -0.1864624, 0.9790039, 0.05999756)
(-0.0561523438, -0.1864624, 0.9790039, 0.05999756)
(-0.0561523438, -0.1864624, 0.9790039, 0.05999756)
(-0.0561523438, -0.1864624, 0.9790039, 0.05999756)
(-0.0561523438, -0.1864624, 0.9790039, 0.05999756)
(-0.05621338, -0.186523438, 0.9790039, 0.05999756)
(-0.05621338, -0.186584473, 0.9789429, 0.05999756)
(-0.05621338, -0.186584473, 0.9789429, 0.05999756)
(-0.0562744141, -0.186584473, 0.9789429, 0.05999756)
(-0.0562744141, -0.186584473, 0.9789429, 0.05999756)
(-0.0562744141, -0.186584473, 0.9789429, 0.05999756)
(-0.0562744141, -0.186584473, 0.9789429, 0.05999756)
(-0.05633545, -0.186767578, 0.9789429, 0.0599365234)
(-0.0563964844, -0.187011719, 0.978881836, 0.0598144531)
(-0.0563964844, -0.187011719, 0.978881836, 0.0598144531)
(-0.0563964844, -0.187011719, 0.978881836, 0.0598144531)
(-0.0563964844, -0.187011719, 0.978881836, 0.0598144531)
(-0.0563964844, -0.187011719, 0.978881836, 0.0598144531)
(-0.0563964844, -0.187011719, 0.978881836, 0.0598144531)
(-0.05645752, -0.187133789, 0.978881836, 0.0596923828)
(-0.05645752, -0.187133789, 0.978881836, 0.0596923828)
(-0.05633545, -0.1875, 0.9788208, 0.0596313477)
(-0.0563964844, -0.1875, 0.9788208, 0.0596313477)
(-0.0563964844, -0.1875, 0.9788208, 0.0596313477)
(-0.05633545, -0.1875, 0.9788208, 0.0596313477)
(-0.05633545, -0.1875, 0.9788208, 0.0596313477)
(-0.05633545, -0.1875, 0.9788208, 0.0596313477)
(-0.05633545, -0.1875, 0.9788208, 0.0596313477)
(-0.0563964844, -0.1875, 0.9788208, 0.0596313477)
(-0.0563964844, -0.1875, 0.9788208, 0.0596313477)
(-0.0563964844, -0.1875, 0.9788208, 0.0596313477)
(-0.0563964844, -0.1875, 0.9788208, 0.0596313477)
(-0.0563964844, -0.1875, 0.9788208, 0.0596313477)
(-0.0563964844, -0.1875, 0.9788208, 0.0596313477)
(-0.0563964844, -0.1875, 0.9788208, 0.0596313477)
(-0.05645752, -0.1875, 0.9788208, 0.0596313477)
(-0.05645752, -0.1875, 0.9788208, 0.0596313477)
(-0.05645752, -0.187561035, 0.9788208, 0.0595703125)
(-0.05645752, -0.18762207, 0.978759766, 0.0595703125)
(-0.05645752, -0.18762207, 0.978759766, 0.0595703125)
(-0.05645752, -0.187561035, 0.9788208, 0.0595703125)
(-0.05645752, -0.1873169, 0.9788208, 0.0596313477)
(-0.05645752, -0.1873169, 0.9788208, 0.0596313477)
(-0.0563964844, -0.187438965, 0.9788208, 0.0596313477)
(-0.0563964844, -0.187438965, 0.9788208, 0.0595703125)
(-0.0563964844, -0.187438965, 0.9788208, 0.0595703125)
(-0.05645752, -0.187438965, 0.9788208, 0.0595703125)
(-0.05645752, -0.187438965, 0.9788208, 0.0595703125)
(-0.05633545, -0.187255859, 0.978881836, 0.0595703125)
(-0.05633545, -0.187255859, 0.978881836, 0.0595703125)
(-0.0562744141, -0.187255859, 0.978881836, 0.0595703125)
(-0.05633545, -0.187255859, 0.978881836, 0.0595703125)
(-0.05633545, -0.187255859, 0.978881836, 0.0595703125)
(-0.05633545, -0.187255859, 0.978881836, 0.0595703125)
(-0.05633545, -0.187255859, 0.978881836, 0.0595703125)
(-0.05633545, -0.187194824, 0.978881836, 0.0595703125)
(-0.05633545, -0.187194824, 0.978881836, 0.0595703125)
(-0.05633545, -0.1875, 0.9788208, 0.0595703125)
(-0.05633545, -0.1875, 0.9788208, 0.0595703125)
(-0.0563964844, -0.187561035, 0.9788208, 0.0595703125)
(-0.0563964844, -0.187561035, 0.9788208, 0.0595703125)
(-0.0563964844, -0.187561035, 0.9788208, 0.0595703125)
(-0.0563964844, -0.187561035, 0.9788208, 0.0595703125)
(-0.0563964844, -0.187561035, 0.9788208, 0.0595703125)
(-0.0563964844, -0.187561035, 0.9788208, 0.0595703125)
(-0.0563964844, -0.187561035, 0.9788208, 0.0595703125)
(-0.0563964844, -0.187805176, 0.978759766, 0.0595092773)
(-0.0563964844, -0.187805176, 0.978759766, 0.0595092773)
(-0.05633545, -0.188049316, 0.97869873, 0.059387207)
(-0.05633545, -0.188049316, 0.97869873, 0.059387207)
(-0.0562744141, -0.188049316, 0.97869873, 0.059387207)
(-0.0562744141, -0.188049316, 0.97869873, 0.059387207)
(-0.05633545, -0.188110352, 0.97869873, 0.059387207)
(-0.05633545, -0.188110352, 0.97869873, 0.059387207)
(-0.05633545, -0.188110352, 0.97869873, 0.059387207)
(-0.05645752, -0.188293457, 0.97869873, 0.0592651367)
(-0.0565185547, -0.1885376, 0.9786377, 0.0592041)
(-0.0565185547, -0.1885376, 0.9786377, 0.0592041)
(-0.0565185547, -0.1885376, 0.9786377, 0.0592041)
(-0.0565185547, -0.188354492, 0.9786377, 0.0592041)
(-0.0565185547, -0.188354492, 0.9786377, 0.0592041)
(-0.0565185547, -0.188354492, 0.9786377, 0.0592041)
(-0.0565185547, -0.188354492, 0.9786377, 0.0592041)
(-0.05645752, -0.188354492, 0.9786377, 0.0592041)
(-0.05645752, -0.188354492, 0.9786377, 0.0592041)
(-0.05645752, -0.188354492, 0.9786377, 0.0592041)
(-0.05645752, -0.188354492, 0.9786377, 0.0592041)
(-0.05645752, -0.188354492, 0.9786377, 0.0592041)
(-0.05645752, -0.188354492, 0.9786377, 0.0592041)
(-0.05645752, -0.188354492, 0.9786377, 0.0592041)
(-0.05645752, -0.188415527, 0.9786377, 0.0592041)
(-0.05645752, -0.188415527, 0.9786377, 0.0592041)
(-0.0565185547, -0.188415527, 0.9786377, 0.0592041)
(-0.05645752, -0.188659668, 0.97857666, 0.0592651367)
(-0.05645752, -0.188659668, 0.97857666, 0.0592651367)
(-0.0565185547, -0.188659668, 0.97857666, 0.0592651367)
(-0.0565185547, -0.188659668, 0.97857666, 0.0592651367)
(-0.0565185547, -0.188659668, 0.97857666, 0.0592651367)
(-0.0565185547, -0.188659668, 0.97857666, 0.0592651367)
(-0.0565185547, -0.1887207, 0.97857666, 0.0592651367)
(-0.0565185547, -0.1887207, 0.97857666, 0.0592651367)
(-0.0565185547, -0.1887207, 0.97857666, 0.0592651367)
(-0.0565185547, -0.1887207, 0.97857666, 0.0592651367)
(-0.05657959, -0.1887207, 0.97857666, 0.0592651367)
(-0.05657959, -0.1887207, 0.97857666, 0.0592651367)
(-0.05657959, -0.1887207, 0.97857666, 0.0592651367)
(-0.05657959, -0.1887207, 0.97857666, 0.0592651367)
(-0.05657959, -0.1887207, 0.97857666, 0.0592651367)
(-0.05645752, -0.189086914, 0.9785156, 0.0592041)
(-0.05645752, -0.189086914, 0.9785156, 0.0592041)
(-0.05645752, -0.189086914, 0.9785156, 0.0592041)
(-0.05645752, -0.189086914, 0.9785156, 0.0592041)
(-0.05645752, -0.189025879, 0.9785156, 0.0592041)
(-0.05645752, -0.189025879, 0.9785156, 0.0592041)
(-0.05645752, -0.189025879, 0.9785156, 0.0592041)
(-0.05645752, -0.189025879, 0.9785156, 0.0592041)
(-0.0562744141, -0.189086914, 0.9785156, 0.05908203)
(-0.0560302734, -0.189147949, 0.97857666, 0.05895996)
(-0.0560302734, -0.189086914, 0.97857666, 0.05895996)
(-0.0560302734, -0.189086914, 0.97857666, 0.05895996)
(-0.0560302734, -0.189086914, 0.97857666, 0.05895996)
(-0.0560302734, -0.189086914, 0.97857666, 0.05895996)
(-0.0560302734, -0.189147949, 0.97857666, 0.05895996)
(-0.05596924, -0.188964844, 0.97857666, 0.0590209961)
(-0.05596924, -0.188964844, 0.97857666, 0.0590209961)
(-0.05596924, -0.188964844, 0.97857666, 0.0590209961)
(-0.05596924, -0.189331055, 0.9785156, 0.0588989258)
(-0.05596924, -0.189331055, 0.9785156, 0.0588989258)
(-0.05596924, -0.189331055, 0.9785156, 0.0588989258)
(-0.05596924, -0.189331055, 0.9785156, 0.0588989258)
(-0.05596924, -0.189086914, 0.97857666, 0.05883789)
(-0.05596924, -0.189086914, 0.97857666, 0.05883789)
(-0.05596924, -0.189025879, 0.97857666, 0.05883789)
(-0.05596924, -0.18927002, 0.9785156, 0.0587768555)
(-0.05596924, -0.18927002, 0.9785156, 0.0587768555)
(-0.0560302734, -0.189453125, 0.9785156, 0.05871582)
(-0.0560302734, -0.189453125, 0.9785156, 0.05871582)
(-0.05596924, -0.189453125, 0.9785156, 0.05871582)
(-0.05596924, -0.189453125, 0.9785156, 0.05871582)
(-0.05596924, -0.189453125, 0.9785156, 0.05871582)
(-0.05596924, -0.189453125, 0.9785156, 0.05871582)
(-0.05596924, -0.189453125, 0.9785156, 0.05871582)
(-0.05596924, -0.189697266, 0.9784546, 0.0586547852)
(-0.05596924, -0.189697266, 0.9784546, 0.0586547852)
(-0.05596924, -0.189697266, 0.9784546, 0.0586547852)
(-0.05596924, -0.189697266, 0.9784546, 0.0586547852)
(-0.05596924, -0.189697266, 0.9784546, 0.0586547852)
(-0.05596924, -0.189697266, 0.9784546, 0.0586547852)
(-0.05596924, -0.189697266, 0.9784546, 0.0586547852)
(-0.05596924, -0.189697266, 0.9784546, 0.0586547852)
(-0.0559082031, -0.189697266, 0.9784546, 0.0586547852)
(-0.05596924, -0.189697266, 0.9784546, 0.0586547852)
(-0.05596924, -0.189697266, 0.9784546, 0.0586547852)
(-0.0559082031, -0.189697266, 0.9784546, 0.0586547852)
(-0.0559082031, -0.189697266, 0.9784546, 0.0586547852)
(-0.05596924, -0.189697266, 0.9784546, 0.0586547852)
(-0.05596924, -0.189697266, 0.9784546, 0.0586547852)
