(-0.064453125, -0.340881348, 0.934021, 0.0848999)
(-0.064453125, -0.340881348, 0.934021, 0.0848999)
(-0.06512451, -0.341003418, 0.934021, 0.0836792)
(-0.06512451, -0.341003418, 0.934021, 0.0836792)
(-0.06414795, -0.339660645, 0.934631348, 0.08306885)
(-0.06414795, -0.339660645, 0.934631348, 0.08306885)
(-0.06335449, -0.3380127, 0.9354248, 0.08178711)
(-0.06335449, -0.3380127, 0.9354248, 0.08178711)
(-0.06121826, -0.341247559, 0.9345703, 0.080078125)
(-0.0594482422, -0.34161377, 0.9351196, 0.07287598)
(-0.05871582, -0.343200684, 0.9348755, 0.0690918)
(-0.05847168, -0.340576172, 0.936035156, 0.0665893555)
(-0.0590209961, -0.337036133, 0.9373779, 0.06500244)
(-0.0598144531, -0.3314209, 0.9394531, 0.06359863)
(-0.061340332, -0.327026367, 0.940917969, 0.0625)
(-0.061340332, -0.327026367, 0.940917969, 0.0625)
(-0.06274414, -0.325317383, 0.941589355, 0.06060791)
(-0.06555176, -0.319152832, 0.943664551, 0.0573730469)
(-0.06555176, -0.319152832, 0.943664551, 0.0573730469)
(-0.0662231445, -0.31640625, 0.9445801, 0.05670166)
(-0.0662231445, -0.31640625, 0.9445801, 0.05670166)
(-0.06652832, -0.315246582, 0.9450073, 0.0560302734)
(-0.06652832, -0.315246582, 0.9450073, 0.0560302734)
(-0.06665039, -0.31652832, 0.9445801, 0.055480957)
(-0.0667114258, -0.31652832, 0.9445801, 0.055480957)
(-0.0667114258, -0.31652832, 0.9445801, 0.055480957)
(-0.06640625, -0.315307617, 0.9450073, 0.0559082031)
(-0.06640625, -0.315307617, 0.9450073, 0.0559082031)
(-0.06628418, -0.314208984, 0.9453125, 0.0562744141)
(-0.06628418, -0.314208984, 0.9453125, 0.0562744141)
(-0.06628418, -0.315002441, 0.945068359, 0.0563964844)
(-0.06628418, -0.315002441, 0.945068359, 0.0563964844)
(-0.06585693, -0.31652832, 0.9445801, 0.0562744141)
(-0.06567383, -0.3173828, 0.944335938, 0.0562744141)
(-0.06567383, -0.3173828, 0.944335938, 0.0562744141)
(-0.06549072, -0.316955566, 0.944458, 0.056640625)
(-0.06549072, -0.316955566, 0.944458, 0.056640625)
(-0.06555176, -0.316955566, 0.944458, 0.0569458)
(-0.06524658, -0.316711426, 0.944519043, 0.0573730469)
(-0.06524658, -0.316711426, 0.944519043, 0.0573730469)
(-0.0648193359, -0.316711426, 0.944519043, 0.0574951172)
(-0.0648193359, -0.316711426, 0.944519043, 0.0574951172)
(-0.0648193359, -0.3164673, 0.9445801, 0.057800293)
(-0.0648193359, -0.3164673, 0.9445801, 0.057800293)
(-0.06463623, -0.3163452, 0.9446411, 0.0579834)
(-0.06463623, -0.3163452, 0.9446411, 0.0579834)
(-0.06451416, -0.315856934, 0.9448242, 0.05810547)
(-0.06451416, -0.315856934, 0.9448242, 0.05810547)
(-0.06402588, -0.315490723, 0.9449463, 0.0579223633)
(-0.0639648438, -0.315307617, 0.9450073, 0.05810547)
(-0.0639648438, -0.315307617, 0.9450073, 0.05810547)
(-0.06402588, -0.315063477, 0.945068359, 0.0582885742)
(-0.06402588, -0.315063477, 0.945068359, 0.0582885742)
(-0.0640869141, -0.315368652, 0.9449463, 0.05847168)
(-0.0640869141, -0.315368652, 0.9449463, 0.05847168)
(-0.06402588, -0.3156128, 0.944885254, 0.0585327148)
(-0.06402588, -0.3156128, 0.944885254, 0.0585327148)
(-0.06402588, -0.3157959, 0.9448242, 0.05871582)
(-0.06402588, -0.3157959, 0.9448242, 0.05871582)
(-0.06390381, -0.315490723, 0.944885254, 0.05895996)
(-0.06390381, -0.315490723, 0.944885254, 0.05895996)
(-0.06390381, -0.315002441, 0.945068359, 0.0591430664)
(-0.06390381, -0.315002441, 0.945068359, 0.0591430664)
(-0.06390381, -0.315002441, 0.945068359, 0.0591430664)
(-0.06390381, -0.315490723, 0.944885254, 0.0591430664)
(-0.0637207, -0.315917969, 0.9447632, 0.0592041)
(-0.0637207, -0.315917969, 0.9447632, 0.0592041)
(-0.0637207, -0.315917969, 0.9447632, 0.0592041)
(-0.06329346, -0.316223145, 0.944702148, 0.0592651367)
(-0.06329346, -0.316223145, 0.944702148, 0.0592651367)
(-0.06274414, -0.316711426, 0.944519043, 0.0595703125)
(-0.06213379, -0.317688, 0.944213867, 0.0598144531)
(-0.06213379, -0.317688, 0.944213867, 0.0598144531)
(-0.0615844727, -0.3182373, 0.9440918, 0.06036377)
(-0.06121826, -0.318847656, 0.943847656, 0.0609130859)
(-0.0610351563, -0.319152832, 0.9437256, 0.0614624023)
(-0.0610351563, -0.319152832, 0.9437256, 0.0614624023)
(-0.06097412, -0.319396973, 0.9436035, 0.0619506836)
(-0.06097412, -0.319396973, 0.9436035, 0.0619506836)
(-0.06085205, -0.319458, 0.9435425, 0.06213379)
(-0.06085205, -0.319458, 0.9435425, 0.06213379)
(-0.06085205, -0.319458, 0.9436035, 0.06213379)
(-0.06085205, -0.319396973, 0.9436035, 0.0621948242)
(-0.0610351563, -0.319335938, 0.9436035, 0.0619506836)
(-0.0610351563, -0.319335938, 0.9436035, 0.0619506836)
(-0.0609130859, -0.3190918, 0.9437256, 0.0616455078)
(-0.0609130859, -0.3190918, 0.9437256, 0.0616455078)
(-0.06085205, -0.31854248, 0.9439087, 0.0615234375)
(-0.06085205, -0.318115234, 0.9440918, 0.0612792969)
(-0.06085205, -0.318115234, 0.9440918, 0.0612792969)
(-0.06121826, -0.3178711, 0.944152832, 0.0610351563)
(-0.06121826, -0.3178711, 0.944152832, 0.0610351563)
(-0.0615234375, -0.317810059, 0.944152832, 0.06097412)
(-0.0615234375, -0.317810059, 0.944152832, 0.06097412)
(-0.0619506836, -0.317688, 0.944213867, 0.0610351563)
(-0.0624389648, -0.3171997, 0.9442749, 0.0611572266)
(-0.0624389648, -0.3171997, 0.9442749, 0.0611572266)
(-0.06274414, -0.3171997, 0.9442749, 0.0611572266)
(-0.06274414, -0.3171997, 0.9442749, 0.0611572266)
(-0.06896973, -0.32019043, 0.942443848, 0.0665893555)
(-0.06933594, -0.3199463, 0.9425049, 0.06695557)
(-0.06939697, -0.319885254, 0.9425049, 0.06689453)
(-0.06939697, -0.3196411, 0.9425659, 0.06713867)
(-0.06939697, -0.3196411, 0.9425659, 0.06713867)
(-0.06933594, -0.319396973, 0.942626953, 0.06750488)
(-0.06921387, -0.3189087, 0.942810059, 0.06793213)
(-0.06921387, -0.3189087, 0.942810059, 0.06793213)
(-0.06921387, -0.3184204, 0.9429321, 0.068359375)
(-0.06921387, -0.3184204, 0.9429321, 0.068359375)
(-0.06921387, -0.317993164, 0.9430542, 0.0686035156)
(-0.06921387, -0.317993164, 0.9430542, 0.0686035156)
(-0.06915283, -0.317810059, 0.943115234, 0.06866455)
(-0.06915283, -0.317810059, 0.943115234, 0.06866455)
(-0.06915283, -0.317810059, 0.943115234, 0.06866455)
(-0.06915283, -0.317810059, 0.943115234, 0.06866455)
(-0.06915283, -0.317810059, 0.943115234, 0.06866455)
(-0.06933594, -0.317321777, 0.94329834, 0.0684814453)
(-0.06945801, -0.317077637, 0.9433594, 0.06829834)
(-0.06945801, -0.317077637, 0.9433594, 0.06829834)
(-0.06945801, -0.317077637, 0.9433594, 0.06829834)
(-0.06945801, -0.317077637, 0.9433594, 0.06829834)
(-0.06945801, -0.317077637, 0.9433594, 0.06829834)
(-0.06945801, -0.3170166, 0.9433594, 0.06829834)
(-0.06945801, -0.3170166, 0.9433594, 0.06829834)
(-0.06945801, -0.316955566, 0.9434204, 0.06829834)
(-0.06945801, -0.316955566, 0.9434204, 0.06829834)
(-0.06970215, -0.3161621, 0.943664551, 0.0680542)
(-0.06970215, -0.3161621, 0.943664551, 0.0680542)
(-0.0698852539, -0.315673828, 0.9437866, 0.0679931641)
(-0.0698852539, -0.315673828, 0.943847656, 0.0679931641)
(-0.0704956055, -0.3151245, 0.9439697, 0.06793213)
(-0.0704956055, -0.3151245, 0.9439697, 0.06793213)
(-0.07086182, -0.315002441, 0.9439697, 0.0679931641)
(-0.07086182, -0.315002441, 0.9439697, 0.0679931641)
(-0.07116699, -0.314819336, 0.944030762, 0.0681152344)
(-0.0713501, -0.31463623, 0.944030762, 0.06829834)
(-0.0713501, -0.31463623, 0.944030762, 0.06829834)
(-0.07159424, -0.3140869, 0.944213867, 0.0684814453)
(-0.0715332, -0.313781738, 0.9442749, 0.06854248)
(-0.0715332, -0.313781738, 0.9442749, 0.06854248)
(-0.0715332, -0.313781738, 0.9442749, 0.06854248)
(-0.07147217, -0.313781738, 0.9442749, 0.06854248)
(-0.07147217, -0.313781738, 0.9442749, 0.06854248)
(-0.0713501, -0.313415527, 0.944458, 0.06854248)
(-0.07092285, -0.312805176, 0.9446411, 0.06866455)
(-0.07067871, -0.312561035, 0.9447632, 0.06866455)
(-0.07067871, -0.312561035, 0.9447632, 0.06866455)
(-0.0704956055, -0.312255859, 0.944885254, 0.06878662)
(-0.0703735352, -0.3118286, 0.9450073, 0.06878662)
(-0.0702514648, -0.311767578, 0.945068359, 0.0687255859)
(-0.0703125, -0.311584473, 0.945068359, 0.06866455)
(-0.0703125, -0.311584473, 0.945068359, 0.06866455)
(-0.0703125, -0.311584473, 0.945068359, 0.06866455)
(-0.0704956055, -0.311340332, 0.9451904, 0.0686035156)
(-0.0704956055, -0.311340332, 0.9451904, 0.0686035156)
(-0.0704956055, -0.311340332, 0.9451904, 0.0686035156)
(-0.0704956055, -0.311340332, 0.9451904, 0.0686035156)
(-0.0704956055, -0.311340332, 0.9451904, 0.0686035156)
(-0.0720214844, -0.3114624, 0.9450073, 0.0687255859)
(-0.0723876953, -0.3112793, 0.945068359, 0.0686035156)
(-0.0723876953, -0.3112793, 0.945068359, 0.0686035156)
(-0.0723876953, -0.3112793, 0.945068359, 0.0686035156)
(-0.0727539063, -0.311157227, 0.945068359, 0.06854248)
(-0.07312012, -0.3109131, 0.9451294, 0.068359375)
(-0.07348633, -0.3109131, 0.9451294, 0.0682373047)
(-0.07348633, -0.3109131, 0.9451294, 0.0682373047)
(-0.0739135742, -0.3109131, 0.945068359, 0.0679931641)
(-0.0742797852, -0.3109131, 0.945068359, 0.0678710938)
(-0.0742797852, -0.3109131, 0.945068359, 0.0678710938)
(-0.0742797852, -0.3109131, 0.945068359, 0.0678710938)
(-0.07446289, -0.310791016, 0.9451294, 0.06768799)
(-0.0746459961, -0.31048584, 0.9451904, 0.06768799)
(-0.0746459961, -0.31048584, 0.9451904, 0.06768799)
(-0.0746459961, -0.31048584, 0.9451904, 0.06768799)
(-0.0746459961, -0.31048584, 0.9451904, 0.06768799)
(-0.0746459961, -0.3104248, 0.945251465, 0.06768799)
(-0.0746459961, -0.31036377, 0.945251465, 0.06768799)
(-0.0746459961, -0.31036377, 0.945251465, 0.06768799)
(-0.0746459961, -0.31036377, 0.945251465, 0.06768799)
(-0.07446289, -0.310302734, 0.945251465, 0.06762695)
(-0.0739135742, -0.3104248, 0.9453125, 0.06750488)
(-0.07354736, -0.3104248, 0.9453125, 0.06744385)
(-0.07330322, -0.310546875, 0.9453125, 0.06744385)
(-0.07330322, -0.310546875, 0.9453125, 0.06744385)
(-0.07330322, -0.310546875, 0.9453125, 0.06744385)
(-0.07293701, -0.310791016, 0.945251465, 0.06732178)
(-0.07293701, -0.310791016, 0.945251465, 0.06732178)
(-0.07293701, -0.310791016, 0.945251465, 0.06732178)
(-0.07293701, -0.310791016, 0.945251465, 0.06732178)
(-0.07287598, -0.3109131, 0.945251465, 0.06726074)
(-0.0727539063, -0.310852051, 0.945251465, 0.06713867)
(-0.0727539063, -0.310852051, 0.945251465, 0.06713867)
(-0.0727539063, -0.310852051, 0.945251465, 0.06713867)
(-0.0727539063, -0.310974121, 0.945251465, 0.06695557)
(-0.07281494, -0.311157227, 0.9451904, 0.06677246)
(-0.07281494, -0.311157227, 0.9451904, 0.06677246)
(-0.07281494, -0.311157227, 0.9451904, 0.06677246)
(-0.07281494, -0.311157227, 0.9451904, 0.06677246)
(-0.07287598, -0.311157227, 0.9451904, 0.06677246)
(-0.07287598, -0.311157227, 0.9451904, 0.06677246)
(-0.07287598, -0.311157227, 0.9451904, 0.06677246)
(-0.07305908, -0.3112793, 0.9451294, 0.06665039)
(-0.07324219, -0.311584473, 0.9450073, 0.06652832)
(-0.07324219, -0.311584473, 0.9450073, 0.06652832)
(-0.07324219, -0.311584473, 0.9450073, 0.06652832)
(-0.07324219, -0.311584473, 0.9450073, 0.06652832)
(-0.07330322, -0.311767578, 0.9449463, 0.0664672852)
(-0.07342529, -0.312011719, 0.944885254, 0.0663452148)
(-0.07342529, -0.312011719, 0.944885254, 0.0663452148)
(-0.07342529, -0.312011719, 0.944885254, 0.0663452148)
(-0.07342529, -0.311950684, 0.944885254, 0.0663452148)
(-0.07354736, -0.312194824, 0.9448242, 0.06616211)
(-0.07354736, -0.312194824, 0.9448242, 0.06616211)
(-0.07354736, -0.312194824, 0.9448242, 0.06616211)
(-0.07373047, -0.31237793, 0.9447632, 0.06591797)
(-0.07373047, -0.31237793, 0.9447632, 0.06591797)
(-0.07373047, -0.31237793, 0.9447632, 0.06591797)
(-0.07373047, -0.31237793, 0.9447632, 0.06591797)
(-0.07373047, -0.31237793, 0.9447632, 0.06591797)
(-0.07366943, -0.3125, 0.9447632, 0.06573486)
(-0.07366943, -0.3125, 0.9447632, 0.06573486)
(-0.07366943, -0.3125, 0.9447632, 0.06573486)
(-0.07366943, -0.3125, 0.9447632, 0.06573486)
(-0.07366943, -0.312438965, 0.9447632, 0.06573486)
(-0.07366943, -0.312438965, 0.9447632, 0.06573486)
(-0.07366943, -0.312438965, 0.9447632, 0.06573486)
(-0.07366943, -0.312438965, 0.9447632, 0.06573486)
(-0.0736084, -0.312438965, 0.9447632, 0.06573486)
(-0.0736084, -0.312438965, 0.9447632, 0.06573486)
(-0.0736084, -0.312438965, 0.9447632, 0.06573486)
(-0.0736084, -0.31237793, 0.9447632, 0.06573486)
(-0.0736084, -0.31237793, 0.9447632, 0.06573486)
(-0.0736084, -0.31237793, 0.9447632, 0.06573486)
(-0.0736084, -0.31237793, 0.9447632, 0.06573486)
(-0.0736084, -0.31237793, 0.9447632, 0.06573486)
(-0.0736084, -0.312194824, 0.9448242, 0.06591797)
(-0.07354736, -0.311950684, 0.9449463, 0.0661010742)
(-0.0736084, -0.311767578, 0.9449463, 0.0662231445)
(-0.0736084, -0.311767578, 0.9449463, 0.0662231445)
(-0.0736084, -0.311767578, 0.9449463, 0.0662231445)
(-0.0736084, -0.311767578, 0.9449463, 0.0662231445)
(-0.07373047, -0.311584473, 0.9450073, 0.0663452148)
(-0.0737915039, -0.311584473, 0.9450073, 0.0663452148)
(-0.0737915039, -0.311584473, 0.9450073, 0.0663452148)
(-0.0737915039, -0.311584473, 0.9450073, 0.0663452148)
(-0.0737915039, -0.311584473, 0.9450073, 0.0663452148)
(-0.0737915039, -0.311584473, 0.9450073, 0.0663452148)
(-0.0737915039, -0.311584473, 0.9450073, 0.0663452148)
(-0.0737915039, -0.311584473, 0.9450073, 0.0663452148)
(-0.07385254, -0.311523438, 0.9450073, 0.06628418)
(-0.07385254, -0.311523438, 0.9450073, 0.06628418)
(-0.07385254, -0.311523438, 0.9450073, 0.06628418)
(-0.07385254, -0.311523438, 0.9450073, 0.06628418)
(-0.07385254, -0.311523438, 0.9450073, 0.06628418)
(-0.07385254, -0.311523438, 0.9450073, 0.06628418)
(-0.0739135742, -0.311523438, 0.9450073, 0.06628418)
(-0.0739135742, -0.311523438, 0.9450073, 0.06628418)
(-0.0739135742, -0.3114624, 0.9450073, 0.06628418)
(-0.0739135742, -0.3114624, 0.9450073, 0.06628418)
(-0.0739135742, -0.3114624, 0.9450073, 0.06628418)
(-0.0739135742, -0.3114624, 0.945068359, 0.06628418)
(-0.0740356445, -0.311340332, 0.945068359, 0.0662231445)
(-0.07409668, -0.311340332, 0.945068359, 0.0662231445)
(-0.07409668, -0.311340332, 0.945068359, 0.0662231445)
(-0.07409668, -0.311401367, 0.945068359, 0.0662231445)
(-0.07409668, -0.3114624, 0.9450073, 0.0662231445)
(-0.07409668, -0.3114624, 0.9450073, 0.0662231445)
(-0.07409668, -0.311889648, 0.944885254, 0.06616211)
(-0.07409668, -0.311889648, 0.944885254, 0.06616211)
(-0.07409668, -0.311889648, 0.944885254, 0.06616211)
(-0.07409668, -0.311889648, 0.944885254, 0.06616211)
(-0.07409668, -0.3118286, 0.944885254, 0.06616211)
(-0.07409668, -0.3118286, 0.944885254, 0.06616211)
(-0.07409668, -0.3118286, 0.944885254, 0.06616211)
(-0.07409668, -0.3118286, 0.9449463, 0.06616211)
(-0.07470703, -0.312255859, 0.944702148, 0.06591797)
(-0.07470703, -0.312255859, 0.944702148, 0.06591797)
(-0.0748291, -0.31237793, 0.944702148, 0.0657959)
(-0.0748291, -0.31237793, 0.944702148, 0.0657959)
(-0.0748291, -0.31237793, 0.944702148, 0.0657959)
(-0.07489014, -0.31237793, 0.944702148, 0.0657959)
(-0.07489014, -0.31237793, 0.944702148, 0.0657959)
(-0.07489014, -0.312438965, 0.944702148, 0.06561279)
(-0.07489014, -0.312438965, 0.944702148, 0.06561279)
(-0.07495117, -0.312561035, 0.9446411, 0.06549072)
(-0.07495117, -0.312561035, 0.9446411, 0.06549072)
(-0.07495117, -0.312561035, 0.9446411, 0.06549072)
(-0.07495117, -0.312561035, 0.9446411, 0.06549072)
(-0.07495117, -0.312561035, 0.9446411, 0.06549072)
(-0.07495117, -0.312561035, 0.9446411, 0.06549072)
(-0.07495117, -0.3125, 0.9446411, 0.06549072)
(-0.07495117, -0.3125, 0.9446411, 0.06549072)
(-0.07495117, -0.3125, 0.9446411, 0.06549072)
(-0.07501221, -0.3125, 0.944702148, 0.06549072)
(-0.07501221, -0.3125, 0.9446411, 0.06542969)
(-0.07501221, -0.3125, 0.9446411, 0.06542969)
(-0.07507324, -0.3125, 0.9446411, 0.06542969)
(-0.07507324, -0.3125, 0.9446411, 0.06542969)
(-0.07507324, -0.3125, 0.9446411, 0.06542969)
(-0.07507324, -0.3125, 0.9446411, 0.06542969)
(-0.07507324, -0.3125, 0.9446411, 0.06542969)
(-0.07507324, -0.3125, 0.9446411, 0.06542969)
(-0.07531738, -0.31237793, 0.944702148, 0.06555176)
(-0.07531738, -0.3123169, 0.944702148, 0.06555176)
(-0.07537842, -0.3123169, 0.944702148, 0.06549072)
(-0.07537842, -0.3123169, 0.944702148, 0.06549072)
(-0.07537842, -0.3123169, 0.944702148, 0.06549072)
(-0.07537842, -0.3123169, 0.944702148, 0.06549072)
(-0.07537842, -0.3123169, 0.944702148, 0.06549072)
(-0.07543945, -0.3123169, 0.944702148, 0.06549072)
(-0.07550049, -0.3125, 0.9446411, 0.06549072)
(-0.07550049, -0.3125, 0.9446411, 0.06549072)
(-0.07550049, -0.312561035, 0.9445801, 0.06549072)
(-0.07550049, -0.312561035, 0.9445801, 0.06549072)
(-0.07556152, -0.312561035, 0.9445801, 0.06549072)
(-0.07556152, -0.312561035, 0.9445801, 0.06549072)
(-0.07556152, -0.312561035, 0.9445801, 0.06549072)
(-0.07562256, -0.312561035, 0.9445801, 0.06549072)
(-0.07562256, -0.312561035, 0.9445801, 0.06549072)
(-0.0756835938, -0.3125, 0.9445801, 0.06542969)
(-0.0756835938, -0.3125, 0.9445801, 0.06542969)
(-0.07574463, -0.3126831, 0.9445801, 0.06530762)
(-0.07574463, -0.3126831, 0.944519043, 0.06530762)
(-0.0758056641, -0.3126831, 0.9445801, 0.06530762)
(-0.0759277344, -0.312805176, 0.944519043, 0.06512451)
(-0.0759277344, -0.312805176, 0.944519043, 0.06512451)
(-0.0759277344, -0.312805176, 0.944519043, 0.06512451)
(-0.0759277344, -0.312805176, 0.944519043, 0.06512451)
