(0, 0, 0, 0)
(-0.9031353, 0.0982743055, -0.335852146, -0.248781174)
(-0.908871233, 0.0800256357, -0.342235923, -0.224551946)
(-0.915453255, 0.08172969, -0.343123019, -0.193732128)
(-0.920970142, 0.07534276, -0.345600337, -0.163394228)
(-0.918895066, 0.07804038, -0.347627163, -0.169401467)
(-0.922201037, 0.08504722, -0.3486393, -0.144092858)
(-0.9195708, 0.07630732, -0.3531427, -0.1544568)
(-0.923012, 0.06664961, -0.355862975, -0.13026239)
(-0.9220072, 0.0461348221, -0.359815985, -0.135302156)
(-0.9207241, 0.06119382, -0.357939035, -0.142835855)
(-0.918131053, 0.0685444, -0.356833041, -0.158136487)
(-0.915350735, 0.07549622, -0.355564535, -0.173226178)
(-0.9184235, 0.0612465069, -0.357805341, -0.1572339)
(-0.921507955, 0.0507634953, -0.359287262, -0.138415232)
(-0.9243827, 0.0483489335, -0.3595014, -0.118058756)
(-0.92183274, 0.0442474969, -0.360322028, -0.135774046)
(-0.919118762, 0.0445756, -0.360616952, -0.152279884)
(-0.919519842, 0.0244643446, -0.3644151, -0.145210981)
(-0.917635441, 0.0367089435, -0.362586081, -0.158520922)
(-0.9153343, 0.04776141, -0.3604432, -0.173097268)
(-0.9187371, 0.04742669, -0.3607512, -0.153399453)
(-0.9205035, 0.03281821, -0.363424033, -0.139710829)
(-0.91940093, 0.04975746, -0.360987961, -0.148033068)
(-0.921369731, 0.03741556, -0.3632372, -0.133179471)
(-0.9195533, 0.051387772, -0.361331433, -0.145673424)
(-0.919156, 0.07047255, -0.35859704, -0.146949053)
(-0.920686066, 0.0529588, -0.361511737, -0.137265846)
(-0.9191129, 0.03465525, -0.364257962, -0.146104813)
(-0.9195144, 0.0538975149, -0.361359924, -0.144938633)
(-0.9176116, 0.03672517, -0.363998115, -0.1553887)
(-0.9196657, 0.0518394969, -0.361952633, -0.1432412)
(-0.921862543, 0.0414004065, -0.3637304, -0.127104715)
(-0.9193028, 0.0493443944, -0.362703145, -0.144546583)
(-0.9167346, 0.03427204, -0.365324825, -0.157989979)
(-0.9186334, 0.04964066, -0.363455445, -0.146794245)
(-0.9207931, 0.03829985, -0.3654661, -0.130796015)
(-0.9208898, 0.0572423339, -0.362945348, -0.130215183)
(-0.9198316, 0.0376262069, -0.3659493, -0.136290863)
(-0.917136252, 0.0442884155, -0.364849061, -0.154223487)
(-0.9175987, 0.06318456, -0.361908853, -0.1517971)
(-0.9184973, 0.04402456, -0.365094632, -0.1453627)
(-0.9210664, 0.0379893966, -0.3661004, -0.127138168)
(-0.918227434, 0.03419666, -0.366444737, -0.146312431)
(-0.9191118, 0.05326643, -0.36372, -0.141788512)
(-0.91691345, 0.0378608778, -0.3660709, -0.154364437)
(-0.9195035, 0.0492677465, -0.364432871, -0.138833344)
(-0.9179645, 0.031241633, -0.366723, -0.147916585)
(-0.920482039, 0.0419208, -0.365342677, -0.1322126)
(-0.9179348, 0.02989216, -0.36692822, -0.147871047)
(-0.9185472, 0.04940566, -0.364021033, -0.146009892)
(-0.919510067, 0.0313350558, -0.3667081, -0.138002351)
(-0.919882238, 0.0506096072, -0.363882959, -0.137274787)
(-0.918285668, 0.03270644, -0.366418, -0.146354169)
(-0.9165896, 0.0472835377, -0.363655716, -0.159318015)
(-0.919244468, 0.0390944, -0.364878863, -0.142564088)
(-0.91740936, 0.0519076027, -0.3622844, -0.1562552)
(-0.919205844, 0.0365077928, -0.3647382, -0.143853828)
(-0.9166276, 0.02296707, -0.36628738, -0.158429757)
(-0.9182051, 0.0413326025, -0.3633011, -0.152326748)
(-0.9150827, 0.0344442353, -0.363708943, -0.170743048)
(-0.9182996, 0.0357518867, -0.363731623, -0.15214093)
(-0.920765042, 0.0284757558, -0.364796, -0.13529551)
(-0.9188434, 0.03985656, -0.3619553, -0.1520745)
(-0.915998936, 0.0441435426, -0.359907061, -0.171651751)
(-0.919089258, 0.0386949219, -0.36054486, -0.154224232)
(-0.9218104, 0.0336718857, -0.361275375, -0.136425748)
(-0.919220448, 0.0402600355, -0.3597788, -0.154829636)
(-0.921526432, 0.03153754, -0.3614767, -0.138307288)
(-0.9190312, 0.0394823477, -0.360215127, -0.1551382)
(-0.9211046, 0.028589813, -0.3625565, -0.13893047)
(-0.918986738, 0.0397244, -0.360737115, -0.154123366)
(-0.9158843, 0.04293274, -0.359761536, -0.172871009)
(-0.9185869, 0.0343737, -0.361471832, -0.15606004)
(-0.920378, 0.0210118648, -0.363669753, -0.142151386)
(-0.9188919, 0.035137333, -0.361051083, -0.155065134)
(-0.919146538, 0.0161538534, -0.36399284, -0.149726212)
(-0.9190753, 0.03495856, -0.36078766, -0.154631481)
(-0.920822859, 0.05204846, -0.357947528, -0.145773217)
(-0.91903466, 0.03493098, -0.3602506, -0.156124)
(-0.9206987, 0.05272617, -0.357183129, -0.148169279)
(-0.919230759, 0.03470084, -0.359493881, -0.156763166)
(-0.9168217, 0.0195807777, -0.360944331, -0.169628143)
(-0.9196258, 0.0337349474, -0.3586071, -0.156688422)
(-0.922652, 0.037030533, -0.35811308, -0.138192073)
(-0.9198167, 0.0337847024, -0.357963264, -0.1570297)
(-0.9227571, 0.0346995145, -0.3580796, -0.138182223)
(-0.919899464, 0.0337665379, -0.35766533, -0.157226577)
(-0.9183849, 0.0490698926, -0.354653537, -0.168470338)
(-0.9201975, 0.03376743, -0.357301325, -0.156307384)
(-0.923035145, 0.03158553, -0.357939839, -0.1374322)
(-0.9202461, 0.03287471, -0.3571603, -0.156534016)
(-0.9204184, 0.05228539, -0.3538025, -0.157860667)
(-0.919620454, 0.03242668, -0.356964976, -0.160694674)
(-0.922595441, 0.03558026, -0.3569245, -0.141974017)
(-0.919606447, 0.0313834772, -0.357242465, -0.160365)
(-0.9222999, 0.041954048, -0.356057763, -0.144311041)
(-0.919311166, 0.03465909, -0.3567608, -0.162442237)
(-0.9215167, 0.0242638532, -0.35863933, -0.146955386)
(-0.919311047, 0.03414369, -0.356424183, -0.163288981)
(-0.921628356, 0.0246397555, -0.35831067, -0.146995172)
(-0.91923517, 0.0331301, -0.356456637, -0.163852364)
(-0.921992838, 0.0286731552, -0.357625455, -0.145640239)
(-0.9195313, 0.03697806, -0.355961978, -0.162437677)
(-0.9223628, 0.0334709436, -0.3570097, -0.143772259)
(-0.919679463, 0.0392034426, -0.355751574, -0.161535457)
(-0.9224988, 0.03457004, -0.3568079, -0.143139333)
(-0.9198016, 0.03972549, -0.3556139, -0.16101481)
(-0.9221953, 0.0297451988, -0.357567161, -0.144280225)
(-0.919475853, 0.03397087, -0.356559068, -0.16209805)
(-0.9217372, 0.0235705078, -0.358664721, -0.145617977)
(-0.9194639, 0.0319948122, -0.356749237, -0.162149847)
(-0.922466755, 0.033267986, -0.35704416, -0.143065572)
(-0.9195489, 0.0234079715, -0.35832122, -0.159649238)
(-0.9212264, 0.0112883216, -0.360883117, -0.144837826)
(-0.919549346, 0.0240229126, -0.3585905, -0.1589491)
(-0.9201508, 0.0433089435, -0.3556475, -0.157992572)
(-0.92117846, 0.0258802734, -0.358860016, -0.148256108)
(-0.920890331, 0.04474442, -0.356139153, -0.152065143)
(-0.9202536, 0.0247825515, -0.3594483, -0.152696267)
(-0.9182076, 0.03706369, -0.3571362, -0.1672571)
(-0.9200147, 0.0237335153, -0.359852225, -0.153349429)
(-0.9187298, 0.0396195538, -0.357166529, -0.163700923)
(-0.9201861, 0.0241708588, -0.3599997, -0.15189983)
(-0.920411646, 0.0058471174, -0.36294654, -0.1451829)
(-0.9203126, 0.0246157162, -0.3599831, -0.151099458)
(-0.9173274, 0.0264008213, -0.35900104, -0.170093581)
(-0.9204443, 0.0296485052, -0.359127223, -0.15142934)
(-0.917375147, 0.0205520615, -0.36007604, -0.168361664)
(-0.920425653, 0.0284858122, -0.359401315, -0.151115209)
(-0.9174492, 0.0183125436, -0.360330373, -0.167671621)
(-0.9204634, 0.0277238823, -0.359315574, -0.151230931)
(-0.918011665, 0.0365454443, -0.357330561, -0.1680295)
(-0.920493543, 0.0278939661, -0.35923928, -0.151197374)
(-0.9179843, 0.0360954553, -0.357416242, -0.168094173)
(-0.9203844, 0.0265667718, -0.359385937, -0.151751637)
(-0.917344153, 0.0268782414, -0.358573854, -0.170827135)
(-0.9205003, 0.03201607, -0.3581936, -0.152811944)
(-0.9185583, 0.0137861809, -0.360719234, -0.161065564)
(-0.92055434, 0.03098301, -0.358475447, -0.1520366)
(-0.9178032, 0.01697718, -0.3603507, -0.165819928)
(-0.919817448, 0.0343395881, -0.357969582, -0.156889692)
(-0.9197637, 0.0150561584, -0.361121684, -0.15296796)
(-0.9202959, 0.0346609168, -0.3581152, -0.1536473)
(-0.919845641, 0.014930781, -0.3612366, -0.1522138)
(-0.920549631, 0.034583997, -0.358340919, -0.151605323)
(-0.919394255, 0.0148231043, -0.36140424, -0.154536754)
(-0.9201804, 0.0341983326, -0.3585908, -0.153333813)
(-0.918405, 0.01543992, -0.361376137, -0.1603158)
(-0.9201713, 0.03350547, -0.358780861, -0.1530962)
(-0.9185214, 0.0147149377, -0.361522734, -0.159383819)
(-0.9205897, 0.0316798463, -0.359291255, -0.149735957)
(-0.9179085, 0.0176608823, -0.361127615, -0.163458884)
(-0.9204333, 0.0318080373, -0.359462947, -0.150257111)
(-0.917555332, 0.0202780757, -0.36080125, -0.165841877)
(-0.920403242, 0.0312297065, -0.359649748, -0.150115654)
(-0.9177717, 0.0170582253, -0.361433, -0.163616329)
(-0.9199401, 0.03377675, -0.35913685, -0.153590649)
(-0.9177782, 0.0168515556, -0.361439645, -0.163586438)
(-0.920014262, 0.03349125, -0.359109223, -0.153272763)
(-0.9184927, 0.0145758791, -0.361897528, -0.158709854)
(-0.919547737, 0.0343281366, -0.358926177, -0.156287059)
(-0.921119452, 0.0205122568, -0.361383855, -0.143247321)
(-0.9194661, 0.0339163654, -0.3588315, -0.157072261)
(-0.920671642, 0.0180371944, -0.3615137, -0.146103114)
(-0.918637633, 0.0285175331, -0.359348744, -0.161740869)
(-0.9210545, 0.0206621457, -0.361073136, -0.144422472)
(-0.91890347, 0.0307533219, -0.3589638, -0.160673)
(-0.920111, 0.0151352473, -0.3617529, -0.149337128)
(-0.918979466, 0.0308428146, -0.358965725, -0.160215825)
(-0.9205977, 0.017238779, -0.3615188, -0.1466517)
(-0.9193982, 0.0330475643, -0.3587069, -0.157936975)
(-0.9220013, 0.04499244, -0.356977016, -0.143026978)
(-0.9195203, 0.0315275565, -0.358656019, -0.157652184)
(-0.922244847, 0.0417278, -0.3572027, -0.141878024)
(-0.9196958, 0.0285679884, -0.358749628, -0.156978577)
(-0.9178144, 0.009473825, -0.361376584, -0.164115638)
(-0.91980356, 0.0268567055, -0.358913839, -0.156272635)
(-0.91748023, 0.009354167, -0.3613684, -0.1659982)
(-0.9192374, 0.0277760848, -0.358838439, -0.159580827)
(-0.918612957, 0.04642605, -0.3557407, -0.165660322)
(-0.9193564, 0.0285066739, -0.359026432, -0.158338517)
(-0.9222027, 0.03336384, -0.358876, -0.140132189)
(-0.9194009, 0.02287259, -0.360086948, -0.156576574)
(-0.9212697, 0.03978785, -0.357897729, -0.146929532)
(-0.9189465, 0.0240977015, -0.3601578, -0.1588807)
(-0.919106841, 0.04395572, -0.356942445, -0.160942852)
(-0.9176736, 0.024925014, -0.360015869, -0.166260332)
(-0.920292139, 0.0196948126, -0.361568332, -0.148130745)
(-0.918184459, 0.0305287279, -0.3593602, -0.163907319)
(-0.91980207, 0.0173114073, -0.361903876, -0.150631651)
(-0.9185064, 0.0331400037, -0.35899058, -0.162399217)
(-0.9202993, 0.05048015, -0.356425941, -0.153171837)
(-0.9190267, 0.031435702, -0.359600365, -0.158396184)
(-0.919279158, 0.0128197093, -0.3627695, -0.152183637)
(-0.918015242, 0.027935775, -0.3598631, -0.164213732)
(-0.920666754, 0.0231045149, -0.361225933, -0.146132767)
(-0.918318, 0.031818904, -0.35939607, -0.162831426)
(-0.9200596, 0.0187139362, -0.361995518, -0.148658261)
(-0.9185016, 0.0329384953, -0.359466434, -0.161411732)
(-0.9179304, 0.0131959571, -0.362727165, -0.160183072)
(-0.9182008, 0.0325219333, -0.359521151, -0.16307734)
(-0.919282, 0.0161870234, -0.3624615, -0.15257898)
(-0.9184266, 0.0330252238, -0.3594544, -0.161846951)
(-0.9203019, 0.0206490047, -0.361825019, -0.147311389)
(-0.9178263, 0.02793991, -0.360100865, -0.164747089)
(-0.9208331, 0.032429684, -0.359928578, -0.146513551)
(-0.917846143, 0.0330131, -0.359352976, -0.165330082)
(-0.9207854, 0.0305486862, -0.360196024, -0.146559611)
(-0.917839348, 0.0307368245, -0.359577358, -0.1653188)
(-0.919674039, 0.0182166323, -0.361923039, -0.1512599)
(-0.9180225, 0.0315975137, -0.359129936, -0.165111825)
(-0.9209294, 0.02883601, -0.360003054, -0.146476254)
(-0.91827023, 0.0343738124, -0.358593285, -0.164344385)
(-0.920623362, 0.0252334233, -0.360533684, -0.147754222)
(-0.91811496, 0.03284542, -0.358781755, -0.165111423)
(-0.9196411, 0.0182172228, -0.361377418, -0.152757123)
(-0.918496, 0.033805, -0.3583234, -0.163788676)
(-0.9190848, 0.0155801866, -0.361365765, -0.1563816)
(-0.9191756, 0.03465882, -0.3581124, -0.16021955)
(-0.9180933, 0.0149588706, -0.361203551, -0.162520215)
(-0.9186129, 0.0345215462, -0.357989669, -0.163713276)
(-0.9202477, 0.0206422657, -0.360606968, -0.150601491)
(-0.918608367, 0.0345733948, -0.357936472, -0.163843989)
(-0.920754433, 0.0239840541, -0.360024124, -0.148387164)
(-0.9186289, 0.03507409, -0.357824475, -0.163867638)
(-0.9195206, 0.0179126449, -0.3610024, -0.154396266)
(-0.918421865, 0.03408602, -0.358219117, -0.164373)
(-0.919706762, 0.0186164863, -0.361146867, -0.152859345)
(-0.918702662, 0.0352766365, -0.358228326, -0.1625222)
(-0.919767141, 0.01868391, -0.3611889, -0.15238741)
(-0.918721735, 0.0350260772, -0.3583178, -0.162271291)
(-0.9192371, 0.0166844353, -0.3614731, -0.155119315)
(-0.9185363, 0.03414517, -0.3584277, -0.1632628)
(-0.9195605, 0.0175001286, -0.361434042, -0.153191388)
(-0.9184857, 0.03375977, -0.358547568, -0.163364425)
(-0.9187869, 0.01516178, -0.361802548, -0.157161832)
(-0.9184978, 0.0337483063, -0.358667225, -0.163035423)
(-0.9182623, 0.0143191805, -0.3619375, -0.15997082)
(-0.9188411, 0.0339509137, -0.358733684, -0.160898849)
(-0.9179934, 0.0141847553, -0.361876339, -0.161655188)
(-0.9189506, 0.0338400342, -0.358774036, -0.160205364)
(-0.917746544, 0.0143092424, -0.361942679, -0.162893191)
(-0.918584645, 0.03404488, -0.358839542, -0.162103072)
(-0.917659938, 0.0143950013, -0.361991465, -0.163264185)
(-0.9182598, 0.03403935, -0.3586977, -0.164244667)
(-0.918462753, 0.015246613, -0.361898, -0.158818766)
(-0.9186641, 0.0346184969, -0.3586601, -0.161927789)
(-0.918339252, 0.0150213018, -0.361907065, -0.15953286)
(-0.919278741, 0.0345668644, -0.358833671, -0.158019438)
