(0, 0, 0, 0)
(0.526610732, -0.5130263, 0.297745228, 0.60896045)
(0.517718554, -0.5195255, 0.2906188, 0.614492834)
(0.527513564, -0.5133432, 0.2973285, 0.608115137)
(0.5168426, -0.51798445, 0.293193847, 0.6153074)
(0.5275913, -0.513394237, 0.2974245, 0.607957661)
(0.5167794, -0.518220067, 0.2928455, 0.615327954)
(0.52751267, -0.5135367, 0.297028542, 0.6080991)
(0.519786954, -0.521125, 0.288098425, 0.612576067)
(0.5278845, -0.513311446, 0.297058374, 0.607951939)
(0.5202129, -0.520871639, 0.2882727, 0.6123481)
(0.527044058, -0.5123511, 0.298464924, 0.6088018)
(0.521938145, -0.5217392, 0.286709577, 0.6108734)
(0.5273348, -0.5127474, 0.297825933, 0.60852927)
(0.521820545, -0.521990538, 0.286266148, 0.610967159)
(0.5269677, -0.5126214, 0.2977873, 0.608972251)
(0.517998, -0.5189593, 0.2907185, 0.614688635)
(0.528017938, -0.512780249, 0.29711628, 0.608256)
(0.5189276, -0.5190025, 0.290339351, 0.6140469)
(0.52868855, -0.513000846, 0.2964591, 0.607808)
(0.519491851, -0.5197645, 0.288941175, 0.613584638)
(0.52853924, -0.513378859, 0.295714855, 0.607981145)
(0.516059637, -0.5140784, 0.2969276, 0.6174463)
(0.5291614, -0.515092731, 0.292879, 0.6073628)
(0.5417944, -0.516991436, 0.287374139, 0.597155631)
(0.5292955, -0.5146076, 0.292881161, 0.607656)
(0.540089548, -0.5117687, 0.2941689, 0.599884)
(0.5278115, -0.5176334, 0.288970351, 0.608248949)
(0.512584448, -0.524076462, 0.283372164, 0.618305)
(0.496412277, -0.533407152, 0.272913843, 0.62814784)
(0.478381783, -0.5428015, 0.261368454, 0.6389085)
(0.483228147, -0.543650448, 0.257516831, 0.6360974)
(0.48016122, -0.5380584, 0.2639956, 0.6405036)
(0.477531374, -0.5500447, 0.241583049, 0.6411336)
(0.48458, -0.5501759, 0.234302655, 0.63842845)
(0.4772713, -0.5417974, 0.243832618, 0.647466958)
(0.463604659, -0.5517103, 0.225427076, 0.65564394)
(0.450204939, -0.562542439, 0.20381552, 0.6628127)
(0.426620156, -0.5660429, 0.195218056, 0.67785)
(0.4296838, -0.564468563, 0.18726401, 0.679469764)
(0.427927434, -0.557615161, 0.190616474, 0.6852801)
(0.431592882, -0.550541162, 0.195923984, 0.6872015)
(0.439175069, -0.54224503, 0.206078842, 0.686022639)
(0.431947619, -0.533747256, 0.2220336, 0.692268968)
(0.42647028, -0.541322351, 0.208062068, 0.694120646)
(0.416796535, -0.5487205, 0.193771735, 0.698311567)
(0.4059631, -0.556221962, 0.177692518, 0.70301944)
(0.413422555, -0.550052464, 0.185063779, 0.7016234)
(0.423497438, -0.5441332, 0.19238776, 0.698252)
(0.435421348, -0.5385132, 0.1997161, 0.6931993)
(0.4295943, -0.546402454, 0.186045781, 0.6944638)
(0.418285578, -0.5521886, 0.177442685, 0.699027359)
(0.432200462, -0.5499587, 0.177506551, 0.692271233)
(0.417944938, -0.5495357, 0.181678191, 0.700232446)
(0.4230079, -0.5576442, 0.1636092, 0.695219)
(0.4116597, -0.553765833, 0.174930617, 0.7023383)
(0.423732072, -0.558419168, 0.161649331, 0.694614)
(0.421437353, -0.550970852, 0.177580625, 0.698059261)
(0.428240031, -0.558698, 0.160030872, 0.691995)
(0.4302669, -0.550484, 0.176260263, 0.6933758)
(0.431963, -0.5588565, 0.158925712, 0.6898044)
(0.4264789, -0.5664718, 0.144589037, 0.690159)
(0.427735776, -0.5578723, 0.16073589, 0.6928091)
(0.4354233, -0.5501415, 0.172446087, 0.691385031)
(0.424172044, -0.5558664, 0.163625374, 0.6959291)
(0.435835779, -0.5506028, 0.170516208, 0.6912366)
(0.428755462, -0.558616042, 0.157174826, 0.6923965)
(0.429991841, -0.550400138, 0.173970819, 0.694190741)
(0.424422741, -0.558709562, 0.159266338, 0.6945094)
(0.426505983, -0.5505822, 0.175517261, 0.695805848)
(0.439694375, -0.5525621, 0.168508708, 0.6877128)
(0.424928069, -0.552979, 0.173389867, 0.695403755)
(0.421800315, -0.5616586, 0.157903, 0.694039464)
(0.428137958, -0.554367363, 0.172279865, 0.6925996)
(0.430218518, -0.5629346, 0.155849785, 0.688278735)
(0.42489484, -0.555651546, 0.173786819, 0.693191)
(0.421621025, -0.563945949, 0.158562556, 0.692140639)
(0.426083058, -0.5557455, 0.174255073, 0.6922683)
(0.4246242, -0.564060867, 0.158119768, 0.6903098)
(0.4275148, -0.555805266, 0.174814254, 0.6911957)
(0.4251715, -0.5646287, 0.158989668, 0.689308167)
(0.428172618, -0.5571916, 0.175118625, 0.6895936)
(0.4241256, -0.5667041, 0.159405321, 0.688152552)
(0.4232537, -0.5595226, 0.1769853, 0.690265834)
(0.415820122, -0.568179667, 0.163890421, 0.6909453)
(0.42243585, -0.5614075, 0.177586347, 0.689080954)
(0.416965246, -0.5699465, 0.162621841, 0.689097345)
(0.426620573, -0.5639661, 0.172590226, 0.6856746)
(0.4213668, -0.572482765, 0.15763098, 0.6854677)
(0.4242019, -0.5645633, 0.173974827, 0.686333656)
(0.421394259, -0.5731946, 0.157921419, 0.6847888)
(0.4249299, -0.5652993, 0.173679575, 0.6853515)
(0.421668738, -0.5738414, 0.157638967, 0.6841429)
(0.416882634, -0.5664581, 0.1749289, 0.6890095)
(0.4225542, -0.573805153, 0.1580535, 0.6835309)
(0.418416142, -0.566268, 0.175273582, 0.688148)
(0.426679522, -0.5726534, 0.159579188, 0.6815769)
(0.4177528, -0.5666959, 0.17490308, 0.688293)
(0.4279032, -0.5719752, 0.160747126, 0.6811047)
(0.417304277, -0.5669864, 0.17447035, 0.688435555)
(0.429782122, -0.5704314, 0.1631513, 0.6806445)
(0.41815412, -0.566104949, 0.175616279, 0.688354)
(0.4227019, -0.573604047, 0.158500448, 0.683504939)
(0.417451739, -0.566176, 0.175515875, 0.688747346)
(0.429347336, -0.5701568, 0.163328335, 0.681106448)
(0.416447252, -0.5672359, 0.173357308, 0.689030051)
(0.427883536, -0.5714888, 0.160501376, 0.6815831)
(0.416838735, -0.566643238, 0.173865452, 0.689152837)
(0.420221537, -0.574329436, 0.156554431, 0.6848725)
(0.4146646, -0.5670547, 0.17353949, 0.6902074)
(0.428616226, -0.56836766, 0.1661754, 0.682372332)
(0.4153939, -0.565628052, 0.175665215, 0.6904017)
(0.426188856, -0.5705422, 0.161885381, 0.6831089)
(0.415427148, -0.565548539, 0.175358474, 0.6905248)
(0.426274747, -0.570270658, 0.161879882, 0.683283448)
(0.418800235, -0.5633993, 0.178011224, 0.6895649)
(0.423920542, -0.570775867, 0.1610753, 0.6845152)
(0.4162673, -0.5641688, 0.177303672, 0.6906507)
(0.411562324, -0.57228297, 0.162063181, 0.690539)
(0.4160016, -0.5644281, 0.177338883, 0.6905899)
(0.4234529, -0.5711907, 0.161309928, 0.684403241)
(0.415488124, -0.564781547, 0.177385375, 0.6905982)
(0.424899876, -0.5706216, 0.162710264, 0.683649361)
(0.41678232, -0.5642724, 0.178663954, 0.6899047)
(0.422141343, -0.5717702, 0.161893576, 0.6845919)
(0.412443638, -0.56615454, 0.176870689, 0.691430449)
(0.419060469, -0.5731089, 0.160438716, 0.6857068)
(0.414229125, -0.5656826, 0.177641109, 0.6905512)
(0.4213211, -0.5725926, 0.161324173, 0.684544146)
(0.416608959, -0.5651065, 0.1784463, 0.6893826)
(0.4177873, -0.5733537, 0.161211565, 0.686097741)
(0.415320724, -0.5655286, 0.17859681, 0.6897748)
(0.4189471, -0.5734319, 0.16136618, 0.68528837)
(0.415101469, -0.5657491, 0.178747833, 0.6896869)
(0.4190393, -0.5734924, 0.161542743, 0.6851398)
(0.414340645, -0.566002965, 0.17866984, 0.6899561)
(0.419796765, -0.573409, 0.161697924, 0.684709132)
(0.413575053, -0.566378355, 0.178513944, 0.690147758)
(0.415082425, -0.5745209, 0.161248431, 0.6867542)
(0.412424147, -0.5666922, 0.178640321, 0.6905461)
(0.4145681, -0.5746867, 0.161204413, 0.6869363)
(0.416717321, -0.56653446, 0.177600786, 0.6883628)
(0.413065821, -0.5747183, 0.161926866, 0.6876448)
(0.415122, -0.5665712, 0.178543746, 0.6890522)
(0.414089084, -0.5748469, 0.161660165, 0.686984062)
(0.416720241, -0.5667809, 0.177813545, 0.688103139)
(0.41011247, -0.5744981, 0.163861528, 0.689136446)
(0.417388022, -0.5671126, 0.177303821, 0.6875564)
(0.408605516, -0.5742048, 0.165311113, 0.6899293)
(0.416846067, -0.567270458, 0.1773821, 0.6877347)
(0.40943, -0.57484, 0.163907424, 0.689246356)
(0.417348146, -0.5675679, 0.1767716, 0.687342048)
(0.408537537, -0.574560344, 0.165056273, 0.6897346)
(0.418441623, -0.568178952, 0.1754517, 0.68651)
(0.408260226, -0.5746063, 0.165069446, 0.689857364)
(0.419042617, -0.5685489, 0.174286723, 0.686133742)
(0.406603932, -0.5734693, 0.167777747, 0.6911273)
(0.418925136, -0.568312, 0.174827859, 0.6862641)
(0.409103453, -0.5747751, 0.1644537, 0.689364254)
(0.418348581, -0.5680484, 0.175653324, 0.686623156)
(0.413447827, -0.5760245, 0.16045773, 0.6866659)
(0.414291054, -0.567691267, 0.177635714, 0.688865066)
(0.405528128, -0.5743821, 0.166095838, 0.6914075)
(0.413583249, -0.56716305, 0.178843856, 0.6894127)
(0.4087928, -0.575042963, 0.163676918, 0.68951)
(0.414709568, -0.5672235, 0.1782591, 0.6888375)
(0.4135542, -0.575293541, 0.1616361, 0.6869382)
(0.412019, -0.567071557, 0.179107159, 0.6903556)
(0.414447635, -0.5748492, 0.161703482, 0.6867557)
(0.4116386, -0.5668314, 0.179186285, 0.690759063)
(0.419213355, -0.5733286, 0.1632594, 0.6847633)
(0.409989417, -0.567313731, 0.178663269, 0.691479146)
(0.41998136, -0.572685838, 0.164327338, 0.6845752)
(0.409484029, -0.567415953, 0.178443566, 0.691751361)
(0.420053065, -0.5725088, 0.164495215, 0.6846389)
(0.410022527, -0.5670757, 0.178961635, 0.691577435)
(0.4160611, -0.574223936, 0.162170708, 0.6861928)
(0.410387, -0.566970646, 0.1790677, 0.69142)
(0.418680042, -0.5733162, 0.163254365, 0.6851011)
(0.4127332, -0.5660616, 0.18016398, 0.690482736)
(0.4170929, -0.573588, 0.163052842, 0.685889244)
(0.410310149, -0.5665926, 0.179629624, 0.691629767)
(0.418059081, -0.5731219, 0.163507789, 0.68558234)
(0.409259021, -0.567032158, 0.178866655, 0.6920899)
(0.422411621, -0.5700635, 0.168587178, 0.6842328)
(0.408296436, -0.5689563, 0.175254881, 0.6920032)
(0.4221148, -0.5709971, 0.166668221, 0.6841074)
(0.408142567, -0.569485843, 0.174053654, 0.6919615)
(0.422421217, -0.567232549, 0.174189836, 0.6851754)
(0.408212543, -0.5694111, 0.173821449, 0.692040265)
(0.422925353, -0.5688532, 0.170308217, 0.6844964)
(0.4084849, -0.5691547, 0.173898637, 0.6920711)
(0.423042744, -0.5675884, 0.172562867, 0.684909)
(0.4088086, -0.5695044, 0.172744334, 0.691881359)
(0.422597259, -0.565936267, 0.175843284, 0.6857162)
(0.4093388, -0.569781, 0.171758533, 0.6915853)
(0.42377165, -0.5682594, 0.170195892, 0.684494)
(0.409209937, -0.568302631, 0.174290627, 0.692244351)
(0.423217565, -0.565450847, 0.1758028, 0.685744643)
(0.4093753, -0.5684377, 0.17371349, 0.6921807)
(0.423907757, -0.5679476, 0.170189485, 0.68467015)
(0.409312725, -0.5684824, 0.173553512, 0.692221)
(0.42373386, -0.56715405, 0.171879023, 0.6850135)
(0.409154356, -0.568258464, 0.174015909, 0.692382455)
(0.423658878, -0.5668907, 0.172326013, 0.685165465)
(0.4093018, -0.568653047, 0.172891811, 0.692253053)
(0.423157156, -0.5653731, 0.175360471, 0.6859593)
(0.409910679, -0.569239, 0.17132467, 0.691800654)
(0.4232062, -0.565256357, 0.175493911, 0.6859909)
(0.410433173, -0.5698121, 0.1700618, 0.6913304)
(0.4236995, -0.565872133, 0.174195, 0.6855096)
(0.4100524, -0.569229841, 0.171429291, 0.6916982)
(0.4222372, -0.56403476, 0.178553015, 0.6868038)
(0.410546333, -0.569334865, 0.171158686, 0.6913856)
(0.425053924, -0.5676865, 0.17001614, 0.6842192)
(0.4107779, -0.5700083, 0.169705436, 0.6910515)
(0.424126476, -0.566347957, 0.173266679, 0.68508786)
(0.409525931, -0.566945255, 0.176784322, 0.692538)
(0.424075335, -0.566018939, 0.174859911, 0.6849867)
(0.4102037, -0.569484949, 0.172253922, 0.6911935)
(0.422886133, -0.5652868, 0.1772833, 0.6857032)
(0.41010505, -0.5699879, 0.171596929, 0.6910008)
(0.4244324, -0.567780137, 0.171857387, 0.68406713)
(0.411918283, -0.5724693, 0.16618818, 0.6891907)
(0.4246122, -0.567651033, 0.172199517, 0.68397665)
(0.412973523, -0.5729492, 0.164906755, 0.68846786)
(0.421823263, -0.5657984, 0.176797211, 0.686061263)
(0.4098142, -0.570695341, 0.170060754, 0.6909693)
(0.413873136, -0.562481046, 0.185706, 0.6912578)
(0.409846842, -0.570366, 0.170387268, 0.691141367)
(0.421867937, -0.564976931, 0.1778062, 0.6864499)
(0.411897868, -0.571464658, 0.1673135, 0.689763963)
(0.422663927, -0.5655361, 0.1761809, 0.6859186)
(0.408376575, -0.5678513, 0.175741032, 0.69274)
(0.422965378, -0.566536, 0.174265742, 0.685396731)
(0.408349216, -0.5680252, 0.175716847, 0.6926197)
(0.422613949, -0.5669131, 0.1737832, 0.685424149)
(0.4079702, -0.5667551, 0.178542212, 0.6931606)
(0.4225227, -0.5660616, 0.175813258, 0.685666561)
(0.409987122, -0.570858, 0.169835582, 0.6907876)
(0.424138576, -0.56881, 0.169522449, 0.683976531)
(0.409888268, -0.571751535, 0.167874649, 0.6905867)
(0.423770756, -0.5690888, 0.168754578, 0.6841624)
(0.409183264, -0.5686454, 0.174032912, 0.6920433)
(0.423678577, -0.5677029, 0.171544015, 0.684676945)
(0.409477174, -0.5701534, 0.1707478, 0.6914469)
(0.423498154, -0.566989839, 0.172789738, 0.6850661)
(0.410334468, -0.5709329, 0.168354228, 0.6908821)
(0.4232184, -0.5664182, 0.173238292, 0.685598254)
(0.4086407, -0.567090452, 0.175848618, 0.6931799)
(0.422703028, -0.568589866, 0.168100268, 0.6853977)
