-3,1,-8,-6,4,-3,5,16
2,30,14,-3,7,-5,-9,-2
4,-7,-1,0,13,-4,5,11
-18,-9,-2,3,17,-2,-7,-24
-9,-20,-10,-1,11,5,6,-8
9,1,-2,-7,9,0,-1,6
7,19,14,-3,7,-6,-12,-10
1,-6,-8,-6,5,3,2,-8
-6,-14,-9,-20,-20,-10,-2,4
-4,-7,-10,-5,-7,-4,-4,-5
5,-2,8,26,22,0,-3,-8
-1,8,7,19,16,6,0,-11
2,3,3,10,-5,4,3,-2
3,6,10,-2,-7,-3,-5,-16
1,-23,-25,-20,-9,-2,5,21
-4,20,11,-5,-27,-8,-5,-12
0,-6,9,-6,11,-2,-7,-1
1,-7,-16,-9,4,2,2,-5
-9,-7,3,4,5,-9,-1,-7
-8,-10,-16,3,1,-6,-11,-15
5,8,-1,0,-2,10,4,12
6,9,10,9,-4,-11,-5,-5
1,-13,-15,-46,13,15,-1,48
-8,2,6,-45,-27,7,4,-40
6,2,-2,8,-8,-17,9,25
1,8,6,19,27,8,10,14
-2,2,-6,21,-3,-5,1,-6
-7,-11,-12,2,6,-1,-11,-9
-4,5,-1,-11,0,1,-6,-9
6,-1,4,12,0,6,3,0
-15,-11,-9,-2,1,-6,1,-28
5,9,5,10,11,-31,-15,8
-1,-11,1,3,-7,24,18,15
-8,9,-10,-21,0,7,-2,2
-1,3,12,20,-12,-10,-7,-12
2,-2,-3,18,30,-20,11,20
5,14,-8,4,1,24,13,-6
-6,-10,8,-11,-11,-10,-13,-7
-1,-6,-5,-23,-21,20,0,-3
-7,2,3,5,-28,-24,-16,-15
1,-13,-13,12,12,-44,-11,34
-2,3,-1,15,25,44,14,-3
-2,5,5,4,1,-23,-5,-7
-14,-3,-1,-15,-22,-8,-12,-7
4,-1,6,-2,16,35,17,-20
-1,1,5,10,-45,-39,-9,-9
-8,-5,1,12,15,7,-4,2
10,-2,-9,3,20,22,19,12
-16,12,-2,-19,-14,-15,-33,-20
0,-26,-4,-17,-7,-6,29,51
8,9,8,32,22,9,1,10
-13,-6,-2,-9,-16,-8,0,-47
1,-2,2,12,25,49,12,-14
-1,-1,-8,-8,-6,8,-12,-6
-9,-3,-4,-8,-6,-18,3,-5
-2,-3,-6,-3,-3,-9,-4,13
4,23,9,3,-10,-18,-5,-7
-7,-7,2,0,-1,-27,-7,-8
6,-6,-5,-10,-9,35,15,21
-2,1,-1,6,4,-9,-5,1
-8,-14,-19,0,-4,-25,-34,-37
-10,10,15,1,-4,6,17,-9
7,12,-14,-8,3,-24,-11,-39
23,1,14,-6,1,35,30,63
2,-14,-11,-13,-30,-9,-1,6
3,-7,-10,34,31,-21,-20,-11
25,-5,-1,1,-16,10,8,6
-14,5,9,2,-4,5,-4,-24
-9,-15,-8,-8,-7,-22,-10,-8
6,-1,3,2,9,13,-1,-14
-9,-6,-3,-1,-8,11,-1,-6
12,13,15,0,10,1,-5,3
-15,-21,-4,-6,5,6,7,13
16,-12,-33,-28,-8,12,0,6
-2,16,17,1,14,1,5,15
13,2,-7,5,-10,-11,-2,4
-19,-19,3,11,8,4,-14,-44
9,13,-2,-42,-29,-51,-5,33
2,0,16,-23,-4,74,20,5
-6,-1,5,2,30,21,29,22
-3,-1,-2,-4,17,-6,4,1
12,-26,-42,-2,3,0,-12,22
-2,40,42,3,-12,-26,-11,-45
-17,-9,-13,12,-10,10,-2,10
35,21,10,6,-11,-13,-3,-8
5,-1,8,16,2,9,10,53
10,-10,-22,7,-4,-17,-11,-18
0,-3,-8,1,-25,-3,-3,16
-4,-5,-3,11,35,20,19,24
-28,18,21,1,-2,10,-11,-48
0,-16,-30,-23,8,-19,0,9
0,5,2,-25,-13,4,-14,-39
2,4,5,24,10,-15,-11,-4
6,15,17,21,11,16,32,26
-8,-26,-15,32,9,15,0,13
1,6,-9,-6,-18,-38,-6,9
-8,4,10,-22,-29,18,2,-7
6,8,10,17,19,1,-16,-21
-15,-8,-3,-23,6,-64,-19,-16
-2,-11,-7,-26,-39,-13,-23,-7
10,4,0,0,39,-22,22,3
-9,-1,-2,2,-4,38,-1,-24
-6,-10,-9,18,0,-11,-7,-24
-11,-7,7,14,18,15,1,15
25,15,0,-3,2,-2,3,21
-28,11,-11,-23,-11,-30,-20,-38
43,31,28,5,1,-1,0,31
38,-2,-11,-13,13,28,10,2
-8,-13,3,9,-36,-60,-31,-34
-14,-30,-14,3,15,59,30,25
-11,4,-24,6,29,28,8,56
-20,7,20,13,-21,-1,-6,-45
2,-36,-23,7,26,0,1,57
11,38,12,6,-13,-13,-2,-9
-16,-22,8,-19,-33,17,9,13
-3,-9,-30,-10,30,-17,-7,-28
1,-39,-22,-10,-15,30,0,41
-22,35,28,1,-31,-51,-27,-32
23,11,6,12,7,-15,-4,7
13,3,-5,1,-14,19,10,21
-11,10,29,27,-3,9,2,-14
1,-37,-18,-17,-1,3,-1,-32
-25,0,-20,-11,-32,-53,-12,6
27,6,16,7,21,36,9,26
-46,0,-16,-32,-27,-80,-33,-50
70,-4,-3,-14,21,79,47,65
-28,-10,-3,-13,-4,-1,-5,-28
7,-25,-2,2,-1,-19,-11,-17
-9,37,4,-33,-34,14,0,9
-24,-12,-7,15,19,-81,-9,-17
12,-1,1,5,30,93,25,15
-15,-5,-13,-11,-10,10,7,3
19,22,14,-5,-32,-1,-13,4
3,-18,0,0,-2,-35,-4,11
-27,-13,-15,0,29,41,19,12
1,9,1,-30,13,2,-14,-35
20,42,12,-6,-15,25,-1,10
-18,-18,0,34,17,-75,-4,6
-6,-16,-5,-8,-29,-7,-10,-51
-48,-4,-12,13,26,67,-1,24
46,5,2,-13,-20,25,36,29
-9,-7,-14,-22,6,39,-18,19
7,-4,10,-2,-18,-45,-12,-5
-11,3,3,4,-6,-23,4,-21
4,-7,0,0,6,-13,-6,-14
-6,9,11,4,17,25,-4,23
3,1,3,28,15,-39,-17,-21
-7,-3,3,24,-4,-9,-3,-10
-5,1,14,19,11,-104,-47,-22
15,-18,-32,-21,-51,48,45,19
-22,19,25,-35,-57,78,5,-7
0,6,8,15,11,-16,25,39
-7,-4,4,25,48,16,14,-21
-15,-10,-13,-30,-25,-25,-28,-51
3,6,-2,17,-5,-60,-21,-15
-13,1,8,16,-10,23,16,-9
5,-16,-12,5,38,34,19,18
-26,11,21,13,-4,8,-11,-39
97,6,-12,3,-3,6,11,38
-27,-9,0,-12,6,-28,-17,-30
18,8,-1,-11,-27,-7,4,5
-21,9,6,6,32,24,-13,-28
-5,-56,-24,-23,13,19,8,9
7,55,-14,10,-14,-39,-1,18
-20,13,23,-24,-50,52,6,-3
-1,-2,-12,-20,-3,-17,-27,-27
-3,-8,5,29,39,-28,8,50
-8,-38,-19,-28,-26,-99,-53,-52
-12,-20,-14,27,46,110,67,58
20,26,5,-11,-25,30,14,-18
-7,-9,-12,-11,-1,-13,0,11
-29,-7,4,-16,-27,-64,-28,-23
1,-8,-12,-4,-7,6,18,9
31,-20,-4,14,29,29,12,32
-21,66,19,-29,-48,-27,-10,-9
27,-17,11,-3,19,50,24,30
-61,-43,-26,-11,-1,-54,-43,-50
-4,2,5,10,6,-4,8,15
-14,-13,-11,-1,-45,-4,4,-13
-11,2,-8,-2,38,-4,-9,6
38,5,11,15,-3,1,-17,10
8,-21,-34,-26,-30,-89,-27,-18
-13,9,3,11,28,10,24,17
9,13,8,11,-22,42,7,4
-7,-2,-7,8,-13,13,1,8
1,22,29,11,4,24,11,-5
-6,-20,-15,-14,16,-92,-22,-23
-42,-2,-4,8,51,115,37,12
52,-5,-18,-35,-31,-48,2,25
-4,-45,-25,-9,-3,10,-9,33
4,69,75,8,-9,-8,-25,-55
29,-23,-2,18,4,8,29,49
-17,4,-5,-14,18,5,-11,-31
-17,22,17,-12,-14,-104,-34,-9
-20,-46,-41,-10,16,39,8,5
15,1,-2,-28,-33,-19,-13,-17
-24,7,24,17,35,37,19,-5
-2,11,10,-1,-17,16,7,-12
-1,8,-10,10,-18,-14,-11,36
12,-7,-10,-1,20,-91,-34,-19
-16,-14,-1,13,11,81,41,-4
18,-36,-33,43,-19,21,10,6
42,82,61,52,6,-6,10,25
-20,-13,0,-6,-1,-17,-14,3
4,-1,-15,-12,5,-48,-19,-1
-36,-4,5,-16,12,2,1,-7
-18,-49,-28,-48,-21,14,-13,-39
18,13,15,-18,18,-25,4,9
-27,6,7,-4,-1,-8,-10,-13
7,29,18,13,2,4,-17,-24
14,-18,-23,21,23,1,17,28
-20,10,18,11,-17,-2,-1,-20
0,-11,-12,-13,-5,-32,-7,-23
10,10,9,-25,28,17,-16,24
10,-16,-17,9,-18,-22,22,-53
3,-9,2,0,4,-30,-8,-5
7,10,-5,-1,4,23,4,-12
-13,7,0,-12,-6,-15,0,2
5,4,-9,1,-1,11,-4,23
3,29,19,11,12,13,-4,-3
-21,-27,-18,5,-28,-17,-13,-28
-1,-4,3,19,8,-13,-15,-25
6,-1,10,10,52,66,13,13
26,9,-12,11,-37,5,4,13
1,11,8,-3,-29,-56,-27,-16
-6,-30,-10,-11,33,44,29,-8
-10,18,8,-30,-41,-67,-23,28
9,-23,6,22,25,67,28,16
0,33,5,-3,28,21,-7,0
-13,-3,-4,11,-19,10,5,4
-19,-36,-37,-10,-8,7,-4,-16
-7,27,28,2,-14,-14,-8,-17
20,-14,-13,-10,-20,-42,-20,-24
15,15,11,13,28,58,35,50
-7,-8,-4,4,32,13,13,13
-6,-22,-24,-9,-37,-89,-33,-15
-8,1,5,7,1,60,23,20
-19,-8,-1,-3,-16,-29,-19,-25
16,-8,1,-2,22,8,-3,0
-9,-24,-19,-30,17,8,10,-13
11,17,15,30,23,-25,9,34
7,17,-2,-5,14,6,-15,11
4,-3,4,-8,-16,32,1,-9
-15,-8,-16,-6,-61,-50,-19,1
-1,10,-9,-6,19,58,13,-16
22,12,6,-15,-28,-5,-1,-4
-63,-19,-3,-3,-7,-14,-6,-10
63,3,-2,9,35,-13,-9,7
-17,-5,8,-3,2,6,9,1
-22,-14,-16,8,-2,-20,-2,-5
-2,-8,-6,4,-1,-16,-3,24
-17,18,-1,12,1,18,3,-1
0,-1,15,9,-27,-64,-24,-17
15,-2,-6,9,48,5,10,2
-22,-9,-14,-22,-19,-36,-14,-20
1,3,9,-2,3,42,-2,5
13,3,6,12,-11,20,2,6
-16,-45,-49,-22,-33,-26,-4,-13
15,67,77,-9,-19,4,2,-6
-13,-14,-26,-46,-4,35,11,14
-18,-2,3,7,-41,-35,-28,-19
2,-12,1,13,0,-18,27,-8
-2,-6,-14,10,27,51,5,3
48,-5,6,6,-10,-41,-14,-32
0,-1,-2,-30,-6,26,12,31
-13,9,6,1,-18,-3,-11,6
9,-8,-5,5,-4,-6,7,15
-48,-3,1,6,-1,7,8,-6
23,-14,-24,-21,-29,-60,-24,10
-17,8,16,-2,-19,-30,-21,-13
23,14,7,9,27,77,12,-9
25,-8,-11,-13,12,62,19,7
-12,-7,8,32,15,-85,-35,10
-3,19,16,4,-22,119,54,20
0,19,2,18,9,-80,-26,-19
-17,-15,4,22,-5,-10,7,4
-7,-17,-11,-11,23,84,21,13
-1,12,4,-7,-26,-72,-29,-35
17,-11,-6,-5,-9,-16,-5,22
6,13,1,-8,2,32,4,-38
51,12,1,-5,15,-3,14,57
17,-13,-6,-3,10,-22,-4,19
-32,-18,-13,-15,-16,-17,-2,-28
-20,-7,-4,9,-13,4,-14,-7
-29,-7,-9,18,-3,-44,7,9
-9,21,12,-11,-17,-23,-10,-16
18,-1,3,-8,19,52,1,-7
27,5,-22,-55,-34,-54,-6,39
-23,-5,7,-8,-30,73,14,-29
10,20,11,2,12,-1,7,26
7,-7,-2,1,8,-34,-5,8
-30,-2,-1,21,23,29,3,-5
18,-3,-10,-5,1,44,10,-35
-24,-7,0,-8,-9,-12,1,15
2,-11,3,3,2,5,-4,-43
7,1,-10,-9,6,-34,-4,21
27,19,14,-9,-7,-58,16,73
-13,-17,-6,6,38,69,9,-26
-11,41,2,-14,-21,-33,-7,15
49,-9,15,16,15,28,13,15
-32,-6,-3,-39,0,-21,-17,-35
52,11,13,7,-1,-26,-15,5
-48,-41,-29,-17,-69,16,8,-9
-13,-26,-26,49,22,-1,-3,-5
8,45,36,28,16,-11,-7,30
-7,-14,-8,4,-29,-41,-4,-28
-3,-4,6,19,-7,26,2,-7
-2,10,4,-11,-1,32,33,21
-14,-26,-27,-21,0,-9,-8,-22
-11,11,9,-11,32,6,-12,-39
-10,-9,-4,-8,-42,-60,-10,1
20,-15,-13,-16,0,0,5,33
38,15,4,3,16,3,-7,-9
-16,-6,-9,-21,-13,-16,-1,22
-16,2,-6,12,33,-39,-31,-64
-4,-9,5,14,-29,70,18,33
-31,-9,-4,-2,12,-44,-10,-16
-7,1,5,18,18,-32,-21,-25
27,-20,-6,-7,-12,5,-6,0
11,26,4,-8,2,29,30,5
-1,31,44,9,26,7,-3,-12
1,-17,-8,-28,-16,-8,-4,22
-22,8,-2,-18,39,19,1,7
-9,-13,-7,-7,4,-40,-23,-23
-5,-7,-21,4,-24,-15,-11,-28
7,22,18,21,6,1,6,42
0,-24,-19,103,-6,3,-4,5
-17,16,14,34,-5,-56,-25,-36
11,-29,-20,22,32,81,24,-22
41,6,-32,-47,-37,3,14,72
-10,44,57,-23,31,-4,0,-18
35,-5,-7,-55,-10,-37,-5,36
-43,-1,1,-7,4,-6,-20,-29
-11,-24,-12,14,3,5,10,-10
25,-1,-15,-20,17,31,16,33
-37,16,3,8,-7,49,0,-43
9,-30,-9,-22,-7,-24,-21,-4
-11,-6,0,-1,15,3,11,3
9,20,15,-4,-3,-33,-4,-6
-2,12,12,2,8,29,-12,-11
-14,-11,-15,18,8,68,24,6
6,-33,-7,33,18,-4,-2,8
2,41,26,18,-27,-42,-4,-9
-23,-13,-15,17,15,14,0,-15
-33,12,11,12,-19,-62,-31,-1
36,-3,-6,11,-9,83,34,-20
3,-24,-22,-27,1,19,1,-20
-36,9,-1,-14,3,-19,0,3
22,-23,-4,-15,-1,6,6,-26
0,13,7,-25,-11,3,-3,26
-10,-21,-12,-25,-9,-2,-5,23
3,20,11,-13,2,-12,2,-6
-19,-5,-31,-31,-92,-82,-26,-17
-10,46,44,36,67,62,23,-14
7,-23,-6,3,19,29,2,-3
22,6,1,10,-8,-35,-12,5
5,-9,-8,-26,6,24,14,26
-25,-6,-5,2,-27,-17,-14,-32
32,7,-1,5,-10,-45,0,36
-15,-25,2,6,18,67,19,-11
12,12,3,-15,5,6,8,22
-31,-13,-8,-11,-6,-1,-4,-41
-13,-16,-13,-13,13,-22,-18,-35
7,20,2,-1,-40,-59,-17,10
31,17,15,21,25,19,12,7
-46,-21,-10,-1,5,-22,-17,-20
25,7,3,-12,-14,16,2,7
-37,-4,2,-2,21,-10,-5,-34
42,2,-4,-1,0,37,5,8
41,11,5,21,-10,-28,-16,5
-13,-28,-21,-2,-13,5,23,18
-26,4,-4,15,6,-4,-14,-17
-15,4,11,0,-5,-73,-17,-9
5,-3,-14,12,33,-36,-10,-4
1,7,17,5,7,13,10,7
-4,-18,-10,-9,-4,-39,-1,6
-10,3,-14,-23,-28,-10,-9,-1
14,-7,-26,-8,-8,-7,-11,-6
-23,33,29,21,20,53,20,18
15,-11,2,-19,-21,-28,-12,-8
2,-11,3,7,-2,0,1,-21
-26,-4,-13,-11,2,-20,-8,5
29,-8,-9,-10,-12,-30,0,14
-46,-1,9,-4,21,-4,-12,-23
14,-8,1,23,26,50,27,49
-14,8,8,-9,-7,-24,-14,7
-21,-8,-8,0,-7,-13,-19,-43
-17,-4,-5,-8,-21,-1,5,5
27,-9,-14,-6,-2,-5,4,-1
29,-20,-10,-6,-11,36,17,37
-2,57,46,-6,1,35,7,-1
27,27,6,19,10,46,21,24
-41,13,11,14,11,-3,-4,-4
9,-10,6,-11,-30,-51,-16,0
-10,-49,-41,-6,-8,-7,-3,-48
3,1,12,15,1,6,4,9
8,4,2,2,-12,-24,-9,6
-58,-14,1,-10,23,-19,-2,11
75,-1,-7,-1,-13,-43,-11,11
18,3,5,-4,2,9,3,4
3,-10,-6,-9,14,1,4,2
-9,0,-6,-23,-13,23,4,-2
-18,7,-1,-4,-15,-83,-37,4
8,1,6,23,31,81,42,4
-3,-5,-6,-1,54,-30,-4,-7
-4,25,25,6,-19,-10,-7,-23
-18,-8,-7,72,1,12,2,-4
17,-57,-49,35,4,-41,-18,22
-32,36,46,9,-58,-10,0,-22
19,13,-1,25,19,7,1,-20
11,-5,4,-26,3,46,17,50
-2,-11,-1,-35,-15,-57,-26,-19
4,3,-6,-12,26,85,19,12
8,-15,-7,-35,-11,0,-11,2
-37,3,-6,-48,-13,10,6,-16
-23,-14,-12,-34,-19,-45,-18,-25
18,-6,5,-17,8,-10,8,12
16,12,10,1,12,50,15,14
-24,-12,-13,-5,13,20,-11,-62
2,8,1,-5,-12,-61,-6,47
4,-2,-13,7,-27,3,-3,10
19,-5,3,4,-12,-32,-14,-24
-19,-23,-34,-15,-55,-32,10,26
21,44,39,7,37,39,16,6
-30,-21,-24,-33,-39,-116,-66,-33
21,31,20,-8,20,119,70,37
5,-17,-10,-34,-22,-15,-11,0
6,24,13,-13,-32,2,-4,-3
-26,-28,-7,1,15,-1,-14,-40
-11,-23,-20,23,-9,-49,-6,37
-15,15,20,42,29,18,14,0
39,8,1,8,-22,8,0,1
62,12,5,30,23,17,16,25
-2,-5,-2,-8,-12,-24,-12,3
-41,-8,2,1,10,15,-5,-23
-15,-17,-12,2,-4,-40,-13,15
-32,-7,-2,-12,-26,-70,-8,-23
29,-46,-37,13,11,1,10,13
11,52,44,-13,-10,-43,-17,11
-22,-35,4,-21,1,57,4,-45
1,-7,-10,39,1,9,14,19
-4,50,44,38,23,-12,-6,-19
-15,-51,-36,-12,-1,8,-7,-21
24,15,6,-20,-22,-32,-12,9
-24,-6,3,-17,-9,19,21,53
8,-7,-16,-36,10,0,-5,-15
21,16,3,-21,21,22,9,10
-28,-20,-11,-12,5,-7,-16,-26
-47,-4,-10,7,9,44,12,-2
27,4,-2,32,-14,-36,-14,26
27,23,-5,20,11,-3,7,28
17,12,14,33,11,79,18,14
19,-22,-10,22,5,-63,-17,-10
-38,11,13,-19,-55,-3,-30,-70
9,-1,9,22,21,-24,22,48
-2,-8,-23,3,-2,42,6,6
7,38,13,12,41,26,4,-32
-18,-18,-12,-4,6,-64,-13,-16
15,-8,5,12,-21,-31,-16,-13
-15,0,-3,-5,-2,-47,-1,-14
2,1,0,6,-2,49,22,33
-3,-1,-4,21,4,34,3,0
0,-12,-7,7,30,-5,-5,2
15,8,-20,-11,3,-30,-6,5
-54,14,18,-35,-5,18,-5,-45
99,31,20,-6,10,0,11,15
-10,-8,-3,-5,-3,22,6,18
-27,-39,-16,4,-1,10,1,7
-6,-10,-18,-25,-33,-64,-15,-1
-22,34,27,-19,-11,8,-7,-24
-15,-9,-18,-16,8,6,-12,-12
16,-6,6,-5,17,25,-3,-8
1,-11,-4,-8,-2,30,19,23
-28,-16,-14,23,-5,19,3,7
-3,14,-2,9,-10,12,-1,-12
-38,-40,-34,-5,-36,-59,-21,-17
73,75,53,23,52,35,7,8
-31,-31,-19,-19,5,2,3,6
-4,-5,2,-12,11,5,6,22
39,14,9,-3,-58,-36,-10,11
-33,-25,-13,26,48,20,-2,-29
40,15,5,-4,1,-7,5,-5
-21,-23,-15,-9,2,0,0,3
1,12,14,-5,9,-16,-4,12
-18,-26,-20,-17,-33,-30,-9,-1
-3,-1,7,2,7,-13,-16,-10
-32,-7,14,17,-12,28,1,-55
44,-13,-10,21,27,27,25,60
-19,32,21,-13,-11,3,-13,-23
-22,-3,-6,-11,-24,-3,1,-17
9,-5,-5,-1,17,-1,-7,5
-13,-12,-12,-13,15,66,23,-6
20,8,15,15,-3,-30,-6,8
-27,-19,-15,-30,-53,-40,-12,-6
20,-12,6,5,37,73,18,9
-21,30,-2,2,-14,-43,-11,-24
7,-6,-7,2,10,13,6,2
-2,2,4,-10,-17,2,-5,-15
10,-1,-3,-3,-13,-4,3,13
-30,-18,1,1,-7,-18,-20,-57
-31,-7,-20,-8,22,15,5,31
92,19,13,11,-3,-6,19,67
0,-9,-9,0,12,6,-2,10
5,18,14,26,10,-9,2,-10
9,-10,-6,-4,-33,-10,-8,-8
-12,-25,-21,-9,13,12,-12,-13
-3,13,-23,-1,-14,-63,-8,-2
-2,47,46,-2,13,108,23,14
-2,-28,-10,-8,-60,-90,-29,-21
-15,13,9,-3,31,77,33,27
-28,-23,-15,-6,-24,-2,-13,-48
7,23,5,-18,21,-32,-29,-10
57,-22,3,-3,-4,47,30,23
-21,10,-11,-3,22,-31,-2,-26
5,8,20,-22,-10,-13,-4,-30
-22,-22,-16,-3,-9,-26,2,26
12,7,-2,-4,10,18,0,5
-28,-15,-10,9,-2,-19,-16,-17
5,1,1,27,0,-4,-3,-9
-3,-20,-24,7,4,-11,11,-19
27,17,18,5,-1,19,2,25
-31,1,8,1,6,-3,-1,-5
-5,19,19,-9,-1,-5,-8,13
6,-2,5,-5,-11,-16,-16,-26
10,-18,-21,11,-18,13,7,18
-56,-19,-13,-9,-9,-6,-9,-26
41,3,-9,-22,-16,0,9,39
-5,7,1,5,23,-3,0,0
0,8,14,3,80,2,10,12
28,12,9,5,-16,-18,1,-7
-10,-9,-8,-7,7,7,7,42
-1,-1,4,2,-6,-16,-8,-3
-30,-2,-10,-3,-13,-14,-22,-41
-7,-41,-38,-3,21,32,19,36
41,45,43,22,-1,-17,-4,-3
-11,-12,-2,-1,-7,-6,-4,-5
-15,12,3,9,17,-28,-20,-35
26,11,10,-5,-33,-6,5,49
-96,-34,-25,-10,-14,-8,-8,-54
106,23,15,-3,31,13,22,35
-19,-16,-23,-13,-16,-31,-17,10
8,11,7,-4,-13,-8,-9,-24
-4,-13,3,-3,40,8,5,13
-51,4,5,-4,-20,-88,-34,-27
-12,-50,-32,-2,10,80,25,-16
31,44,52,14,-31,-13,-9,-2
-2,-19,-20,7,-12,-35,-4,3
-2,17,8,18,-4,14,10,-8
-15,-10,-18,-6,-7,-17,-11,-19
-3,-20,-10,7,16,46,32,33
18,-1,2,-2,15,-31,-4,-1
-26,-4,7,-6,-3,8,-5,-7
-10,1,6,10,-3,21,14,31
35,-9,-27,-5,4,-50,-28,-49
-3,18,21,4,-11,91,26,33
43,-10,-15,-9,19,10,17,24
-42,8,10,-8,-8,-1,-7,-23
-10,-4,-5,-14,-3,-68,-23,-6
38,0,-14,-6,-1,52,19,49
-45,-28,-4,-11,-21,-4,5,-37
30,40,36,-22,-40,-30,-5,24
-10,31,17,-3,13,9,1,-1
-15,-18,-10,4,-51,-42,-16,-26
-4,2,-8,0,52,-25,-21,-1
23,-21,-15,20,44,45,29,13
-53,-3,-6,-21,-12,10,1,-10
44,29,19,10,7,1,-6,-2
-16,-12,-1,-4,-33,-24,-12,4
-2,-12,-14,-7,0,-21,-15,-34
39,2,13,15,1,-10,3,55
-48,-52,-47,-12,-4,-30,-15,-47
21,56,46,4,-2,10,4,20
2,-5,-6,-13,-29,-39,-11,-3
-24,-6,-3,9,20,74,17,17
-47,-14,-8,-16,-32,-59,-24,-79
67,-14,-21,-5,-49,19,19,96
-20,6,4,3,2,32,0,-7
6,7,4,6,3,-24,-8,3
-5,11,-3,-7,5,-21,-15,-8
-14,3,4,18,23,103,38,-20
0,-9,3,0,-40,-14,-2,16
2,-5,-21,5,17,-5,-6,-24
12,8,6,12,12,27,7,-3
-14,2,-21,-11,-34,-34,-14,-13
18,18,10,-12,-1,-14,-1,20
-3,-12,1,2,12,9,1,-10
-28,16,3,-14,3,-15,-6,-32
-8,-18,-1,-2,-11,24,6,3
13,-10,-12,6,14,39,5,-40
-13,-23,-14,-12,-6,-29,-17,-42
24,30,10,-5,10,-13,3,50
-12,-15,-5,-3,4,-27,-11,-5
-8,5,-6,6,17,3,-5,-5
-46,-14,-5,6,-2,8,-1,-33
45,8,22,13,-8,29,9,41
1,3,-11,-3,21,-9,3,-38
3,0,-25,-9,-68,-32,-6,29
12,22,34,21,-3,-22,-3,1
-5,-21,-15,-7,-2,-29,-2,1
-15,-7,0,-4,-13,31,-1,-4
14,-7,0,-3,7,-13,-5,4
-9,-22,-34,-11,2,6,1,1
13,50,38,3,-10,-24,-7,1
-13,-22,-16,-25,-26,-26,-9,-4
4,12,19,31,48,-56,5,0
14,11,-2,3,9,44,11,-3
34,-13,-5,-3,12,32,-2,-2
-82,2,-1,-1,11,-9,-7,-44
72,-32,-10,0,-7,0,12,53
-13,55,27,-1,-3,-14,-7,-25
3,-16,-10,3,-22,7,10,31
-19,-3,-1,1,12,28,-2,-11
-23,-8,19,-10,9,-5,-6,-17
-3,-23,-23,-6,-3,5,5,-6
-4,-6,-11,-5,-16,-14,-13,-20
5,-13,-8,-5,23,61,20,12
-22,27,2,12,-13,-50,-19,-7
29,-2,8,1,1,85,16,12
-11,7,-7,-9,0,-13,3,21
16,-5,10,5,-26,-91,-19,18
-11,-24,-17,-3,17,103,22,-18
-12,6,11,2,-17,-34,-11,7
-51,-44,-44,-5,13,6,-6,-32
87,48,60,12,11,-11,-5,30
-43,1,2,-8,-22,-13,-6,-35
13,-7,-5,-7,14,-28,10,27
-42,-26,-4,9,39,34,0,-54
93,9,-14,-1,6,-52,-8,78
-71,-5,-6,-1,33,24,1,2
55,-6,-10,-5,-6,-14,1,31
16,23,16,4,11,11,10,-3
-56,-5,-8,5,-4,-11,-14,-49
36,38,16,0,-3,5,-1,0
-50,-57,-29,-6,8,-3,-9,-20
17,39,2,-8,6,3,2,32
9,20,15,20,6,21,11,2
-19,-27,-14,-16,-29,-64,-26,-10
-7,15,9,21,11,44,7,-21
21,-21,-15,-6,-25,-10,2,49
-40,-37,-28,2,10,-26,-12,-34
16,41,24,-4,-10,30,-5,-8
-17,-38,-33,-15,14,-68,-14,-14
48,26,18,12,0,51,14,-1
-24,-13,-16,-10,2,18,6,22
3,13,15,7,-5,-25,-9,-25
29,4,2,14,-19,-6,-2,29
-23,2,9,14,2,-1,-10,-36
-19,-51,-43,1,-15,-13,0,-11
-14,36,50,1,-25,-18,-12,-14
-10,-6,6,-4,-3,-1,5,27
21,-4,3,-5,0,-19,-12,-11
-4,-17,-22,-19,6,17,8,17
10,0,-2,-6,5,29,12,26
-17,15,9,2,-1,-11,-8,-21
5,-29,-1,-18,-39,-34,-10,-11
-14,26,-15,-18,27,12,-5,-5
28,13,24,8,9,13,13,4
-31,0,1,-4,28,13,6,-1
30,-39,-38,-2,3,-28,-1,-2
-20,34,37,-8,-14,-10,-33,-95
37,-6,-32,2,36,84,45,83
-38,7,22,6,-2,-4,-5,-33
11,-2,-5,-6,-6,-6,-1,51
-18,-1,-6,-5,-38,-47,-6,-9
-10,-9,-10,1,6,-2,-8,-39
33,-5,4,8,-17,-8,-3,30
-30,16,3,-11,1,-30,-10,-37
-38,5,8,5,-21,43,10,6
52,-27,-13,0,11,38,12,19
2,26,5,-2,13,8,12,-27
-20,-4,8,-2,-42,-3,-10,-18
-12,-40,-24,0,30,1,4,16
13,46,44,2,3,-23,-7,1
10,-20,-15,0,31,3,-1,4
6,7,8,-1,-15,-30,-7,7
-12,7,2,-3,-6,38,21,-9
15,-23,-27,2,-7,-9,4,24
24,24,11,6,-10,-4,-7,-8
-31,19,26,10,14,-16,-12,-23
7,-14,3,15,29,34,11,49
22,-18,-19,-5,18,-50,-9,9
-33,5,-2,-12,-23,3,-6,-27
-12,-25,-20,-4,-25,-23,-7,25
66,14,13,22,82,89,36,-10
-48,-19,-6,-8,-28,-45,-19,-16
15,-10,-36,-10,-4,20,-2,21
-6,36,40,-2,16,73,21,-9
18,4,2,0,-58,-20,-2,11
-26,-4,-13,-11,43,33,3,-20
-2,-23,-8,-3,-41,-36,3,17
-19,-15,-14,13,21,-24,-5,-14
2,11,-5,-18,-37,-12,-10,-9
-8,-20,1,9,0,-3,2,28
-11,15,9,-7,-17,-9,-8,-28
-2,-2,-12,2,38,17,2,10
0,13,19,17,36,25,16,-20
37,-10,-21,-8,-29,-10,-3,34
6,12,9,-7,-10,-36,-8,-1
-6,-10,2,2,7,19,15,24
14,-5,-35,-15,-12,-45,-33,-20
-48,20,33,-6,-23,-5,-8,-53
27,-13,-7,5,4,12,6,25
3,-1,-5,-7,-3,6,-2,-14
5,5,-3,-2,-21,-4,-3,28
-16,-22,-22,-2,16,-29,-10,-21
10,16,14,-10,-34,-5,3,-13
-1,1,-9,2,-23,-8,-2,27
-17,-25,7,5,23,-31,-17,-60
3,12,-3,5,-20,41,16,47
26,26,17,6,40,35,1,-9
-32,-22,-17,-13,7,-11,-10,-1
43,38,22,3,-24,43,19,7
-52,-33,-19,-12,-7,-56,-22,-56
-45,-5,2,-5,-9,-2,-2,12
94,17,16,5,0,39,17,48
-32,6,2,-2,-6,-99,-17,-37
18,-9,-10,-9,-24,-11,-1,-33
-58,-6,-9,-5,0,-18,-7,3
12,-23,-13,-2,-10,10,1,-26
-6,1,5,2,-10,-35,-14,13
-14,8,-4,8,7,79,4,-11
9,-25,-11,-9,15,70,25,2
-16,17,9,-3,-18,-27,-13,-19
19,-8,1,8,-3,-9,4,24
-5,30,18,4,7,-4,-11,-19
-34,-63,-39,-14,0,-7,-6,4
47,48,41,8,4,-27,6,18
-23,-12,-1,-14,-14,71,4,-15
-8,0,-1,13,24,-15,12,54
37,-10,-6,-9,-5,-16,-9,-43
-19,-3,-14,-6,-20,2,4,45
-39,-3,-17,3,14,-16,-7,-36
39,16,13,-5,2,-8,-4,16
15,-13,-11,-9,-7,-62,-6,7
-2,11,10,10,39,10,4,-20
4,-7,0,11,30,7,4,31
-16,-25,-12,-11,-1,-1,-7,-32
-6,34,16,15,-15,23,-7,-18
8,-8,-9,-10,-10,-30,-10,-17
1,-7,1,-17,-60,-76,-22,21
-9,-5,-7,18,58,65,42,8
0,8,-2,-9,-11,-23,-13,-8
-17,-8,-11,-2,3,-44,-19,-23
9,2,5,-11,-23,87,18,25
9,19,5,4,-45,42,22,11
-33,-19,-29,3,1,-10,-14,-15
26,14,19,16,15,52,18,1
2,-10,-9,-5,-45,-51,-15,29
22,12,3,-8,-18,-3,-5,-2
-14,-5,10,-2,6,15,0,10
-31,-38,-25,-13,-6,-2,-11,-50
7,11,5,-4,10,-84,-13,-9
7,-5,-11,-12,-18,9,-5,-7
8,11,17,3,-4,-14,1,19
-10,15,5,-2,10,16,6,10
-32,-35,-9,6,17,1,-2,-40
12,22,7,-6,20,-31,-6,1
10,1,16,5,60,-23,-4,-3
-39,-17,-12,11,-9,-28,4,1
48,6,-17,-8,-12,33,1,7
-1,-12,6,-8,-7,-75,-9,13
1,5,-6,-2,-26,3,6,-1
-15,22,3,-4,13,17,-12,-15
4,-7,15,3,17,-11,8,23
-17,-12,-3,-8,-13,7,-7,-36
8,-19,-11,-4,-18,-37,-10,47
-6,-14,-27,-18,-35,-5,3,-23
-2,45,20,5,-11,9,-8,-6
-2,21,18,22,18,13,1,-14
15,-12,-12,6,16,18,7,-17
-13,-13,7,-4,-14,-35,-14,7
-13,-18,-34,-12,-10,68,15,15
65,12,17,13,44,-52,1,28
-32,15,17,-11,-23,15,-1,-9
16,1,-5,5,29,32,18,11
-19,-11,-2,-4,31,-55,-12,-3
-42,-20,-15,-8,-45,58,-4,-18
21,12,-1,13,-21,-15,7,14
-3,-13,-6,12,35,1,-6,-18
-9,6,15,1,9,-9,-1,12
-5,-45,-41,-25,-15,12,4,5
17,44,41,-24,-36,-18,-11,-41
-7,-5,3,2,42,25,4,7
-15,-21,-23,-2,20,17,-2,-29
13,23,23,-2,4,-9,-8,15
-18,-1,-1,3,32,-62,-21,-21
42,-9,-6,4,-43,79,32,46
12,6,9,-5,17,32,17,-9
-1,-11,-24,2,1,-14,-16,-5
-43,-19,0,5,-52,-39,-6,-25
32,20,10,13,43,29,12,-8
12,-27,-20,-9,-8,-14,2,50
-31,13,-6,-7,-36,2,-7,-21
20,16,15,17,18,4,-3,28
-5,8,-8,-10,-22,-21,-8,-29
-7,-19,6,-14,-24,-32,-5,-44
-5,-1,-22,10,12,-24,0,26
-14,17,23,6,26,63,15,7
0,5,4,11,0,-24,-5,10
23,13,3,18,44,53,8,5
-31,-25,-14,-13,-9,-36,-10,-20
-10,-24,-33,-11,-35,65,14,3
-5,-33,-24,-3,11,19,-4,18
-1,46,62,2,-19,-70,-13,-18
9,27,26,15,24,90,22,4
7,-22,-21,6,-12,-37,-6,8
-33,0,4,-16,-5,34,16,-9
28,-11,-9,4,-12,-1,-5,5
-17,-8,-4,-18,-20,-50,-16,-15
23,8,1,-11,35,47,10,3
-34,-20,-17,12,-30,-60,-20,-17
-10,-7,-5,19,36,-3,6,-3
6,12,11,-2,-13,-9,-8,-27
-9,-4,-14,-2,-6,-24,0,10
9,-1,-3,-22,-26,-91,-21,-9
-3,-28,-22,-6,-2,43,6,2
8,36,25,6,-26,-42,-15,13
-7,-24,-6,-1,60,26,-1,1
-4,32,19,-5,-43,-17,4,-3
15,-4,-1,8,3,-40,-6,18
-28,-22,-16,1,10,2,-3,-17
23,1,-7,-8,-44,-36,-6,12
-7,15,24,9,10,6,-17,-18
-5,2,-17,-12,0,71,17,-25
-3,4,-4,-8,-37,-37,-18,4
15,9,12,35,100,97,37,27
-13,-39,-25,-10,9,-2,-5,20
-9,31,4,-10,-41,20,2,-46
74,10,17,10,50,13,11,45
5,-15,-7,-7,-31,-28,-13,-9
-34,-3,-1,-2,-8,-38,-17,-21
-27,5,2,-1,9,47,7,5
16,-6,-1,-13,12,-20,-1,13
-7,7,6,15,16,62,14,3
28,-8,-9,1,9,4,2,-7
-2,3,-10,-7,-40,-102,-23,5
-11,-4,10,21,28,104,37,2
-7,-8,-16,-16,-1,-53,-14,-9
-20,1,8,-9,22,18,5,-5
-16,-48,-43,-5,10,-18,-18,-12
23,38,61,8,-30,35,28,7
-4,-11,-11,-10,-10,-20,-6,12
23,6,-7,12,16,6,0,25
-14,23,22,6,-27,-40,1,-14
-53,-42,-31,-13,21,-18,-17,-15
76,34,20,12,4,-18,2,-3
-8,-16,-4,-9,-20,59,8,-14
7,-13,2,-4,-14,-17,-3,51
-20,-11,-28,9,25,-22,-5,-23
12,12,14,-11,-21,-23,-5,-4
-26,-2,-3,0,13,-12,-7,-1
26,13,8,-9,4,-7,-5,10
-24,-49,-47,-26,-49,33,3,-67
-7,42,24,14,9,55,16,39
6,-10,6,-4,-4,20,3,-1
-4,37,28,15,12,6,-8,-21
3,-27,-17,-9,21,-10,-5,25
-15,-20,-21,-8,-12,-56,-20,-14
-4,12,5,14,25,0,6,-5
21,-4,2,-4,40,-5,-5,10
-20,9,8,-3,-45,-58,-18,-44
17,-3,-4,7,46,55,23,51
6,8,5,2,4,8,2,1
-2,-12,-14,-10,8,19,-2,9
0,1,1,4,-28,-127,-38,-13
-24,-19,-10,-10,-34,3,12,-45
7,19,-6,-11,-27,-19,7,33
-14,6,18,3,16,7,7,6
6,-4,-17,-6,20,-45,-21,-2
8,28,32,-3,-24,56,8,-19
-13,-26,-20,14,39,-9,-4,14
8,-4,-3,-1,-27,-9,3,10
21,12,4,-3,-19,25,9,35
-19,0,-24,0,26,-29,-18,-72
24,16,21,-5,-45,-19,3,47
-39,-12,-1,20,21,25,5,-10
-7,-2,4,1,-3,-22,-16,-5
34,-9,-5,-5,-22,-30,0,9
20,5,4,-3,-4,7,5,25
-28,-43,-29,-11,12,6,-3,-11
5,27,30,5,3,20,9,25
-14,30,22,13,-9,-5,-5,-3
-18,-19,10,-1,-7,-18,-3,-26
33,-26,-23,2,22,-2,11,36
-17,27,4,-5,12,-9,-3,-38
-22,-27,-22,-6,14,22,-16,14
9,1,10,-3,-32,-10,-12,-47
59,21,1,8,-12,81,19,40
-14,-52,-48,-8,-9,-14,21,29
-30,31,31,-3,-31,-25,-15,-12
3,-2,-6,0,22,-11,-6,-9
-38,15,0,-12,-46,-81,-16,-38
12,-9,-1,2,-5,65,10,2
19,-15,-6,-3,-16,-25,-3,19
-3,-13,-23,-27,-40,-11,-12,-8
-16,12,21,18,38,24,-3,-19
-10,2,-1,11,23,6,15,1
11,-5,-3,-4,-1,-34,-10,-10
-3,-4,-4,-4,16,-35,-13,-16
7,19,10,-9,-46,17,1,16
-24,-27,-3,4,-6,2,-12,-27
15,20,10,-6,26,59,23,32
6,-13,-10,3,12,8,7,-14
-31,13,1,-14,-24,-25,-9,18
38,10,21,6,6,-19,2,9
-21,-28,-25,-8,-4,-11,-6,-12
-8,27,14,2,-41,-41,-3,-3
46,-27,-19,-1,5,25,6,-11
-40,-9,0,1,-12,7,-3,2
33,19,0,-2,8,-31,-7,18
-32,-3,-3,-5,-8,41,3,-23
12,-12,1,-1,7,-2,13,-2
5,25,4,-5,7,-41,-14,12
-24,-34,-14,1,-34,-21,-6,-23
-12,-23,-16,22,23,42,3,4
13,37,39,1,-12,-23,-11,-22
27,14,6,7,36,30,23,40
-39,-36,-13,-21,-45,-64,-23,-22
29,21,11,0,14,9,15,17
-36,-28,-24,-21,-12,-19,-21,-37
-2,-21,-10,3,6,8,-2,1
2,25,11,11,-2,-29,-11,-29
-6,-11,-16,-9,-4,7,5,28
-17,2,-3,-6,-1,24,16,21
-13,2,6,-12,-32,10,-4,-52
74,0,-3,-9,-31,-35,1,45
-11,-4,-1,8,35,24,4,-3
-21,1,-12,1,5,-20,-13,-12
-9,12,21,-7,-23,2,-3,-9
-47,-78,-54,-12,-2,-33,-11,-24
29,85,72,-4,-17,39,14,16
1,-5,-6,18,40,17,2,1
-8,-10,-12,-6,10,8,0,-10
-6,-37,-16,6,34,8,-9,-17
2,13,-11,-9,-6,-24,-6,1
11,24,12,-22,-26,-45,2,17
6,4,14,12,14,72,16,0
-17,2,-5,-1,49,43,-5,-6
2,-25,-9,19,-6,-12,5,3
-15,-19,-12,-1,-10,9,1,14
16,35,4,-3,-16,-18,-14,14
0,30,29,10,36,27,11,-12
18,-29,-30,-5,7,16,-3,3
-7,14,38,8,15,-32,-9,-47
67,-20,-25,-8,-8,8,19,80
-31,13,7,-8,-22,-42,-7,-5
-63,-4,1,-10,12,27,-12,-42
51,-18,-20,-1,-26,-10,-3,9
-3,15,15,2,7,5,6,-18
-14,9,7,-5,-7,27,12,5
-2,6,-7,4,24,-31,-17,-5
-30,-24,-4,1,-30,-71,-8,-10
-20,-5,-14,-1,-19,14,3,-16
38,46,35,26,21,31,19,51
-22,-22,-13,-6,28,-14,-10,-30
2,4,-1,-11,-17,23,1,12
2,-9,-18,-10,-8,-51,-17,-5
-45,-12,-12,-7,-15,10,1,-13
57,3,6,15,12,-11,2,23
-12,8,9,13,23,13,-6,-18
21,-17,-13,0,6,-48,-1,23
-27,4,-16,-9,-7,89,10,-1
-51,-12,8,-7,-42,-25,-10,-33
98,6,-11,-7,-13,-4,18,70
-30,-3,-1,-1,45,-11,-8,-18
11,32,26,30,-2,21,4,2
-8,-3,-1,-14,-42,-26,-6,8
-28,-8,-9,13,68,44,10,-38
-24,-19,-7,-15,-19,0,-14,-8
3,-7,-7,-4,-21,-29,1,7
26,-20,-17,-2,-4,46,14,-26
-44,1,14,5,-13,36,-8,-10
48,32,6,11,26,47,26,63
-3,1,5,-3,5,13,-3,-31
10,-11,3,-1,-20,-38,-1,20
-18,-7,-15,-12,-8,14,-11,-21
-48,-10,8,-6,-1,-3,-19,-29
13,-54,-45,-7,-24,-24,-10,-20
46,72,43,11,6,30,19,38
3,-9,-8,-21,7,-16,2,14
-38,-2,2,21,39,-10,-9,-26
-39,-15,-12,-16,-11,-14,-12,-56
64,-19,-21,-4,5,-12,3,56
-10,11,6,28,22,-20,12,4
14,11,1,7,-9,7,4,3
-20,14,14,-8,3,-57,-18,-15
11,-2,-1,-12,6,97,24,-4
-14,-50,-46,-45,-59,-49,-30,-11
1,56,62,33,52,36,17,-17
65,6,2,17,13,6,12,53
-49,-7,-3,-10,-13,-35,-22,-70
26,-2,-7,-10,-3,13,-2,20
-13,-31,-31,-16,-19,-19,1,-17
8,-10,5,-3,14,-20,-9,-2
6,15,8,14,-10,-18,5,28
-29,12,14,4,-1,-4,1,-20
