-6,1,-6,-2,-2,0,9,1
-42,-19,-4,-3,-3,-10,-17,-29
7,-2,-4,-1,-3,-2,-6,14
18,-1,1,0,0,-4,8,-9
-46,-4,-1,1,0,4,-16,-26
15,-12,0,-4,-4,-3,4,5
15,-4,5,0,-2,-9,-17,34
-1,-1,-5,-4,-1,11,30,40
28,1,-1,-2,-2,-2,-33,-59
-1,2,1,1,-2,4,37,29
-7,-6,1,1,-3,0,-22,-1
-19,-2,2,0,-3,-7,-4,-36
-16,-13,-5,-4,-2,3,5,5
47,7,4,2,-2,-19,19,-44
-24,3,-3,0,3,-2,-45,1
33,10,-2,-1,1,7,12,12
45,19,0,0,0,-13,-51,36
4,0,-5,-2,0,-13,41,31
-40,13,-6,-6,-9,-15,15,-60
9,16,3,4,7,17,27,52
19,15,4,2,1,-6,5,29
-15,-6,-3,-3,-5,-12,-50,-67
68,-5,-1,0,-2,1,-8,97
-71,-22,-12,-11,-5,-23,-33,-111
68,-5,1,2,5,21,56,113
-27,-8,-3,-2,-2,15,-13,0
-24,-5,-2,-3,-6,-14,83,-43
19,4,8,8,-3,-14,-71,16
-67,-14,-5,-4,-5,-3,-6,-12
-1,0,1,0,0,-15,-10,-37
-40,-15,-6,-5,1,11,-17,5
-17,-7,-1,0,0,26,40,-8
48,2,0,2,-1,-8,-7,-103
29,2,0,2,-3,12,9,123
15,7,2,-2,-5,-2,-48,-81
-10,-5,-3,-1,-2,14,56,-12
-8,3,-3,-3,-6,-7,15,-23
40,-3,-6,-3,3,-7,-11,-43
9,0,1,1,5,3,13,17
-38,0,5,1,-1,-30,-40,19
32,-5,-1,-2,-2,-2,47,79
-24,5,5,0,-3,-7,-50,-58
-27,-8,-1,0,2,-3,-14,-16
38,-1,-1,-1,-1,-3,4,-52
-30,-6,-3,-3,-1,-3,21,34
-16,-3,-2,-3,2,0,0,43
8,1,0,-1,2,2,-17,11
19,3,-1,-5,-3,-22,22,17
-4,3,2,1,6,12,-21,-48
-22,-4,-1,-2,-1,-22,3,-35
-5,-1,2,1,2,-25,-5,24
-22,-1,0,-1,3,-29,2,16
43,3,-3,-4,0,-22,-11,-1
-14,0,1,0,0,1,-5,-10
-14,-2,-2,-1,-4,-23,14,-61
-27,0,0,0,-5,-6,-12,23
-37,-10,-8,-6,-5,-20,-41,-52
33,3,2,4,5,-4,50,63
15,2,1,0,-2,-18,50,22
-11,-12,-9,-8,-4,-7,-67,-28
-44,-4,3,1,-2,2,-13,22
58,11,-1,-7,1,55,14,-88
-11,-7,-1,-6,-3,44,2,-17
57,11,5,3,2,51,32,86
-13,-3,0,-3,-1,29,-2,-12
-49,-11,-4,0,-5,-4,-38,9
-17,-1,0,-1,-3,29,-25,-67
15,5,0,-3,-2,5,75,1
19,6,1,4,4,10,-46,-18
-21,-7,-4,0,-2,-10,-21,21
-12,-5,-2,0,0,3,-23,-18
20,0,0,0,-3,-14,-12,33
0,4,2,-3,0,-32,56,-50
1,1,4,6,7,-26,-31,22
9,2,-2,7,0,-37,-4,-21
22,0,-2,2,-3,-11,-24,-34
-42,-4,1,3,3,19,20,-7
33,-3,-4,-2,-2,25,22,34
21,3,-2,-2,1,8,5,35
-22,-3,0,-4,-1,15,-8,-23
-26,-6,-4,0,-2,13,6,-20
-26,-1,0,1,-8,-11,-23,2
4,-1,-6,-4,-5,9,-6,46
53,4,-2,1,2,11,28,2
-11,-4,-4,1,0,8,-9,6
-48,-11,-1,0,0,2,-8,-24
35,9,1,1,4,-11,22,61
-47,-4,2,4,3,4,-24,-46
65,4,-6,-8,-7,5,17,35
-16,-10,-7,-6,-8,-9,56,40
-27,-5,1,-1,2,-4,-90,-74
-7,0,3,1,0,11,14,48
-18,-2,1,-5,-4,-12,-6,25
45,8,5,-1,-1,-5,16,14
-1,-5,-3,-1,-2,-1,9,-14
-28,-3,-6,-3,-2,2,4,-80
7,-4,-4,2,-2,-5,-16,54
25,7,2,0,-1,9,-10,-1
-3,-4,-2,-1,-1,3,12,-16
-11,-8,-2,1,-2,-14,-23,-37
-5,2,1,1,2,0,17,-31
-61,-7,-3,-2,-3,6,-21,-57
-25,-5,-3,-3,-4,16,7,-46
40,1,-1,-2,-4,-10,11,-4
-1,-1,-1,-1,3,3,-47,18
-15,-3,-2,-1,7,27,16,-45
5,4,4,3,-2,-4,12,-28
-27,-7,-5,-5,7,47,9,-76
9,-7,-9,-6,-5,-6,9,63
-24,2,2,2,-2,-17,-48,-66
25,1,1,-1,4,11,13,57
-32,-3,4,-3,-8,-14,-3,16
18,0,5,1,0,7,16,6
-2,-2,-3,-2,2,18,6,9
-13,-4,-3,-2,-5,4,8,-18
-16,-5,-6,-3,-4,-12,-11,35
24,2,0,-2,-3,4,3,-22
15,-1,-3,-2,-6,-11,-5,42
-5,1,-2,-4,-3,1,22,46
8,1,-2,0,-2,-25,-66,18
-20,-2,-3,0,-2,5,-45,-119
38,4,-1,0,4,4,32,68
11,1,1,2,3,-2,-24,66
-10,-4,-4,-4,-6,6,72,-53
-41,-2,0,1,1,-15,-64,2
6,0,0,1,-1,-4,-3,0
1,-3,-3,-1,0,-1,-25,-26
14,1,0,1,2,-7,3,51
-10,0,-2,0,-3,-8,28,-43
-13,-3,1,2,-5,-10,-15,-56
41,8,-1,0,0,1,22,63
-64,-3,-1,-2,-3,-17,-23,-80
92,8,5,5,0,12,50,112
-39,-15,-9,-4,-6,-14,-25,-64
5,3,3,4,-1,-3,12,-25
7,-1,-1,4,1,-17,-37,19
5,1,-3,-3,4,20,-5,-13
-12,2,-3,1,0,-11,-1,-15
-16,-7,-4,-2,0,15,27,17
40,8,1,4,3,13,6,52
-34,-7,-1,-2,-1,-9,-8,-8
30,-1,-2,-4,-4,-27,32,48
-60,-8,-3,-4,-1,7,-56,-99
25,-5,-6,-2,1,7,9,41
-28,-4,-2,-2,-6,0,9,-49
-5,1,-1,-3,-2,6,-4,-48
-20,-1,-1,0,-4,-16,3,53
27,-1,2,0,0,9,22,-10
-17,-2,0,0,-1,-15,-16,-42
-29,-5,-2,-2,0,14,-9,-5
18,-1,1,-1,-2,-4,2,3
-7,1,-2,-4,-10,-30,-32,-14
18,4,2,2,11,38,45,-31
7,-1,1,1,1,3,3,30
13,1,-2,3,1,-8,5,-10
-17,1,-1,-3,-4,-10,-6,-23
-21,-5,-5,-7,-8,-22,-2,27
42,10,5,1,2,7,16,34
-7,-6,-6,-3,2,-7,-24,-2
11,-2,0,-1,-3,4,2,-34
-16,0,-1,-1,-2,1,12,-55
10,0,-4,-3,-6,9,-29,-72
-4,-2,0,1,4,14,84,48
34,4,3,1,3,-3,-15,12
-9,-2,0,1,2,12,27,21
-27,-7,0,2,0,-5,-25,-16
9,-2,-1,-5,-3,-19,3,-17
-26,-4,-1,0,0,-13,-13,-6
2,1,1,1,0,-11,-1,13
0,-4,-7,-8,-6,1,65,-3
-1,1,1,0,-3,-8,-94,-33
14,-2,-1,-1,1,12,33,87
-21,4,-1,4,-1,-10,-28,-17
-2,5,2,1,4,-4,-7,-53
10,-5,-5,-5,-7,11,35,41
16,-1,-2,-5,3,11,5,22
-5,-8,-2,-7,-5,2,22,28
-42,-5,2,-1,-3,1,-21,-9
37,6,1,-1,-3,-7,11,0
-4,1,0,3,0,2,-8,-13
23,3,-1,2,0,-3,0,18
-21,-5,-4,-2,-3,-3,-2,25
-14,-3,0,2,2,0,-24,-40
-6,1,5,5,0,3,29,17
30,-3,-3,-2,-3,-13,-11,61
-10,0,2,0,-3,-12,45,-75
-23,-9,-10,-7,-3,-17,-53,19
33,9,2,-1,3,7,-3,-18
-19,-3,1,-1,1,-12,-11,-31
-5,-4,-3,-2,0,0,-2,37
4,1,1,-2,-4,-4,11,7
-14,-7,-10,-6,-1,-1,-1,-52
-1,0,2,-2,-5,-6,-13,25
10,-1,-1,-1,3,12,-2,54
-34,-1,-3,0,-1,9,15,-30
53,3,-1,0,-4,5,-11,1
-18,-4,-3,-1,-3,-9,-15,-22
35,1,-3,-2,0,4,14,98
-5,0,1,1,0,-8,14,-26
-23,-1,2,0,-4,-8,3,-24
6,0,0,0,-4,-16,33,49
-5,-5,-4,-1,0,13,-21,-27
-9,-3,0,0,-1,6,0,-42
9,4,5,4,1,-1,-10,-9
-9,-1,-5,-4,2,6,2,-35
-4,-1,-7,-5,-1,-12,-11,4
23,1,-1,-4,-1,2,13,31
-28,-7,-3,-4,-3,3,-4,-31
1,-1,2,0,-3,-2,-10,-4
-2,-1,1,2,-2,-1,-13,-1
3,-1,0,0,1,3,-10,51
-40,-7,0,-1,-1,-15,-12,-28
52,11,5,1,3,17,-3,-53
22,3,3,3,2,1,1,72
-10,-4,-1,-1,-2,-1,26,-36
-27,-6,-7,-3,-2,-8,-26,24
-3,2,-2,1,-1,13,13,-59
44,5,0,1,-1,-5,32,40
-14,-5,0,-1,-2,0,-65,-63
19,-6,-6,-5,-2,5,17,83
-7,-3,0,0,-4,-11,-22,0
12,7,5,9,7,2,26,34
-6,-2,-4,0,2,21,28,-4
-9,-3,-3,-2,-3,-2,10,7
-2,0,-2,-3,-2,1,-3,29
-34,-6,-1,-3,-6,-13,-32,-55
19,3,1,0,-2,-3,14,21
-13,-1,-1,-2,1,5,-2,-35
-9,-5,1,1,-2,-6,-1,17
-9,-5,-8,-9,-3,0,-9,-25
15,-1,-1,1,3,-11,-15,0
3,0,4,-1,0,21,37,-12
-12,-3,-2,-5,-1,-8,-12,5
-12,-2,0,-1,-3,-15,-24,-27
-37,3,4,2,0,16,14,-64
12,1,-5,0,1,2,-3,1
1,-2,-2,1,0,2,5,1
-17,-2,1,1,1,-1,-21,-22
7,4,-2,-2,-4,-8,6,68
-17,-3,0,0,1,-5,11,-21
-15,-5,-3,-4,0,2,-3,-11
-6,-1,-2,-3,-4,-2,-14,-26
4,0,-2,-2,2,-6,4,1
1,2,-4,-4,-7,-7,-5,23
29,-2,0,-2,2,5,-2,23
-12,-1,-3,-4,-4,2,-7,-12
-14,-1,-2,-6,-6,-5,-12,-3
36,2,0,1,2,12,24,16
-33,-7,-4,-3,-2,-5,-7,-26
-14,-1,0,-2,-6,-13,4,2
38,2,4,5,5,25,-31,18
4,-6,-7,-5,-3,-15,-16,5
-13,-2,0,1,1,3,-6,-16
17,1,-1,2,2,8,-3,7
-8,-2,-2,-1,-6,-18,-2,40
-17,4,6,3,0,3,1,-79
35,-3,-3,-4,-2,-11,-17,46
-1,-5,-4,-3,0,15,16,-3
7,1,-2,-2,0,-6,4,-35
-9,0,0,-2,0,6,5,-3
-14,0,-2,0,-4,-9,-5,-22
-7,-5,-1,1,2,1,2,50
-16,-8,-4,-4,-5,-8,-3,-69
32,6,3,3,2,-2,-14,55
-29,-3,-2,-1,-1,1,13,-25
13,0,-1,-3,-3,-2,-8,-2
16,3,-1,1,-2,-6,-2,-6
-26,-3,-3,-3,-5,-14,32,-18
-42,-5,-4,-4,-7,-23,-70,-56
25,5,-1,0,5,17,52,19
5,-3,0,-1,-2,-4,-1,26
5,-2,-2,-3,-1,0,1,12
7,2,2,0,1,-7,11,12
-16,0,-1,1,-2,4,-15,-19
-1,1,-2,0,2,13,33,19
-13,-2,-2,-2,-2,-11,-29,-19
8,-1,1,1,0,6,14,13
-11,-3,-1,-5,-6,-5,-11,-20
6,2,3,0,0,3,6,-26
3,-3,-3,1,-1,3,-8,3
3,0,-3,-4,-3,0,11,8
1,2,2,2,1,-6,1,3
-20,-5,-3,0,0,-5,-9,-9
-24,-3,-1,-2,2,4,-10,-55
18,4,0,3,1,6,13,64
-16,-7,-4,-4,-6,-13,-24,-96
2,-2,-3,-2,-4,-5,-4,30
23,4,0,1,1,6,10,8
-6,-2,-2,0,0,3,16,3
9,-2,0,-2,0,11,-18,-9
14,-6,-3,-4,-2,-15,-29,102
9,1,0,-2,-1,24,13,-11
-12,-1,1,1,0,1,-11,-22
20,4,2,1,4,-9,31,45
-9,-2,-4,-4,0,1,-4,-44
-11,-3,-2,-1,-4,-19,-33,15
16,2,2,-1,-1,-6,-20,-7
-18,-6,0,0,5,22,10,10
16,3,5,3,0,2,46,25
-15,-4,-2,-2,-3,-13,-27,-29
-11,-4,-6,-2,-2,6,-1,-49
20,1,0,2,-2,-5,-1,74
-3,5,3,-2,-2,2,-2,-53
16,2,0,-1,-5,3,13,38
-5,1,0,1,2,1,11,-40
-5,0,-1,-2,-3,-12,-20,-16
3,-4,-4,-2,-2,3,4,-7
-11,-5,-4,-1,-1,-3,-10,17
10,-1,-2,-3,-2,-6,4,32
-12,-5,-5,-2,0,7,24,11
0,-2,-1,0,0,-3,-19,15
-14,-2,1,-1,-1,-7,-25,-33
4,5,4,1,1,20,25,9
-7,-3,-3,-3,-5,0,9,-17
-16,-5,-3,-1,-2,-12,-3,-38
11,1,2,-1,0,-4,-16,28
3,-4,-3,1,-1,11,47,10
-19,0,-1,0,-3,-17,-19,5
33,7,2,-1,-3,2,-5,-9
-15,-6,-5,-3,-1,-5,5,-20
28,0,1,-3,-2,5,10,71
-26,-4,0,-3,-3,-14,-47,-59
-24,-4,-3,-1,0,20,29,10
26,0,1,0,-1,6,18,19
-16,-5,-1,1,-1,-4,36,8
14,2,1,0,2,-15,-68,-37
-10,-5,-4,-4,-3,-10,-5,9
18,3,0,-1,0,4,15,1
-13,-1,-1,-2,-1,-7,-11,-31
4,-2,-2,-2,-2,2,25,14
-21,-9,-4,-3,-5,-16,-32,-17
-3,-1,-1,-1,-1,19,36,9
-3,-4,-6,-1,1,-1,-28,-22
5,1,-2,-1,-3,5,23,19
-2,0,-2,0,-2,1,-18,-25
-21,-5,-2,0,-2,-4,-15,25
9,0,2,-1,0,-2,-9,-38
9,3,-1,-1,-1,22,14,13
-30,-6,1,1,4,3,18,6
38,5,-1,0,2,-8,-2,0
0,1,-2,1,0,-4,-1,37
-19,-5,-3,0,-1,-15,37,-58
12,2,0,-1,0,-9,-75,11
-23,-6,0,-1,0,-4,7,-9
-8,-1,-3,-3,-3,-12,-21,-21
14,1,2,0,0,-10,1,21
-8,1,1,0,0,1,27,3
4,4,-1,-1,-2,-24,-64,-70
8,3,1,2,-2,28,48,-2
-4,-4,-3,-4,-6,15,3,16
6,3,3,3,5,38,18,7
-16,-8,-3,-2,-2,-1,-10,10
17,-1,1,1,1,-20,-15,0
-2,-4,-3,0,-3,-27,-24,9
0,-3,-5,-6,-2,-10,12,-3
-38,-4,-2,-2,-4,-14,-3,-36
34,1,0,-3,-2,-6,-1,35
-17,1,0,-1,-1,-2,-5,-18
45,10,3,2,0,-8,-3,13
-15,-4,0,1,-1,0,55,4
-17,-4,-3,-3,1,-6,-85,-7
8,0,2,-1,-1,7,-6,3
-34,-8,-3,-4,-4,-5,3,-83
36,6,-3,0,-1,2,15,42
-21,-4,1,0,0,-1,7,-8
17,0,0,1,0,-3,-2,24
-7,-4,-2,-2,-5,-30,-8,-5
-6,-1,1,1,0,20,6,-11
-9,0,-5,-3,-2,-4,-2,-1
-14,-2,-3,0,0,3,1,-28
4,1,-2,0,-1,-6,11,27
-7,-5,-3,-3,-1,2,-18,17
10,-2,-1,-1,-2,1,13,-5
0,-2,-1,-3,-2,-3,-13,13
4,5,3,4,2,9,3,-52
-4,-1,-1,-5,-4,-14,26,52
2,-1,-1,1,2,9,-33,-30
0,-2,0,1,3,1,12,7
-2,-2,0,0,1,0,-4,14
-11,-3,-3,-2,-3,1,-6,-31
-19,-3,0,-1,-4,-11,10,8
17,1,-5,-3,-2,0,-29,5
15,-1,-1,-1,0,21,41,4
0,3,3,0,-2,-10,-21,-6
10,0,-2,-2,0,4,30,70
-17,-4,7,4,1,5,-2,-26
-4,-1,-5,-6,-1,-1,-5,-40
-7,-4,-2,1,-2,3,-9,-37
-3,4,2,1,0,-2,4,44
42,8,2,2,-2,-8,2,-11
-9,-5,-3,-4,-3,14,0,43
-6,-6,-2,-2,3,0,-7,-17
-5,1,-3,-3,-3,-4,-7,-21
-11,1,-5,-4,-3,2,27,-15
-4,-1,-2,2,2,5,-66,20
15,2,-1,1,2,5,9,67
-4,-4,-2,-2,-1,3,11,-28
7,0,-1,-1,-1,-10,-4,26
4,1,4,0,-2,-11,13,-3
-24,-2,-3,-2,-6,-25,7,-18
3,-2,1,-1,-1,-4,-12,-28
-8,-1,1,3,1,5,11,21
18,1,-1,0,-3,3,13,18
-2,0,0,0,0,-3,-38,0
-2,-2,-3,-2,-2,5,15,14
-21,-3,-4,-3,-1,1,-5,-59
5,-1,-1,2,-1,-2,-2,56
15,0,-1,1,0,3,-6,19
-17,-4,0,-1,-2,-3,-3,-10
-53,-7,-2,1,1,-1,9,4
47,9,2,2,2,3,-59,-21
-15,1,0,0,-2,13,19,-29
23,6,3,2,1,-1,10,-25
-3,-3,-5,-4,-5,-8,-23,-1
-21,-4,0,1,1,-1,41,-12
2,0,-2,0,-1,1,-1,2
-24,-6,-2,-4,-3,-14,-51,-58
31,2,1,0,2,24,34,53
-10,-5,-5,-6,-5,-4,8,-5
12,1,1,2,0,1,-4,-12
-4,-3,0,0,-4,-10,-10,-6
-25,-6,-4,-7,-3,5,-8,-32
-7,-5,-2,-1,-1,-6,10,7
76,9,1,2,3,8,10,62
-2,3,-3,0,-2,-3,-2,-8
5,4,3,3,1,-7,-12,18
-22,-6,-4,-3,-2,-4,-3,-29
-6,-2,1,-2,-3,-2,46,-27
-1,1,-1,-2,-1,1,-71,3
16,3,2,0,-1,-13,-33,0
-19,-6,-8,-3,0,20,34,-8
-20,-4,-2,-2,-3,14,10,-10
6,1,-1,-1,1,1,34,24
-14,0,1,0,-1,-5,-15,-32
18,2,3,3,0,-12,-10,70
-25,-4,-5,-2,-2,-7,-44,-42
-1,-3,0,0,-1,4,47,3
53,4,-2,-1,-1,-2,-7,48
-21,-2,-1,0,1,-4,25,1
20,1,-1,-1,0,5,-5,22
-23,-4,-1,1,-3,-6,-7,-50
-8,-4,-3,-3,-2,-6,7,-13
12,-1,-3,-3,-1,-7,-6,1
-18,2,2,-1,-2,-9,28,-17
7,1,0,2,3,1,-67,8
-40,-10,-2,-3,-3,-1,11,-15
48,8,3,-1,-2,-5,-11,-28
0,-2,0,0,-1,-7,2,55
0,-2,-5,-4,-5,-2,22,-13
-7,-2,-2,-3,-1,-1,-4,-38
-10,1,2,1,0,-4,-20,14
-31,-6,-1,0,0,10,13,-20
48,1,-3,-5,0,4,14,34
3,2,2,3,-2,-8,-8,10
-11,-2,-2,-1,-4,-10,22,-24
5,3,0,1,0,-5,-65,-25
-58,-9,-8,-6,-3,6,52,0
62,8,3,3,2,14,22,8
-5,-4,-3,-2,2,-9,-7,19
-15,-6,0,0,-2,-3,-13,-29
-11,-1,0,0,1,14,-1,-36
-1,-4,-4,-2,-3,-3,-7,16
-6,3,1,0,-2,-3,8,-8
-9,-2,-5,-2,0,-4,-17,-10
13,2,1,1,1,-4,16,26
-19,-5,-5,-3,-2,-2,-8,5
-23,-3,-2,-1,0,14,-4,-21
34,3,-1,-2,-3,-2,23,24
-2,-1,1,-2,-3,-10,-12,8
-1,3,1,3,2,3,-9,-13
-21,-3,-1,-3,-3,-1,6,-51
-7,-4,-3,-3,-1,-4,-1,35
39,3,0,1,-3,2,-1,6
-6,0,-3,-2,-2,-15,-22,0
-18,0,0,2,1,18,10,-33
15,2,0,-1,3,4,13,4
-29,-7,0,-2,-1,-3,-8,-38
36,1,-3,-2,0,12,-6,22
-5,-4,0,0,-4,-15,-9,-14
4,0,-4,-3,0,0,6,19
9,2,-1,-1,-3,-10,-19,16
-22,-1,-1,-2,-3,0,24,-8
-9,-4,1,2,2,-6,-18,-24
3,-1,0,-1,-3,8,2,50
25,1,-1,-1,-1,-3,17,16
-11,-1,4,3,-2,-16,13,4
1,-2,-8,-7,-1,3,-5,14
-12,3,3,0,-2,-9,-15,-68
-15,0,-4,-1,-1,0,2,5
37,4,-1,-3,-1,3,11,-34
-1,-7,-4,-2,-5,-16,-65,22
-2,-2,2,0,0,25,49,-9
-6,-2,3,0,-3,-1,41,12
-31,-7,-2,-4,-3,-11,-49,-37
8,2,2,1,-2,-1,-1,-9
1,-2,-3,-1,1,-5,1,56
-2,0,0,1,1,-3,10,-13
-33,-10,-6,-5,-3,5,12,28
30,5,0,-1,-1,2,13,-5
-19,-5,-3,-1,-4,-16,-15,-13
10,3,1,-2,-1,2,-19,-20
2,0,0,0,1,1,14,11
-1,2,-1,-2,-2,0,-8,14
-12,-2,-1,-2,0,0,-9,-46
26,2,-2,0,-3,0,-11,35
-7,-2,0,-1,3,1,27,-19
4,-1,1,2,0,1,17,-5
-5,-3,-1,0,-1,-6,-12,-11
-13,-7,-7,-4,-2,-10,-16,-7
0,-1,-2,-2,-5,13,6,30
-3,1,1,1,2,-3,20,-13
-4,2,1,-2,1,-1,8,-18
-9,-3,1,0,-1,-2,-33,4
-36,-3,-2,-1,-2,-2,12,6
62,4,1,1,1,1,2,-8
4,-3,-5,-3,-4,2,-12,6
-6,0,0,1,2,1,22,-11
-18,-3,-1,-1,-2,-11,-26,-22
-6,2,1,-1,-1,5,12,8
-4,0,0,1,0,-6,-10,-51
4,-6,-3,-1,-5,-13,7,14
-50,-7,-4,-2,0,-2,-3,-15
52,1,-2,-1,-2,-5,-16,27
-5,-2,-1,-2,0,7,1,-33
-29,-4,0,-3,-3,-2,-8,-1
25,4,3,4,2,-10,-26,2
-20,-5,-3,-3,-2,15,38,39
6,1,1,-1,-3,-11,45,16
1,-2,0,0,-2,-17,-77,7
22,2,-3,-1,-2,5,7,-20
-19,0,-3,-3,-6,-14,-21,-7
5,1,-1,0,1,9,8,-11
-15,-4,0,-1,-3,-8,7,-20
2,-3,-5,-2,0,11,7,7
3,-1,0,0,-1,-5,-5,28
-24,-5,-2,-3,-4,-2,-21,-31
40,3,0,-1,1,3,-22,-37
25,3,-1,-1,2,2,39,62
-34,-4,-1,1,-3,-10,14,3
-6,-1,2,-1,0,-6,-26,-6
3,1,-1,-2,-2,10,61,6
8,1,0,-1,-3,-14,-79,5
-16,-6,-2,-2,-1,-3,-15,-22
0,3,-2,-1,-3,0,2,19
-13,1,1,-1,1,-12,-12,-10
18,-1,-4,-2,-2,9,50,-9
-11,-1,1,0,0,-2,-4,-20
13,4,0,1,1,2,-17,22
-8,2,0,1,1,11,10,-6
-24,-2,1,-1,-1,-5,-15,-50
21,-4,-4,-2,-1,8,-10,62
-3,-6,-3,-2,0,-3,9,-15
39,3,-2,-4,-4,2,2,9
-3,-4,-1,-1,-1,3,5,-2
-10,-1,0,-3,-2,-5,2,-9
-7,-3,-2,-1,-2,-12,-21,-16
-11,0,1,-1,-2,4,-26,55
14,6,5,3,3,19,65,-25
-7,0,-5,-4,-4,-8,44,-32
11,2,2,4,-1,-6,-69,72
-18,-3,0,0,2,3,26,-40
-32,-2,4,4,1,-6,-8,49
64,9,1,1,-1,-1,0,-16
8,-4,-3,-1,-4,5,29,5
-21,-4,-3,-2,-4,-8,-9,8
0,3,0,-2,-2,-4,-21,-20
-26,-4,-1,-2,1,3,-4,-7
20,0,-1,-2,-1,1,-4,13
3,2,-1,-1,2,5,-2,-11
-6,-4,-3,-1,0,-4,1,6
-11,1,-1,2,3,8,-20,-23
-9,-4,-2,0,0,-2,10,-71
-1,-3,-3,0,-2,0,9,19
25,2,1,-1,-1,2,4,31
-5,-4,0,-1,-3,-6,-15,14
-4,2,0,-2,-1,1,3,-3
-11,-5,-4,-1,-1,-2,46,0
6,-2,-3,-1,-2,-14,-74,-35
6,2,1,0,2,4,-33,5
-32,-1,0,0,1,5,55,-2
23,3,0,2,0,3,-13,-14
-28,-8,-5,-4,-3,-6,27,-19
29,0,-2,0,0,5,5,26
2,-2,-5,-3,0,-4,-7,-3
-30,-2,1,-4,-2,-4,-11,-4
11,0,1,1,0,-1,5,52
-27,-2,-1,-2,-3,-1,-5,-14
-9,-4,-3,-1,-1,-2,-9,22
15,7,3,0,2,6,1,14
26,2,-5,-3,0,-1,-4,-22
-13,1,0,-2,-2,-3,7,-8
11,-1,3,-2,-2,-3,-6,17
-18,-8,-5,0,0,0,-9,-5
-13,-2,-2,-1,-1,1,-2,-48
-11,-4,1,0,1,-1,6,-5
-4,1,-1,-2,-6,-7,26,4
21,-2,-5,0,5,2,-72,-12
2,5,4,2,1,15,-6,-17
0,-3,-4,-3,-2,8,29,7
-26,-4,0,0,1,-4,-7,1
47,3,-1,-4,-5,3,-10,-16
2,4,2,1,2,21,43,34
-25,-2,-1,1,-3,-13,-39,-23
14,0,-1,-1,-1,19,16,19
-21,-2,0,-4,-3,-3,14,7
1,-7,-5,-3,-4,-17,-11,2
1,2,1,-2,-1,-13,-7,-12
-7,-4,-2,0,1,-6,-7,-21
-2,-3,-2,-1,1,0,8,2
-3,-3,-1,-2,-2,0,-16,-4
-16,-3,0,0,1,2,6,1
5,-3,-4,-2,-4,-11,33,-21
1,5,1,1,0,-10,-59,26
28,1,1,-1,-3,-19,-13,31
0,-3,-3,-3,-1,19,14,14
5,5,2,1,1,-2,-5,-4
-35,-2,0,0,-3,-1,29,-24
-2,-3,-2,-2,-1,1,-1,-18
23,5,4,2,-1,-7,-7,-20
-7,-4,-2,-2,-2,-1,-27,-6
23,-6,-10,-5,-2,-4,9,40
-56,-3,-1,-1,0,5,-9,-68
30,4,0,-1,0,1,10,17
12,0,1,-2,0,0,-4,21
-10,-3,1,0,-3,-2,1,-26
1,-3,-2,0,-2,-4,1,1
-31,-6,-3,-2,-4,-2,-6,-4
13,3,1,1,2,1,-34,-6
23,2,0,-1,-2,-5,92,29
3,-4,-3,-3,2,2,-73,-12
-28,-4,-4,-2,-2,1,-3,-22
20,0,-3,-3,-4,-6,14,40
-18,-5,-5,-2,-1,1,16,-1
4,2,-1,1,0,4,28,-24
-7,1,-2,0,0,-3,-7,-26
-19,-9,-4,-3,-1,-4,-10,42
16,5,5,1,-2,0,-7,-5
0,-1,0,0,-3,7,10,10
11,-5,-2,-1,0,-2,-22,15
-13,-5,-3,-2,-4,-8,26,-15
-5,4,4,3,4,8,-22,-1
-30,-1,-1,-2,-4,-5,9,14
47,10,4,3,1,1,6,-16
-2,-2,-5,-3,-2,14,8,0
-11,-5,-1,-1,-2,-5,-19,-22
-2,-4,2,-1,-2,-8,5,3
-27,-8,-3,-3,0,0,-2,21
11,2,1,0,-2,0,5,-25
-7,-3,-3,-1,0,2,-4,-20
13,2,-1,-1,0,-1,2,24
-32,-2,-1,-2,-6,-5,4,-36
20,0,1,0,1,7,12,22
-17,-5,-2,-1,-3,-4,-4,4
12,0,-2,0,0,0,6,9
-8,-6,-3,-5,-2,-3,-6,11
2,7,3,0,1,-5,-21,-31
-2,2,0,1,3,-4,-31,32
-7,-5,-2,1,-7,9,29,-51
15,0,-1,-1,-4,-7,-5,52
-7,-3,-4,1,-5,14,0,-3
-20,-3,-2,-4,20,6,3,-38
28,4,1,0,-17,-13,-11,12
-9,-1,-2,-2,-3,-6,-11,-12
-2,-3,-3,0,0,3,8,25
-2,0,-2,1,-2,2,2,-14
-5,2,1,-1,5,-4,-12,-21
6,0,-3,-3,-3,-5,0,16
-13,0,4,0,2,12,-4,-47
16,2,-6,-3,-4,1,13,47
-7,-2,-3,-2,3,-5,1,17
-7,-1,2,1,-3,-1,0,4
3,-2,-2,-3,1,-8,-18,-14
-13,-9,-2,-3,-13,-7,-4,10
16,6,2,-2,0,3,-1,-8
-2,-2,-3,-1,3,5,9,-17
-14,1,1,1,-1,-7,-13,-31
-30,-4,1,1,-5,-11,46,10
58,5,-2,-2,1,-9,-64,14
-19,-4,0,0,0,12,-12,-16
1,-6,-3,-1,-1,3,37,12
10,3,1,-1,-5,-7,0,3
-32,-6,-6,-4,0,-3,4,-5
18,2,1,2,-1,-3,0,9
3,2,-2,-1,-1,-6,-17,7
-4,4,0,0,0,2,-16,-33
-15,-7,-4,-4,-3,2,11,18
8,-2,-2,0,2,-1,28,18
-37,-6,-2,0,-3,-6,-8,-54
41,0,0,-2,-3,2,0,16
-25,0,0,0,-4,-6,-2,-3
20,0,-2,-2,-1,-4,5,-8
29,3,2,0,1,-7,-13,-1
0,-3,-6,-4,-2,3,-8,-4
-3,-3,-2,-2,0,-2,8,21
-14,-2,0,-2,-2,-1,-2,-19
-4,4,0,0,0,-1,-7,6
-6,-1,4,1,-1,1,-4,-20
11,0,0,2,5,21,-11,53
-11,0,-2,-1,-1,-13,3,4
8,3,-1,-2,-3,10,-12,8
26,1,-2,2,0,-4,60,69
-21,-6,-3,-3,-2,-14,6,-39
10,0,-2,0,0,10,-2,-13
4,-1,-1,-2,-1,-1,-8,38
-21,0,-2,0,0,5,-3,-43
-11,-1,1,0,-1,-6,-1,-8
8,2,0,-2,0,3,1,5
-9,0,-1,-2,-2,-17,-1,-8
-13,-5,-3,-2,-4,5,-23,-60
-21,0,0,0,0,1,13,11
10,-1,-1,-1,-2,-3,-14,-1
-6,-3,-4,0,-1,2,0,-31
-2,0,0,-2,-3,-6,-10,46
3,0,1,4,7,16,-8,0
0,-3,-1,-3,0,6,39,0
14,-1,2,0,-4,-3,-17,3
-7,3,0,-1,-2,-2,11,-11
21,5,-1,-4,-3,-7,1,6
-3,0,-1,0,-1,-8,-27,3
11,-3,-2,-3,-3,4,34,11
-21,-4,-3,-2,-2,-2,-24,-13
3,-2,-2,-2,-3,-13,24,17
-2,1,1,1,2,-3,-6,-25
-20,-7,-5,-4,-1,-5,-16,-4
0,-1,3,0,-1,0,-19,-46
0,-4,-4,-4,-4,-5,29,-3
-10,-3,-2,-2,-1,-5,0,-7
7,1,1,1,4,4,-6,34
3,-2,-3,-1,-1,8,-23,9
1,0,0,0,-2,6,24,-9
-1,-3,-2,-1,-4,-3,-11,-4
-14,-3,-3,-1,-2,-2,13,-1
13,4,1,-1,2,-2,-7,1
9,0,-1,-2,1,-1,-18,10
-23,-4,2,-1,-3,3,14,23
12,1,-3,-5,-4,-5,-15,-31
3,1,3,4,4,-1,11,3
-4,1,2,3,-1,0,-5,-26
-10,-4,-7,-3,-2,2,5,12
-19,-3,1,-1,-4,-22,-6,1
1,-2,-3,-4,-1,3,-5,3
8,-3,0,-1,1,0,6,-45
1,-3,-1,-4,-2,-4,-10,6
7,4,3,3,4,1,-5,4
-13,-3,-1,-1,-3,-3,4,-3
8,3,0,0,1,-1,-8,-21
14,-1,0,2,2,-1,49,1
-18,-3,-5,-3,0,-6,-72,28
25,5,2,0,-1,-6,-21,46
-12,-2,0,0,0,20,29,9
-2,-3,-1,-1,-2,-3,-19,-9
-3,-2,0,0,-1,5,44,1
-4,-3,-4,-2,-2,-9,-8,-5
8,-3,-2,-3,-7,-10,-20,15
-1,-1,-1,1,1,-1,-5,-2
-1,-2,-3,-2,-3,2,-1,-16
-5,-2,-2,-2,0,0,-3,0
10,7,-1,-1,-1,-4,0,-13
-2,1,1,0,0,8,-7,-17
-16,-4,-3,0,0,7,31,12
21,3,0,0,-2,-4,17,4
-33,-6,-1,-1,0,0,-2,-58
18,3,3,-2,-2,9,-18,28
-4,-5,-4,-4,-1,-8,-19,-17
5,0,0,-3,-2,-3,21,-17
-8,-2,0,1,3,7,-14,3
4,2,1,0,-5,-6,5,15
8,0,1,1,1,-4,12,-8
-13,-3,-2,-1,-1,2,-7,-20
1,0,0,-2,-4,-11,-3,17
11,0,0,-2,1,-6,-2,-7
-6,1,1,2,-3,-13,-20,2
-7,-4,-3,0,-1,13,2,4
-4,1,-1,0,0,-1,2,22
3,-1,-1,0,0,2,-4,-44
11,0,0,-2,-5,-14,-12,35
-26,-8,-3,-1,0,-5,-17,-18
25,3,-4,-3,-1,5,8,-4
-20,0,-2,-2,-1,-1,-10,-13
-11,-2,0,0,-1,0,7,-7
11,-1,0,-1,-1,-7,11,19
5,-3,-2,-1,0,13,-35,-6
0,0,-2,-1,0,-2,1,14
-4,-2,-1,0,2,3,9,-5
-18,0,-1,-1,1,-2,-16,-27
-10,-5,-3,-2,-2,-1,29,17
-2,-2,-2,1,-1,-2,0,4
4,-1,-1,-3,0,8,-4,-11
20,1,-1,0,-2,5,21,43
1,-4,-3,-1,-3,-12,-12,17
-5,0,-4,-4,-4,-6,-9,-27
-24,-4,-1,-1,-2,9,12,-55
9,6,2,1,3,-4,-46,1
-24,-6,0,-1,0,14,65,2
24,2,1,1,-1,1,-2,14
31,1,-2,-3,-4,-12,16,4
1,1,6,2,2,18,-50,-10
-13,-6,-10,-7,-1,-9,-14,-3
-1,0,0,1,0,-5,12,26
-11,-2,1,0,-2,-1,-3,-7
9,-1,-3,0,-2,-10,26,12
40,6,2,3,-2,-9,-16,29
-15,-4,-1,-1,-1,-9,-4,-5
0,0,-1,0,0,0,-10,-37
-10,-2,-2,-3,-3,11,23,-1
7,2,3,1,-1,-4,-19,-20
-5,-5,0,-4,-1,-3,-2,13
3,-2,-2,-2,-4,0,-9,-4
-6,-4,-2,-2,-3,-5,22,28
-13,-4,-1,0,1,-5,-11,3
5,3,0,2,0,2,-5,-42
21,-1,-3,-3,-3,-8,-7,40
1,0,-2,1,6,31,-17,-20
13,0,0,-3,-4,-19,5,3
-1,1,2,0,3,8,3,-14
-4,1,0,0,0,2,-10,-6
3,-1,-1,-3,-3,-4,27,-7
-16,-2,2,2,-4,-8,-17,-1
-16,0,-4,-2,-3,-10,-23,-22
3,-2,1,1,4,10,24,3
-11,-3,-3,0,-4,-15,-9,-19
4,0,-1,-2,2,4,0,28
-12,-5,-2,-2,-4,-11,-4,22
25,4,-2,-2,0,14,5,10
-18,0,-1,-2,-4,-11,9,0
22,4,-1,0,-1,2,-20,-11
-4,-4,0,0,-2,5,10,8
-23,-3,0,-2,1,0,-2,2
0,-4,0,0,0,-4,-2,-5
-10,-2,-2,-2,-1,4,4,-24
12,1,-2,-2,-4,-1,-2,26
-22,-1,-2,-1,-3,-8,30,-22
22,1,-1,0,1,-1,-52,60
-9,-2,-2,-1,0,3,4,-12
-14,-4,-3,-2,-2,-2,-2,-12
5,2,2,0,1,-1,-13,23
-12,-2,-1,-1,-3,-11,39,-55
-16,-3,0,1,0,-1,-4,2
11,1,-4,-3,-2,4,-8,15
2,-1,0,0,-2,4,7,-12
-16,-4,-3,-2,-2,-11,-20,-30
17,2,1,1,1,15,16,9
-1,-3,-2,-1,-1,1,10,-13
-1,-1,1,-1,1,-1,-26,2
-2,-2,-2,-4,-3,-4,42,7
-11,1,1,-1,-3,-8,-13,-4
-9,-1,2,0,-4,0,-4,-29
5,-7,-10,-7,-1,4,-1,15
-19,-5,-1,-2,-2,3,-31,-64
9,0,-3,-1,-2,4,12,29
-4,4,2,1,-3,-12,4,-19
-1,0,-1,-1,1,2,-9,16
-6,3,-1,-1,-1,-4,16,8
-3,-5,-3,-1,3,0,-3,-46
11,-1,-2,0,1,1,-8,48
-24,-8,-1,1,-3,-6,7,-1
35,0,-2,-3,-2,-2,-19,19
1,1,0,1,0,10,26,8
-19,-3,-4,-4,-1,-3,-11,-45
0,2,2,0,-2,-4,-13,18
5,0,0,-1,0,10,16,17
-11,1,-1,-2,-1,-20,-8,-26
2,-3,-2,0,3,3,5,-2
8,2,1,0,1,1,-4,-5
-2,-4,-3,-2,-4,-8,26,-6
-5,-2,-2,-4,-4,-6,-20,-19
-6,3,3,3,1,6,14,20
1,-1,0,1,-2,-2,-4,-2
1,-2,0,0,0,1,5,11
-5,-6,-6,-4,-2,-2,-4,0
5,-3,-1,-1,-2,-1,-2,20
12,0,0,-1,-1,-4,7,-15
-57,-10,-4,-1,-1,0,-10,-35
97,12,5,0,2,3,5,80
-4,-1,-3,-1,0,2,-6,8
-11,-3,-4,-2,-3,2,3,-20
9,-1,-4,-1,-3,-8,-23,51
-31,-2,0,-1,-3,15,-4,4
-11,-4,-2,-1,-2,8,27,-20
21,8,-2,-3,-2,-16,-5,-1
-14,0,2,-2,2,8,-2,-1
5,-5,-2,-2,-2,-5,-9,-8
8,1,1,1,0,-3,-5,4
-19,-7,-4,-1,0,5,-3,-23
17,3,-2,-1,0,2,39,-1
-27,-7,-7,-6,-3,-5,-36,-20
0,0,3,2,-1,-3,0,8
2,-1,1,1,0,1,-5,6
1,1,-2,-2,-3,2,1,-46
-10,1,1,3,2,1,11,6
-23,-8,-5,-4,-2,-4,-18,-11
22,3,0,1,-2,0,13,6
28,-2,1,2,0,-7,-10,0
-20,-1,1,0,-4,-4,-1,-11
-14,-1,-3,-4,-3,-6,-12,-27
-4,-4,-2,-3,-1,3,2,14
1,0,2,1,0,2,-8,34
-6,0,-3,-2,-1,-3,-15,-24
21,2,-2,-1,0,5,40,52
-1,-4,-3,-2,-6,-5,-7,2
9,2,1,-3,-3,-18,-36,1
-11,-3,0,-1,1,13,37,9
-10,-1,1,-2,0,8,-48,-65
-5,-4,-3,-3,-1,0,3,25
-13,-4,-2,-1,-1,-6,-3,8
2,0,-2,-3,-2,-13,-20,-8
30,11,4,3,4,-2,26,-6
-4,0,3,3,-1,2,-4,-33
-12,-6,-2,-1,0,12,-12,-24
-4,-3,-3,0,-2,-16,37,52
18,-2,-7,-2,-2,0,-5,32
0,0,-1,0,2,0,-5,8
-3,-3,-2,-2,-4,-1,15,-14
0,0,1,0,-3,-7,-16,-14
-4,-1,0,0,-1,-2,-3,2
-13,-1,-1,1,0,-1,4,-7
-5,-2,-4,-2,-2,-2,-7,13
-5,2,4,1,1,6,-1,-18
0,-5,-6,-5,-4,-10,-32,-11
26,6,3,0,1,18,36,47
18,2,1,2,3,16,29,60
-5,1,0,0,-2,-18,-22,-36
-13,-8,-3,-4,-2,11,29,7
-15,-5,-3,-4,-3,-10,-22,-23
-5,-1,-2,-2,-1,2,10,-19
-4,-1,-3,-2,1,8,3,19
10,1,-2,-1,-3,-7,-11,0
-2,1,-1,0,1,-7,6,-12
-6,-3,-1,0,-3,-1,-16,-17
1,-4,-6,-2,-1,1,1,30
-9,2,6,4,-1,-2,0,-17
-10,-9,-7,-4,0,3,-2,-5
11,2,1,2,1,-5,-11,7
9,-1,-1,-3,-4,1,-3,0
-16,-2,-1,-1,-2,-4,3,-47
13,3,2,1,1,0,-2,39
-43,-4,-1,-2,-2,-7,1,-28
68,0,-1,-1,-3,-12,5,20
-11,-5,-1,-3,3,25,-13,-14
-1,3,3,0,1,-3,-4,-29
-5,1,-6,-2,0,-5,0,8
-30,-4,0,0,-2,0,0,-35
-1,-2,-3,-2,-6,-11,-2,11
-5,2,2,1,2,-10,-42,-23
5,-1,-2,1,-1,23,38,-4
-5,1,-1,0,3,4,7,16
-1,-1,-2,-2,-1,-12,-3,8
-22,-6,-3,-2,-5,-3,-8,-6
29,7,1,-2,-3,-13,-7,-4
8,5,1,1,1,0,-9,-2
-8,-2,1,2,3,1,2,7
-3,0,1,-1,-3,-2,6,8
-13,-9,-3,0,0,-3,-9,-15
-25,-4,-2,-1,-3,-3,58,-5
28,1,-3,-3,-1,-13,-68,-19
-4,-2,-1,-4,-4,-12,-6,-4
13,2,2,2,-1,9,4,9
-14,-2,0,2,0,-3,-12,-20
-23,-4,-1,-2,-1,0,24,-13
0,-1,0,0,0,-3,-5,-41
-1,-2,-2,-3,0,-4,-8,-16
44,1,-3,-2,-1,2,-22,8
12,4,1,1,0,3,23,-5
-9,-2,-2,-1,-3,-3,-10,-18
-3,-4,-2,0,0,11,17,11
-25,-6,-1,-2,-2,0,10,-27
13,1,1,1,-2,-20,-2,37
2,0,-3,-2,-2,8,15,24
10,4,2,0,-1,-4,-2,-3
-15,0,1,2,2,1,-13,7
-3,-3,-6,-4,-2,-2,-3,1
4,-1,-3,0,1,14,23,5
-14,-2,-2,-4,-2,-13,-27,-14
-13,0,-1,-3,-4,3,-19,-13
5,3,4,1,-2,-5,26,33
-10,-2,0,1,1,0,7,-17
-9,-2,-1,-2,-1,0,-1,-2
6,-1,-1,-1,0,1,-6,5
8,-1,-2,-2,-2,1,6,-6
7,-6,-3,-4,-4,-5,3,19
-4,1,3,0,-1,-5,-6,-36
-3,2,4,3,-2,0,0,48
-23,-2,-7,-4,3,-4,-17,-17
31,2,2,0,1,-1,-10,60
13,0,-2,-3,-2,2,16,16
-14,-4,0,0,2,4,6,-28
-4,-4,0,0,-2,0,-10,20
-12,-1,-1,-1,-7,-26,19,-44
-29,-1,1,0,7,21,-56,-7
63,0,-1,-5,-3,-2,1,18
-26,-3,-2,0,-1,5,11,-22
7,2,0,0,-2,-20,-25,10
11,1,-3,-1,-3,4,21,24
-32,-6,-5,-3,-1,-3,-12,-30
-9,-4,-2,-2,-1,6,-16,3
32,2,-1,-1,0,9,10,-24
