-31,-6,-4,-4,-2,4,-2,-7
3,0,-2,-2,-3,12,3,-13
60,11,4,3,0,-7,28,38
16,3,-5,3,-4,-3,-12,-8
3,-1,3,2,-2,-9,-29,-8
-27,-6,-2,1,6,-13,13,-7
-28,-7,-2,2,5,16,7,-11
0,-9,-5,4,0,-2,-6,7
5,4,-1,-5,3,2,11,2
4,-2,0,-9,-1,-12,-24,0
-3,2,3,-6,1,-3,1,-6
2,2,-3,-6,-3,1,7,3
-4,-8,1,0,-8,-1,2,-3
-22,0,-1,-3,-8,0,-3,-4
21,-5,-2,3,0,-2,4,0
-5,-4,-7,0,-2,2,1,0
-83,-15,-6,-1,0,-3,-8,-31
110,20,4,3,-2,2,-3,16
-26,-3,3,4,-6,2,6,11
13,5,4,1,-3,-8,-10,-1
-1,1,0,0,-3,-19,-55,-17
-25,-3,1,2,3,23,70,35
-59,-11,-8,-5,-6,8,43,-35
47,4,1,-2,4,-3,-33,2
7,0,-3,-1,2,16,8,-18
-99,-11,-7,-2,-5,-36,-63,-87
100,3,3,3,1,12,61,101
-52,-5,0,2,-1,-1,-22,-22
92,18,0,-5,-6,-1,36,24
16,11,4,4,-2,8,-11,21
18,2,-4,-1,-6,-9,-20,-30
-34,-9,-2,-4,-1,-3,7,11
-4,-1,-2,-1,4,-7,-11,-5
-12,-7,-2,-5,2,-3,-2,-2
-41,-10,3,-1,-3,-7,-35,-41
18,-6,-4,-1,-4,3,15,38
-29,-9,-2,2,-2,-4,6,-14
14,-6,0,-1,-3,-3,-9,15
-16,13,3,3,2,13,-15,12
5,2,1,-3,-6,-3,51,-49
11,-5,-5,-3,-5,-12,-48,2
49,5,1,2,3,13,26,25
69,3,-1,1,1,-17,-14,75
-52,-13,-9,-3,-6,4,34,5
-60,-8,-2,0,-1,-5,-30,-71
17,-2,1,1,-6,-20,0,77
-34,-7,4,1,5,32,-23,-74
-4,-10,-14,-19,-3,2,-11,2
41,6,3,-4,3,4,41,21
-61,2,1,-3,0,-15,-67,-38
-5,5,-2,-4,1,-14,11,-44
26,13,5,4,4,6,1,50
-16,7,-2,-1,-3,9,22,1
11,4,-10,-6,-3,2,21,-31
-55,-2,0,0,-2,-8,-4,-4
5,8,3,-1,0,-3,-8,-15
11,7,0,-2,3,-11,-18,-9
7,9,4,1,4,24,31,62
9,2,0,0,1,-19,-21,-2
-50,-7,-5,2,-4,0,-13,11
72,18,8,2,-3,10,18,63
51,-8,-2,0,-3,13,3,-48
-21,-28,-7,-10,-9,2,49,45
-18,-13,7,3,2,-20,-67,-50
-22,-17,-13,-5,0,36,31,16
-82,-10,-7,-6,-4,-4,-18,-121
60,8,-4,-8,-7,-4,9,82
41,2,1,0,0,-4,-13,-6
-19,-8,-7,-10,-2,-11,5,-38
38,1,0,2,0,-6,13,112
-36,-10,-2,0,-1,-2,-23,-79
26,7,5,2,6,11,33,76
-32,-3,5,-2,-3,-8,-21,-22
67,13,7,3,5,8,27,53
-31,-3,-1,-4,0,-9,-23,-4
1,1,-3,-5,-1,-3,-3,-59
14,-5,0,1,0,-6,14,71
-59,-17,-6,-5,-2,-8,-19,-32
-1,0,-4,1,-3,-3,-7,-5
26,1,-3,-4,-2,5,12,1
-14,-4,-4,-2,-2,-5,-26,-27
-67,-13,-10,-7,-2,8,11,-10
78,16,6,2,-1,15,13,47
-12,-3,-6,-3,-10,-19,55,-24
33,4,6,10,8,-14,-52,-30
-22,-1,4,5,1,-4,-14,5
-83,-16,-11,-7,1,-1,-13,-128
25,2,0,-1,1,-14,-15,23
5,6,1,-4,-2,17,28,24
5,1,-1,-6,0,8,31,2
-6,-1,5,4,2,-16,-26,-20
-19,-3,-6,-7,0,-4,-24,-40
-33,-5,-4,1,-2,2,7,50
40,6,-2,-2,-3,15,12,-18
19,12,1,3,-3,2,-1,33
-60,-3,-1,3,1,2,-11,-16
66,10,1,-2,-3,-10,41,56
-15,-3,-4,-1,2,2,-79,-48
-13,4,2,9,-1,1,-2,-10
-18,-2,4,6,-4,5,-10,-50
20,0,1,3,0,-4,15,50
-10,-2,-1,0,0,-6,5,-30
-28,-13,-4,0,-1,-2,-26,-15
54,0,-7,-3,1,17,11,8
-22,-2,3,9,0,-1,5,-65
28,-2,-2,4,-2,-3,4,26
-30,-5,-6,-7,-5,-3,-3,-9
-23,4,5,-2,-1,-1,39,66
14,-4,0,-4,-1,-6,-55,-44
18,1,2,4,2,-14,0,8
4,-6,1,-1,-3,-17,4,46
17,4,4,0,2,31,46,31
-69,-15,1,-1,-3,-9,4,8
32,3,5,6,2,13,13,-3
53,-1,-4,-3,1,10,17,-18
-28,-5,-8,-6,-6,-18,-34,-81
4,-4,-4,-4,-1,-9,-4,7
-21,-4,-3,1,0,-18,20,7
-21,-6,-2,2,-2,-4,6,22
11,1,-3,0,1,4,-10,-39
-30,0,1,0,-3,-12,-19,-10
26,3,1,-2,-3,-4,-13,18
14,2,-1,-1,1,4,-15,-101
16,2,-3,1,2,-12,-12,106
25,9,0,0,4,20,11,-27
-16,3,3,-4,-6,12,46,-24
-32,-2,1,-6,2,20,-40,20
18,-10,-4,-6,-5,-12,-30,-8
4,-2,-7,-10,-1,5,27,93
-25,-8,-6,-9,-5,-23,-28,-73
24,10,6,-1,3,20,65,73
-32,-5,0,1,-1,-7,-39,-48
32,4,2,7,0,8,28,-9
-21,-2,-1,4,-3,-5,-38,-71
38,5,0,5,-4,-26,19,104
-19,-4,1,3,1,-2,-13,97
39,7,7,9,6,11,54,-3
-56,-12,-11,-10,-4,2,-7,-22
44,2,-2,1,4,-13,-6,67
-8,-1,3,0,1,-2,40,-53
-44,-13,-5,-10,-4,-17,-57,17
33,5,-3,-1,4,-8,-72,12
-73,-1,3,0,-2,2,-2,-116
24,2,2,4,3,1,7,2
14,-6,-7,-1,-7,-5,15,-20
6,-7,-3,0,4,8,21,-27
-34,-7,-4,-4,-3,-1,-28,1
-19,-7,2,3,-1,3,-15,-68
57,13,1,-1,-3,16,9,-37
37,13,10,5,0,5,9,30
-18,-7,-4,-8,-2,-1,-8,-35
-7,5,0,-1,-2,-16,-49,-59
-38,-14,-8,-6,-4,16,87,23
-28,-4,-5,-6,-6,-13,-4,-9
20,1,-4,-1,0,5,7,14
4,-4,-7,-5,-3,-12,0,58
-17,4,3,21,6,-3,-61,-95
8,1,0,9,1,-4,3,40
-19,-3,0,2,2,14,53,-15
43,6,1,-8,-3,-11,-21,-24
-6,-6,0,-8,-3,-6,8,-7
-7,-2,4,3,-4,-9,-19,23
-39,-12,-16,-7,-12,-19,-13,-27
29,5,3,2,6,33,39,-4
-102,-16,-8,-13,-6,-5,-43,-108
72,17,6,-4,0,12,38,32
11,2,3,-2,-3,-16,-24,-37
10,-3,-4,0,-1,0,-9,21
-38,-1,4,0,3,1,25,-11
-10,-9,-2,-4,-4,-10,-19,29
-8,-3,3,-2,6,-3,-1,0
5,-5,-3,-2,0,0,7,7
15,3,1,2,0,-5,-25,23
-22,1,-5,-3,-3,0,10,-44
36,9,3,5,-1,14,19,94
-59,-18,-12,-8,-8,2,-2,-14
21,8,0,3,3,-6,-14,-8
2,0,0,-1,3,-8,-17,4
0,-5,-3,-1,-2,8,17,-73
50,1,0,-2,2,41,62,61
3,-1,2,-1,-6,-6,-11,3
-44,-10,-9,-4,-2,-6,-2,-17
8,-1,4,3,-3,-10,-17,34
24,7,-3,-2,3,18,57,-5
9,0,1,0,-1,-6,-25,9
25,4,4,8,3,11,21,-20
-49,-3,0,1,-5,-15,-36,-78
-12,-4,-7,-2,-3,-19,-12,40
18,-4,-3,-2,2,27,0,30
-26,-6,-3,-7,-1,5,-9,-2
12,3,1,-1,1,-6,6,24
-14,2,5,3,0,-9,-24,-36
11,4,2,-1,-2,-8,-13,12
-7,-3,1,-1,-6,-8,-8,-48
7,2,1,-3,0,20,-4,-3
-65,-7,-2,-6,-8,-5,-14,-61
48,2,-2,-1,2,-14,1,17
-16,-7,-2,-3,-3,-6,-4,-7
35,2,0,1,4,2,22,11
-26,-2,5,4,-2,-12,-25,10
-43,-8,-4,-3,-5,1,11,-81
32,6,0,3,1,1,1,29
5,-4,-7,-4,-5,-13,-33,17
10,-3,1,0,0,-11,10,21
12,1,-2,-3,-4,0,47,49
1,-1,-2,0,-1,-6,-58,-18
-1,-3,-4,-1,-2,-13,-5,73
4,1,-6,1,4,22,-5,-15
11,4,4,1,3,3,72,12
-47,-7,-4,-2,-1,1,25,-2
30,1,-5,-1,-4,-3,-6,-49
5,6,12,8,5,-9,-9,10
-4,-3,-4,-4,-3,2,-9,22
-19,-1,1,-2,-2,8,10,-16
-6,-3,1,-2,0,1,4,-2
-19,0,0,-1,-5,-11,12,-17
-12,1,3,0,3,-5,-21,-1
21,1,-1,0,-1,-7,18,8
1,-2,-1,-1,-1,-9,-15,-13
5,-1,-3,0,-2,-6,-6,21
-16,-4,-7,-3,-7,-3,-22,1
53,2,-4,-5,0,8,1,18
19,5,1,-5,-2,14,31,8
-47,-2,2,0,1,-8,-33,-73
19,-1,2,2,4,9,7,64
4,0,0,0,2,5,24,-15
-25,-6,-3,-2,5,-2,-1,-92
-4,-5,-4,-4,-1,-5,-11,25
-6,-4,-5,-3,-11,-36,-31,-6
2,-1,-4,-6,1,26,12,34
-12,-2,0,1,0,13,65,-13
13,2,5,4,-1,-1,-9,3
-29,-7,-12,-6,-5,-6,13,-33
12,-3,-3,1,0,2,-54,-5
-12,2,0,0,-4,-7,-6,15
-11,-1,-1,0,-1,-2,1,23
31,7,6,4,6,20,16,-69
-22,-5,-4,-2,-5,-17,3,-32
23,0,-4,0,2,4,-11,59
5,5,-1,0,-3,-9,-18,-17
10,4,2,1,0,-4,-22,-14
37,2,2,0,2,14,56,94
-28,-9,-1,0,0,-5,-23,-62
18,1,-4,-1,1,-7,5,4
-37,-5,-2,-2,1,7,-4,-38
23,2,0,2,-1,-8,3,14
-4,2,1,-2,-3,-4,-9,31
0,-2,-3,-3,-3,7,-19,18
-13,-3,-3,-4,-1,0,13,-31
-35,-9,-1,1,-1,-26,-7,2
61,13,2,0,2,3,19,21
-6,-8,-1,-3,-3,3,-50,-43
12,-1,2,1,4,4,-56,38
-28,-4,-4,-4,-1,14,100,-16
-37,-5,-4,-4,-7,-12,-44,-66
7,-2,-5,-3,-6,-4,30,11
13,-4,-7,-4,-6,-1,-8,15
-14,-1,3,1,-4,-13,-30,-21
11,0,1,-1,1,-1,-3,-36
18,0,4,-2,-1,13,49,14
18,1,0,-1,-3,-15,-8,29
6,1,-5,-2,-3,-10,-32,-34
-36,-10,-4,0,-4,1,3,24
-4,-3,-6,-2,-4,-12,-21,8
0,4,0,2,3,20,24,-35
-4,2,3,1,0,-1,-12,23
15,2,3,2,1,3,-1,33
-16,0,3,1,0,-3,6,-7
-20,-3,0,-1,-1,-9,-4,-16
11,0,1,-2,0,1,-5,6
-16,-4,-2,-1,0,10,-2,15
11,0,-4,-1,1,0,9,-13
-5,-3,-2,0,-3,-9,-15,26
-23,-6,-7,-6,-7,0,5,-22
42,3,2,1,2,0,1,6
-31,-4,-2,-2,-1,-3,2,-16
-23,-7,-1,-2,-5,-5,-9,-34
52,4,0,-1,-1,-10,11,57
-22,-4,-1,-3,-1,2,14,-3
12,3,2,1,-2,-4,-19,-11
-27,-6,-1,0,0,9,5,9
-10,2,3,0,2,6,-12,-48
13,-1,-3,-3,-1,-7,-10,12
-19,-8,0,1,4,2,2,-36
53,5,-2,-3,0,-3,41,92
-40,2,0,-1,-5,-2,-26,-62
22,3,-5,-1,-2,-2,13,6
15,2,-5,0,-2,3,2,-10
-27,-3,2,2,-7,-13,-4,-4
26,23,3,-2,-1,5,15,31
-19,0,-1,0,1,-2,-8,-11
-18,-9,-5,-6,-3,-5,8,69
46,-1,0,0,0,-8,-2,-16
-16,-21,-5,-3,-1,-1,-7,-5
-19,-11,-2,-3,-3,0,-28,2
36,0,5,2,1,15,41,39
-19,-5,-3,-1,1,-2,-15,-4
-16,-5,0,1,-4,-16,-28,-34
19,5,-7,-2,-1,-10,-13,40
-16,0,0,-1,1,26,8,-67
-6,-4,-1,-1,1,-3,17,-7
-4,-2,3,2,2,-9,-70,-19
-4,2,4,0,4,26,48,5
41,16,9,3,0,-6,6,-18
-16,0,-5,-4,3,8,-13,-29
7,-10,-8,-2,0,2,17,66
-1,0,0,-1,-3,-7,2,-12
-51,-7,-1,0,4,-10,-26,16
77,5,0,-2,-2,7,-4,-49
24,7,2,2,2,3,38,96
-23,-2,-4,-2,-4,-5,-8,-14
9,0,-4,0,-2,-12,5,-5
-39,-4,-1,1,-2,-10,-29,-5
-29,-7,-4,-5,-2,-3,-14,-55
34,4,0,-2,0,-10,-2,12
1,-1,-3,-4,-4,-17,8,-7
-16,0,-3,-2,-1,-1,32,44
16,1,-3,0,3,26,-18,-21
-33,-3,5,4,-1,1,3,6
-2,-7,-12,-10,-5,-10,-16,-5
-18,-3,-1,-4,0,-15,3,-13
-4,5,5,1,-1,-1,32,-5
5,-2,-1,-2,0,-9,-16,-41
37,2,-2,-2,-4,-1,-7,10
-17,2,0,-1,-2,9,-3,-7
20,-5,-5,-3,-2,-3,-3,31
-36,-9,-2,-2,-1,0,-7,-98
12,0,1,0,0,-3,0,29
-13,-7,1,1,0,3,-2,12
8,3,-2,-2,-4,-4,4,-38
-11,2,-3,-2,0,0,-16,-2
-18,2,-1,-2,-3,-2,3,-14
9,4,-2,-1,-3,-19,-38,44
-22,-4,-2,1,6,42,39,-2
55,3,0,1,-2,-5,26,28
-42,-6,-1,-4,-3,6,33,-21
19,0,5,3,-2,-3,-35,4
-9,-3,2,0,-6,-19,-3,-12
-14,-8,-7,-3,-1,4,-40,-19
28,-2,3,1,3,19,49,18
-11,3,-4,-5,-1,-1,9,-10
-17,-7,-7,0,0,-14,-7,-23
-13,4,-1,-1,-2,-7,0,12
20,4,4,4,-3,-13,-32,28
-20,-6,-6,-5,-1,8,6,-51
19,2,3,-2,-2,-6,-3,-2
-9,-3,0,-1,0,-1,4,5
-42,-4,-2,-5,-2,-1,-21,-13
30,1,5,2,-2,7,5,35
-6,-2,3,0,-2,-4,-11,-26
1,-5,-2,-4,-8,-23,19,14
14,2,5,4,12,30,-53,41
-36,-5,-4,-2,-1,-2,4,-30
42,3,-3,-2,-4,-8,-4,21
-20,-5,1,2,-1,-2,-4,17
28,2,-2,0,-1,-8,9,-60
-21,-3,0,2,2,-2,-3,-17
33,-1,-3,-3,-3,6,-7,86
27,7,1,2,-1,-4,18,42
-44,-6,-8,-2,-5,-9,-17,-36
49,6,3,0,1,-3,35,11
-26,-1,1,1,-2,-12,2,-4
-5,1,2,-2,-3,0,-5,4
-10,-3,-7,-6,-2,-7,-5,-50
-18,-7,0,-2,-7,-2,-9,10
4,-5,-4,-1,2,-6,13,-11
2,6,1,-4,1,9,3,-33
-6,0,1,2,1,-7,-5,-18
-15,0,3,1,0,13,-33,-28
-23,-6,-1,0,3,8,18,-3
-4,-3,2,1,5,7,-2,-11
49,7,3,0,-3,-2,11,21
-3,3,-4,-4,-3,-8,1,-2
-37,-8,-1,-2,-3,-11,-23,-52
63,3,2,1,0,0,-9,60
-62,-6,-1,-2,-3,-2,5,-57
43,5,3,4,1,0,7,17
-3,-1,-1,0,-3,0,-6,-5
-19,-3,-1,-2,-2,-3,-1,-6
-3,-5,-3,-6,-3,-6,1,18
-7,0,1,-2,-4,4,-6,-6
-17,3,4,0,1,-36,-7,-5
10,-5,-9,-8,1,18,5,-5
-25,-6,1,0,-1,2,-23,-39
49,2,-4,-1,5,12,33,79
6,-2,-4,-3,-3,-7,-14,16
-6,-1,3,5,0,11,31,-23
-16,-1,0,2,-2,2,-1,-25
47,3,0,1,-2,-3,-5,19
-29,-3,0,1,-1,10,-15,-16
7,-2,0,3,0,-3,10,99
42,5,-6,-3,2,7,25,-28
-52,-5,1,0,0,-8,-14,-82
40,2,-2,-3,-5,-1,27,83
-30,-4,-2,-1,0,-1,-15,-53
29,7,8,5,0,-8,-1,12
-12,0,-4,-2,-4,-5,-12,4
12,3,2,-2,-3,1,11,-1
-26,-5,-7,-3,0,-2,-20,-56
10,-1,-1,-1,-1,-3,-1,42
-14,-5,-2,-4,-2,-9,-5,-18
-22,-4,-2,-2,2,13,-11,-16
5,1,2,1,-2,-5,38,2
-25,-3,-1,-1,-2,-15,-38,-34
22,-2,-6,-4,-2,-10,12,35
11,-1,-2,-3,-2,-1,-41,-13
23,-1,-3,-1,-1,15,45,0
2,2,-2,1,0,-1,1,30
-3,3,2,2,2,0,-11,-33
-1,-2,-2,-1,2,-2,2,-4
-32,1,4,-1,-2,-18,-35,-88
1,-9,-9,-3,-2,-3,8,50
-15,-2,-4,-5,-6,10,10,-51
3,1,-5,0,1,8,4,-12
-24,-1,2,1,-4,-2,-9,-16
21,0,2,1,-2,4,5,20
-3,-2,-2,-3,-2,2,-2,13
-14,-2,-1,-1,-2,-7,60,-21
-3,-2,-4,-1,-1,-22,-82,-1
-8,-4,-4,-2,-1,1,5,11
22,0,0,-2,0,-6,-4,3
-26,4,4,1,-1,-3,3,-44
16,0,-1,-4,-5,-13,7,67
-11,-4,-2,-1,-1,10,21,4
-2,0,-2,2,0,-1,-2,16
-16,0,-1,0,0,5,-13,-38
-2,-5,-5,-1,0,6,-2,13
13,0,0,-1,4,-6,-10,39
-9,-3,0,-3,1,0,11,-38
2,-1,0,-5,-1,0,-33,-5
16,1,0,1,1,-20,51,57
18,4,4,-2,-4,-1,4,18
-32,-5,-2,-1,-1,-3,56,25
16,0,-3,-1,1,-4,-67,-7
-23,-5,-3,0,-6,-3,-21,-22
9,-2,-3,-1,-3,4,8,-7
-14,0,-2,-2,-4,1,7,17
13,-1,-1,-2,-4,-7,0,5
-3,-2,2,-1,0,11,1,-10
-12,6,3,-1,-2,-7,-16,-15
3,1,3,3,2,-7,-8,0
-11,-4,-1,1,-1,2,26,7
15,2,-1,0,-1,13,-17,-41
-25,-6,-4,-2,0,4,12,-37
55,-2,-4,-3,-2,-5,-23,68
-12,-1,-4,0,-1,4,8,-47
1,-4,-5,1,2,5,14,55
8,-2,-2,-2,-3,-10,-32,-23
-28,-2,-2,-1,-2,-3,13,-9
-9,-5,-1,-1,3,19,-36,1
1,-4,-4,-2,0,1,-13,-8
-3,1,5,3,-1,3,15,14
-12,-3,-3,-5,0,-5,-30,-24
14,-1,-2,-1,-3,3,38,66
-31,-3,-5,-4,-7,-2,-16,-113
25,0,-2,0,-2,-13,-25,57
1,4,2,2,5,38,32,-2
7,3,1,-2,-2,-11,1,9
-7,-3,-2,-3,0,-6,-21,18
-19,-5,-5,-4,-3,-3,10,-22
11,3,-1,1,-2,-8,-19,-23
-44,-8,-3,-2,1,3,9,10
42,2,2,0,1,-1,-8,-4
-3,-4,-2,0,-1,5,13,20
18,2,0,1,-4,-5,-6,54
-14,-2,0,1,1,2,0,-57
-13,-1,-2,-2,-2,-5,10,-6
7,3,2,1,0,-3,-9,8
-13,-1,-2,-1,1,-10,23,-54
33,7,2,2,1,10,-30,30
-11,0,5,1,0,1,-1,-12
5,-4,-3,-4,0,9,19,21
-18,-3,0,0,-2,-2,-44,-2
19,5,-1,-2,-8,-18,39,43
-6,3,1,3,9,16,51,23
-11,-3,-1,1,2,16,7,7
-22,-9,1,-1,-2,1,3,-19
-12,-13,-6,-4,-3,-2,-9,-33
-9,0,-1,-1,-1,0,-7,40
28,3,-4,-1,-1,-7,10,-36
-8,-2,-2,-1,-1,-2,-11,-19
-14,-3,-2,-1,-1,-5,-1,11
-7,-2,-3,-4,-2,-9,-13,-33
2,0,1,-1,-1,-1,-4,-25
8,3,5,3,0,-9,7,18
-18,-10,-7,-6,-1,-3,-7,-15
38,2,0,-4,-5,-3,7,51
-11,-1,0,0,0,4,42,19
12,-4,-2,0,-1,-5,-37,42
11,3,0,1,-4,-12,11,5
-3,-1,2,0,3,24,0,-35
2,-4,-2,-4,-4,-8,-7,-70
-14,-3,-2,-2,-2,0,-7,-4
8,-1,-2,0,2,0,27,4
-12,-3,-4,0,-5,-21,-34,13
-16,-4,-6,-3,-1,0,-8,-30
-2,-1,-4,-3,-1,0,-24,-33
-4,4,1,2,4,16,12,42
32,6,5,3,2,-1,9,43
-5,2,3,1,1,-3,-20,15
13,5,2,-1,-1,10,19,-2
-56,-6,-1,-1,-4,-8,44,-35
60,2,-4,-2,-3,0,-13,8
17,1,-2,-1,-1,-9,-35,-2
-15,-5,-1,0,-1,0,7,14
15,8,0,-3,-3,-4,-13,-78
-53,-7,-3,0,-1,1,24,34
24,4,2,0,0,1,9,-58
-3,-4,-5,-2,-2,0,3,7
32,-2,0,2,1,-1,-18,29
-24,-3,-1,0,0,-6,-19,-79
-13,-4,-4,-5,-2,-11,5,-15
-9,-2,0,-1,-1,-5,4,-15
0,-4,-1,-1,1,-2,-14,13
10,-5,-4,-6,-12,-7,-3,12
2,-1,-1,1,6,6,-17,-4
-18,0,1,-2,-1,12,29,29
-3,-2,-2,-1,0,-5,-7,1
0,-2,-2,-1,-2,3,13,-13
-6,-1,-1,-4,-7,-10,3,-21
-31,-4,-5,-3,-3,-6,-36,-31
27,5,3,1,1,22,32,-2
-5,-3,0,-3,-1,6,10,19
-19,-1,-1,1,0,-5,4,6
7,-2,-4,0,2,-2,-11,8
-9,-3,-2,-1,-4,-11,0,-5
4,3,0,-2,0,-3,-15,-38
-41,-10,-3,-3,-3,1,17,-18
-1,4,-1,0,-2,-8,-2,-11
36,11,7,5,-1,-2,-8,73
-7,-5,-6,-3,2,4,3,-30
-2,-3,0,-1,-4,-3,-29,26
-14,-8,-4,-3,-1,-14,-7,-19
-10,-4,-5,-7,-2,13,5,17
-11,2,-2,1,0,-11,-12,3
-19,-1,0,-2,-1,-3,2,23
42,1,-1,-2,-4,-4,73,25
3,3,0,-1,-1,-16,-92,-23
4,-1,-1,0,-2,-5,-3,6
-20,-2,0,1,-1,6,-2,-26
16,0,-7,-3,-1,-1,1,-8
-4,-3,-4,0,-2,-3,-1,-31
15,-2,-6,-5,-3,5,15,17
39,0,0,0,-1,-2,-12,-23
3,-2,2,-2,-1,9,-12,10
1,-1,0,0,-2,-4,17,-3
-30,-3,2,0,-1,-12,-61,-31
11,-2,-2,-1,1,19,68,31
6,-5,-2,1,1,2,-8,-8
-2,-3,0,-2,-1,7,0,5
-20,-1,0,-3,-3,-5,-8,10
13,-1,-2,-1,-3,6,7,27
-29,-4,1,3,2,-2,-70,-77
8,1,0,1,2,15,41,61
2,1,1,1,2,-2,11,8
-9,1,-2,-4,-3,-19,-13,9
8,-4,-6,-4,0,17,8,-9
-13,-2,-1,0,-4,-15,-9,-14
25,-1,0,2,-1,-3,-5,-24
-17,-2,-1,-3,-3,10,0,-6
6,4,4,1,-2,-1,13,43
2,-2,-1,-3,-3,-4,-5,-30
-3,0,-1,-1,2,5,22,7
-22,-3,-3,-2,-2,-14,-36,-44
14,1,-1,-1,-2,-7,14,83
-4,0,0,0,0,-7,-22,-14
-12,-2,0,0,0,22,27,-9
15,3,-1,-1,0,-3,-8,19
-11,1,-2,0,-1,2,-1,-9
-2,-2,-2,0,-1,4,3,-5
-8,-2,1,-2,0,6,13,20
-5,-6,-5,-5,-4,-15,-55,10
34,16,10,5,4,8,84,-33
-15,-9,-7,-3,0,-5,-4,-13
7,-6,-5,-5,-3,-10,12,30
-25,1,6,2,-2,1,-5,-32
16,-2,-6,-3,-3,-4,-6,66
-9,-1,1,0,-2,1,7,-14
5,1,1,-2,-3,-8,3,6
7,3,1,0,-3,-11,-16,22
-46,-10,-4,-4,-3,11,-19,-27
36,3,0,0,-2,-12,25,54
-25,-4,1,1,3,20,-4,-5
-9,-5,-4,-3,0,-1,49,5
12,2,2,0,-4,-23,-64,-58
-14,-7,-7,-7,-3,3,0,22
-3,2,0,2,-3,-19,-40,-1
1,2,1,-1,-1,17,50,32
18,0,-2,1,1,3,3,-20
-11,-2,-1,-2,-3,-14,-28,-23
-9,-4,0,-2,-4,-15,-4,-17
14,0,-2,0,2,5,-18,-21
-34,-10,-3,-3,-2,-2,42,-1
14,4,1,0,1,5,-14,-34
-7,-1,-3,-2,-3,1,8,4
26,1,-2,-2,1,1,-6,10
-28,-5,4,3,1,1,-22,-12
5,-3,-2,-2,-1,1,12,10
-13,1,2,-1,-3,-12,13,-42
23,-2,-11,-6,-2,-3,-7,53
16,2,0,1,-2,-7,-1,52
-31,-4,0,0,-2,-1,26,-16
32,2,1,1,4,13,-63,12
-1,-5,-2,-3,-1,-8,-1,44
-38,-4,1,0,0,4,6,-16
53,1,0,0,1,3,-13,20
-17,3,3,2,0,1,15,-91
-4,0,1,4,0,-4,2,75
18,-1,-5,-4,0,6,-24,7
-20,-1,0,0,0,21,39,-30
-3,-2,-3,-1,-2,-7,-1,-52
6,0,-1,-1,2,2,-3,-20
-24,-6,-4,-2,-2,-9,-7,-2
6,6,1,-3,-1,-1,-16,-10
9,-2,-2,-1,-2,4,11,20
-22,-2,-1,0,-2,-8,4,-61
20,9,10,5,0,-5,4,53
-15,-10,-10,-6,-1,-7,-18,-27
-3,-9,-11,-4,0,6,6,25
-29,-7,1,1,-1,-9,18,-14
41,3,-2,-2,-2,6,-61,-8
16,5,0,1,-3,-2,2,14
-11,0,-1,-1,-3,-16,9,13
14,2,0,0,-1,7,-7,0
-4,-2,-5,-4,-3,-2,20,-39
-59,-6,1,2,1,0,-12,-3
38,1,0,1,0,-1,-10,32
2,0,0,-2,-2,6,6,10
-25,-7,-2,-2,-1,-4,-4,-19
21,3,-2,-4,-5,-3,4,7
-24,1,4,3,3,3,10,-26
-7,-4,-3,-2,-3,-6,-48,-11
-2,1,-3,-1,3,5,41,33
21,-1,0,1,-2,2,3,20
-9,-1,4,1,-3,2,6,0
24,0,-2,0,1,8,-7,-40
28,6,-2,-3,2,1,-7,56
-22,-8,-1,-1,-4,-3,-6,-22
13,4,3,3,-1,0,3,31
-44,-4,-3,-3,-1,-4,5,-20
30,0,-1,-2,-4,-9,15,-25
5,-1,0,-1,1,-1,4,2
-4,-7,-1,-3,1,2,-17,12
0,0,0,0,-3,-3,9,-8
-20,-2,-4,-2,0,-1,-3,-47
-16,3,0,0,1,0,-11,5
16,-2,-3,-3,1,8,28,53
23,2,3,2,1,1,4,-5
-10,-8,-3,-2,-4,-11,2,-31
-32,-2,0,0,3,-5,-33,-25
-1,-1,-4,-6,-3,9,4,-47
1,1,1,-1,0,9,4,22
-18,-6,-2,-5,-11,-10,31,15
-22,1,0,-1,-2,-6,-88,-71
30,6,2,2,2,-5,55,17
-7,-3,-1,-2,-2,0,15,-2
10,-2,0,2,-1,-11,-30,-1
-6,-4,-1,-2,-3,11,30,21
5,0,-3,-3,-3,-5,-20,-7
-1,-1,0,-1,0,-5,-14,-1
-19,-5,0,-1,0,3,-3,-21
45,2,0,0,-1,-6,26,72
-10,-2,-3,1,-2,-1,-23,-7
4,1,-2,1,0,-6,13,8
-27,-1,1,1,1,2,-11,-14
10,2,2,1,-1,-6,-1,4
-10,-3,0,-2,-2,4,6,-18
10,-1,0,0,0,-4,-20,17
-18,0,-3,-4,0,12,11,-54
43,3,1,2,1,0,48,2
-22,-3,-1,0,1,6,-61,12
7,2,-1,1,1,4,-1,-29
7,-1,-1,-3,-1,1,0,53
-15,-2,-1,-2,-6,-15,-8,-56
3,0,-1,-4,2,16,16,-25
4,0,0,0,-1,-4,6,10
0,0,-1,0,0,-5,-20,1
-35,-8,-8,-6,-5,-9,22,9
5,-2,-1,-3,-2,-13,-40,30
12,2,-1,-2,1,15,30,2
-25,-2,0,0,-1,0,9,-36
-7,3,1,-1,0,0,-7,0
-12,-6,-4,-3,-4,-13,-26,-12
-8,-1,1,-1,-1,-6,21,6
14,-4,-3,0,-1,-4,-5,30
-42,-8,-3,0,0,5,-2,-19
58,5,3,1,-3,11,29,44
4,-2,-4,0,-1,-12,-21,-19
-6,-5,-3,0,-2,-2,0,-10
-23,-6,-3,-2,3,3,-16,-18
17,4,1,1,-4,-14,47,53
-20,-2,-1,1,4,10,-7,19
8,3,1,-1,0,2,-6,-35
19,2,0,-1,0,0,10,23
-53,-9,-3,-1,-2,-14,-12,-24
43,3,4,1,-3,0,-4,-3
0,0,-3,-3,-1,-3,-4,5
22,1,1,-4,-2,-1,-16,0
-1,-2,-2,0,1,10,13,-41
-16,0,-1,-1,-3,-1,-15,8
25,4,3,3,1,-7,-31,34
7,-5,-3,-1,-1,34,67,10
-28,-7,-3,-1,2,-15,-37,-14
8,-4,2,-2,-4,-2,7,2
-7,2,0,-2,-2,6,42,-25
6,1,-2,0,-2,-20,-54,6
-4,0,-4,-2,-2,-7,-3,-32
-35,-3,-1,0,0,8,6,22
2,-2,-1,-2,-4,-17,4,-2
1,-1,0,1,6,20,4,32
-4,-1,-5,-3,1,1,19,-32
-11,-5,-3,-1,-1,-12,-19,-19
-22,-8,-4,-3,0,3,-15,-3
41,6,3,1,-2,-17,8,-69
10,0,0,-1,-1,4,-2,48
3,2,-3,-5,-5,-2,3,16
-9,0,5,6,1,1,-19,-26
-7,-1,-3,4,0,-9,19,-2
2,0,-1,-2,-3,-2,10,18
-5,-3,-1,-1,-2,-6,-5,-28
-16,-3,-3,-6,-1,-6,-4,-13
2,-1,-5,-4,-4,-12,11,40
5,2,-1,-5,-4,-21,-8,-27
15,0,-2,-1,0,2,2,9
18,2,0,-3,-4,-3,-11,5
-14,-5,-4,-5,0,13,6,-50
2,2,4,0,1,2,6,36
-4,-2,1,-1,0,-3,-9,-27
-11,-1,0,-2,-1,1,16,6
51,1,2,-1,-5,-13,-19,10
3,-2,-3,0,-1,7,-2,-14
-20,-4,0,1,0,2,-11,-12
16,7,-1,-1,0,-8,6,0
-11,0,-2,-2,1,6,-24,20
-27,0,2,1,-2,2,24,-11
20,-1,-10,-6,-1,-4,14,10
0,-9,-5,-2,-5,-14,11,36
21,2,0,1,2,7,-60,-18
5,-2,-2,-1,2,1,-1,-14
-33,-5,-3,-3,-5,-6,-14,-30
33,3,3,2,3,6,7,27
-22,-4,1,0,-5,-7,8,-25
-8,-4,-7,-3,-2,3,-9,-13
13,6,5,3,-1,-3,-10,15
-21,-5,-7,-4,1,9,-13,-22
-13,-6,-1,-2,-2,-12,43,34
-4,-2,-1,-1,-4,-4,-21,-7
16,3,2,1,-5,-13,16,28
2,2,-1,-1,4,34,0,-23
-5,2,-1,-2,-2,3,23,15
4,-6,-1,0,1,-3,-11,6
-9,0,1,-2,-1,-17,4,-23
16,-1,-1,1,-1,-4,-8,-9
0,-1,3,3,-1,-3,-14,46
12,-3,-8,-6,-2,2,57,-24
-12,-1,-1,0,0,-7,-48,41
-11,1,0,3,-1,-8,-2,-26
-17,0,0,-3,-1,-1,-4,-33
17,1,0,0,-3,-4,9,33
-16,-6,-2,2,0,7,1,-21
-7,-3,0,2,0,-1,2,13
-33,-6,-4,-1,-1,-7,-9,-34
-9,1,1,6,0,7,-18,-10
27,-3,-9,-2,-3,-2,3,-11
21,2,0,-2,3,18,5,37
-2,2,-1,-2,1,-4,4,-35
-32,-1,1,-4,1,0,-8,28
7,0,1,-3,-3,-1,-42,-33
-14,-4,0,-3,-5,3,52,2
30,5,-1,-3,0,8,12,84
-10,1,1,-1,-2,-8,-26,-31
-16,-1,0,1,4,23,-4,-4
-3,1,-2,-1,-3,-17,-20,2
-47,-5,0,2,0,-1,-4,-33
-1,-5,-3,-2,-1,0,-15,-9
51,0,-2,0,0,2,33,31
5,2,-2,-4,-5,-5,-13,0
-14,-5,-4,1,-1,1,-9,-8
12,-1,-1,-2,-2,-1,11,-7
-39,-5,-3,-2,-1,-1,6,-17
27,1,0,-1,-3,-18,-9,3
40,7,4,3,8,18,14,35
-12,-5,-1,-2,-2,0,-5,-10
-17,0,-1,-2,-3,3,12,-3
-11,1,2,4,0,-7,-24,-56
10,-6,-9,-4,-2,-4,9,94
-6,0,2,-1,-1,-1,-12,-15
23,1,-1,-2,1,-24,-4,2
-25,-5,-1,-1,-3,23,19,21
-11,-5,0,-1,-2,-10,-36,-69
22,6,-4,-2,-4,16,83,2
-11,0,0,0,-1,-25,-73,-14
-5,2,3,0,1,-8,9,9
7,-2,-4,-2,-1,-4,4,1
-27,-5,-1,0,-2,-4,-21,12
-14,-4,-2,-1,-1,12,27,-19
5,-1,-2,1,-2,-10,-3,15
8,2,0,-1,0,11,8,-14
-17,-2,-2,1,-1,-12,-26,-61
21,6,2,0,1,14,28,78
-24,-7,-1,-1,0,1,-12,-12
-6,-8,-7,-7,-10,-14,-11,15
-2,-1,-5,-3,-1,1,-6,10
-11,0,-1,-2,-2,2,7,-39
-5,-2,1,0,-3,-16,-19,5
36,6,2,3,-1,11,5,-5
-22,-2,1,2,1,1,-5,61
11,-1,0,1,-4,-9,16,10
-4,-4,-3,0,1,-5,-19,-52
-2,-4,-3,-4,-4,-2,35,11
-12,0,2,-1,3,3,-24,-42
-10,1,-2,-2,-1,4,1,1
-4,-4,-6,-7,-4,-5,-9,-7
-4,2,1,-3,-6,-10,4,-7
7,0,4,2,7,5,-9,-6
8,-4,0,-1,-1,5,13,69
-9,-3,-5,-4,-1,3,8,-10
-24,0,0,2,-1,7,-43,-55
32,4,0,0,-2,-18,3,30
1,-1,-1,2,2,22,15,-1
-1,-5,-5,-4,1,4,7,16
-49,-5,2,0,-1,-14,1,-15
22,-1,-7,-6,-4,-2,-16,-17
-10,1,0,1,-1,-10,-13,-29
15,3,1,-2,-1,12,22,16
-5,-2,-3,-1,-2,-3,27,7
9,3,2,1,-3,-5,-41,-21
-11,-7,-5,-5,-3,-1,9,12
-3,-1,-3,-1,0,4,-5,-41
16,5,3,1,2,-5,-4,-4
-33,-11,-3,-2,-3,-5,14,-18
67,14,2,3,3,6,11,58
-6,-4,-2,-2,-1,-2,-12,-10
3,-4,-3,-2,0,1,2,14
-3,-4,-1,1,-4,3,7,-8
-32,-7,-2,-1,-1,-3,-13,-56
2,0,-2,-4,-7,-4,-16,42
6,2,0,1,3,15,11,13
-4,2,-2,-1,2,3,5,-33
20,2,6,1,0,0,2,-41
21,2,-5,-2,0,-3,5,16
-15,-7,-8,-6,-4,-20,-27,-19
-11,-1,0,1,5,24,-6,-2
12,-3,-2,0,0,1,5,-10
-4,0,7,2,-4,-13,-28,-23
-5,1,-2,0,3,15,6,-2
11,1,0,-1,-3,-2,25,64
17,2,1,-1,-2,-3,0,-53
-9,-3,-6,-3,0,-6,-17,1
47,3,0,-3,-6,1,3,59
9,3,3,1,-2,0,13,-41
-33,-4,-4,-3,-1,4,-8,-4
-7,-1,3,-1,-1,-13,-4,-17
-7,-2,0,2,-1,-2,-7,1
23,1,-1,-1,3,13,19,81
0,3,-2,-1,-3,-9,-16,-20
2,-3,-1,1,3,10,23,10
-12,-3,0,-1,-2,-12,-17,-39
-3,0,-1,-3,-4,-7,-12,-25
8,-5,-3,-3,-4,-6,-3,7
-5,0,0,1,-2,6,8,9
13,1,3,4,8,29,1,20
4,-1,-3,1,-2,-11,10,-4
-21,-8,-7,-4,-1,-2,1,-6
1,3,2,1,4,0,-21,-3
21,3,0,0,-1,-1,48,17
-11,-2,-2,-3,1,-8,-6,-17
-4,0,-3,-2,-1,1,3,73
-28,-2,0,-1,-3,-4,-3,-38
-5,-1,1,-2,1,15,3,-4
10,4,1,-1,-5,1,-10,5
-40,-7,0,-1,-3,-13,2,-19
25,2,-1,0,4,6,11,10
-6,-3,-2,-3,-2,-17,-16,5
-6,-6,-2,-2,-5,-4,-10,-14
-3,-4,-5,-3,-5,-1,-6,-12
-1,-3,-2,0,-2,3,11,18
-10,2,0,0,-4,-9,-31,-37
4,-1,-2,-3,-2,-12,74,4
-2,3,0,0,2,-7,-84,23
1,2,1,3,3,13,42,42
8,-5,-3,-2,-1,-5,-2,2
13,3,-1,-3,-2,-3,-19,36
-37,-3,-2,0,4,2,29,-15
22,3,1,-1,-4,-2,-5,-14
2,-3,-5,-6,-6,-18,-19,0
7,-3,-1,-1,3,25,18,3
-5,0,0,0,-3,1,4,-28
-16,-3,-3,-1,-6,-11,0,16
-25,-4,1,3,2,3,5,-32
13,1,-1,-1,-3,-8,-19,14
16,2,0,-1,3,9,22,2
-19,-8,-3,-4,-4,-13,-18,-50
27,4,2,2,-3,-2,-1,21
-13,-4,-5,-1,-1,-2,-1,81
20,0,-4,-4,-2,2,3,-37
7,0,-3,-1,2,9,5,19
-45,-2,3,-1,-1,5,-22,-54
0,-4,-4,-1,3,6,16,-18
-1,-3,1,-1,-1,-1,-2,18
0,0,-2,-1,-1,0,14,-1
-32,-5,-6,-3,-1,-4,1,9
-24,2,2,3,-1,-8,-31,-42
4,1,-2,-3,-3,-14,23,-5
-4,1,4,1,1,6,7,11
25,1,-4,0,-6,-17,-35,-23
-5,-8,-4,-1,5,37,31,53
-14,-5,-1,-1,0,-9,0,-22
24,1,3,-1,0,-1,-5,27
-30,-4,-3,-4,-1,1,-1,-36
25,8,4,0,-3,-15,-25,-41
-14,-3,-2,-1,-1,1,-1,13
5,2,1,0,2,19,-15,18
-11,-6,-2,-4,-4,-13,25,-9
-11,-5,-2,1,0,-8,-6,4
44,7,4,0,-1,7,-1,15
2,-2,-3,-2,-4,-13,-3,-20
1,-1,-1,0,0,1,5,2
-19,-6,-5,-3,-6,-10,-27,-34
-3,-2,0,2,-1,6,16,22
-23,-4,-3,-2,-2,-8,-11,-10
27,2,1,-1,1,-6,-20,3
1,-1,2,0,-3,-8,6,5
-4,-2,0,-1,5,12,-13,-38
48,7,0,-2,-4,0,16,-4
-21,0,1,-1,-4,-2,-44,14
1,1,1,1,5,15,32,-18
-21,-7,-4,-4,-8,-19,-4,-28
-19,-7,-6,0,0,1,6,27
37,-1,-1,-1,-2,2,33,-15
9,-1,-1,0,3,-2,-82,-15
-12,-2,-1,-2,-4,6,3,-6
-8,4,2,0,2,0,-10,-15
8,1,-1,-1,-3,-2,23,58
-5,-6,-5,-3,-4,-4,23,1
-26,-3,1,1,-3,-1,-9,-8
26,6,3,2,1,-1,-8,5
-1,-4,-3,-1,3,-12,13,-4
-12,-2,-2,0,-2,-3,4,1
4,-2,-5,-3,-2,2,-4,18
-16,-5,-2,-1,-4,-6,4,12
-2,1,-1,-1,-1,0,-6,-59
-2,2,2,3,3,-2,6,13
1,3,0,0,-2,-5,-4,-16
-43,-7,-2,-3,-1,-2,6,24
25,4,1,0,1,6,1,6
-7,-5,-3,-3,-7,-8,-32,-30
18,3,3,1,-1,0,95,15
-41,-6,-4,-2,-6,-18,-79,-71
-6,-1,-6,-2,-1,7,7,39
2,-1,-1,-1,1,-12,-31,7
-10,-1,-2,-2,0,24,18,-4
12,1,-1,0,0,-12,5,-1
-9,3,5,1,1,17,17,11
-21,-1,1,-1,-2,-1,-10,-56
39,-1,0,1,0,-7,-17,56
-17,-4,0,1,1,1,0,-14
46,6,2,-2,0,0,-20,-22
-7,0,-1,-3,-3,-3,20,-7
-31,-1,-2,-2,-1,-4,-28,-46
21,-1,-2,-1,2,24,30,-2
-19,-7,-3,-4,-5,-13,46,23
-22,-3,-3,-3,-6,-12,-63,-27
-1,-2,-3,0,1,0,29,-9
19,-1,-5,-3,-2,-7,-1,15
-24,-7,-5,-2,-2,0,3,-29
17,5,1,-1,0,4,26,73
-21,-2,-3,-1,1,-6,-38,13
42,7,7,4,1,-5,6,-19
-30,-4,4,2,0,9,0,1
22,-4,-5,-3,-2,-4,8,8
-2,0,0,-2,-1,-10,-7,6
-10,-2,-3,-2,-3,-7,25,-36
-17,-2,-1,2,0,-3,-16,32
10,2,0,-2,-4,3,-7,-71
-11,-3,-1,0,1,2,-8,-31
16,-2,-3,-4,-3,6,-2,60
5,4,3,3,-2,-24,45,4
2,1,1,0,4,0,-32,10
-7,-4,-4,-3,-4,-6,-23,-12
-22,-2,0,1,0,-10,-18,-18
17,0,-2,-2,0,10,-1,1
-15,-2,-1,-1,-3,-10,9,39
-2,-2,-1,0,-1,-1,5,-43
46,1,-1,-3,-2,-4,-8,-6
29,2,0,2,2,8,-9,30
-3,0,-2,-2,-2,-13,33,28
-3,2,3,1,-1,5,-22,17
-39,-9,-6,-5,-3,2,9,-22
-7,0,-3,-1,1,0,-27,-22
15,2,5,2,-1,4,-9,35
10,0,-6,-4,0,9,25,23
14,0,2,2,2,8,13,4
-9,-3,-4,-4,-2,-11,-37,-33
2,-4,-3,-3,-5,0,86,87
-13,-3,1,0,-1,-10,-84,-40
