(0.08306885, 0.296264648, 0.739318848, 0.5988159)
(0.08306885, 0.296264648, 0.739318848, 0.5988159)
(0.08026123, 0.2927246, 0.740905762, 0.598999)
(0.07733154, 0.289123535, 0.7428589, 0.5987549)
(0.07733154, 0.289123535, 0.7428589, 0.5987549)
(0.0746459961, 0.2861328, 0.744689941, 0.598205566)
(0.0746459961, 0.2861328, 0.744689941, 0.598205566)
(0.07244873, 0.284118652, 0.7459717, 0.597839355)
(0.07244873, 0.284118652, 0.7459717, 0.597839355)
(0.07171631, 0.282897949, 0.746459961, 0.5979004)
(0.07232666, 0.28302002, 0.7463379, 0.5979004)
(0.07232666, 0.28302002, 0.7463379, 0.5979004)
(0.07385254, 0.2845459, 0.7459717, 0.597473145)
(0.07385254, 0.2845459, 0.7459717, 0.597473145)
(0.0758667, 0.2874756, 0.745239258, 0.5967407)
(0.0758667, 0.2874756, 0.745239258, 0.5967407)
(0.078125, 0.291259766, 0.7440796, 0.596069336)
(0.078125, 0.291259766, 0.7440796, 0.596069336)
(0.08050537, 0.2949829, 0.7428589, 0.595459)
(0.08282471, 0.298400879, 0.7415161, 0.5951538)
(0.08282471, 0.298400879, 0.7415161, 0.5951538)
(0.08532715, 0.302001953, 0.739990234, 0.5947876)
(0.08532715, 0.302001953, 0.739990234, 0.5947876)
(0.087890625, 0.305847168, 0.738647461, 0.594177246)
(0.087890625, 0.305847168, 0.738647461, 0.594177246)
(0.09051514, 0.3106079, 0.7371216, 0.593139648)
(0.09051514, 0.3106079, 0.7371216, 0.593139648)
(0.09326172, 0.315856934, 0.735351563, 0.5922241)
(0.09326172, 0.315856934, 0.735351563, 0.5922241)
(0.0972290039, 0.322937, 0.732543945, 0.5911865)
(0.101989746, 0.331542969, 0.7289429, 0.5900879)
(0.101989746, 0.331542969, 0.7289429, 0.5900879)
(0.1083374, 0.342224121, 0.724365234, 0.588501)
(0.1083374, 0.342224121, 0.724365234, 0.588501)
(0.116027832, 0.35534668, 0.718994141, 0.5858154)
(0.123413086, 0.369689941, 0.713439941, 0.582214355)
(0.123413086, 0.369689941, 0.713439941, 0.582214355)
(0.129638672, 0.383911133, 0.707702637, 0.5786743)
(0.129638672, 0.383911133, 0.707702637, 0.5786743)
(0.134765625, 0.397644043, 0.702148438, 0.5749512)
(0.134765625, 0.397644043, 0.702148438, 0.5749512)
(0.139099121, 0.4100952, 0.697937, 0.5703125)
(0.139099121, 0.4100952, 0.697937, 0.5703125)
(0.141967773, 0.4210205, 0.6948242, 0.565368652)
(0.141967773, 0.4210205, 0.6948242, 0.565368652)
(0.14440918, 0.430603027, 0.6921387, 0.560852051)
(0.145812988, 0.43927002, 0.6893921, 0.5571289)
(0.145812988, 0.43927002, 0.6893921, 0.5571289)
(0.14666748, 0.447692871, 0.687438965, 0.5526123)
(0.14666748, 0.447692871, 0.687438965, 0.5526123)
(0.14666748, 0.447692871, 0.687438965, 0.5526123)
(0.148010254, 0.45526123, 0.685852051, 0.548034668)
(0.151306152, 0.462463379, 0.6837158, 0.5437012)
(0.154968262, 0.468505859, 0.68182373, 0.539855957)
(0.154968262, 0.468505859, 0.68182373, 0.539855957)
(0.158447266, 0.47442627, 0.679626465, 0.536499)
(0.158447266, 0.47442627, 0.679626465, 0.536499)
(0.160339355, 0.479370117, 0.678039551, 0.5335083)
(0.160339355, 0.479370117, 0.678039551, 0.5335083)
(0.163513184, 0.483886719, 0.6763916, 0.5305786)
(0.163513184, 0.483886719, 0.6763916, 0.5305786)
(0.166259766, 0.4866333, 0.675109863, 0.5288696)
(0.16796875, 0.48828125, 0.675231934, 0.526672363)
(0.16796875, 0.48828125, 0.675231934, 0.526672363)
(0.16998291, 0.491027832, 0.6746826, 0.5241089)
(0.16998291, 0.491027832, 0.6746826, 0.5241089)
(0.172424316, 0.49420166, 0.6729126, 0.522583)
(0.172424316, 0.49420166, 0.6729126, 0.522583)
(0.1749878, 0.496582031, 0.6715088, 0.52130127)
(0.1749878, 0.496582031, 0.6715088, 0.52130127)
(0.177185059, 0.498352051, 0.6705322, 0.5201416)
(0.177185059, 0.498352051, 0.6705322, 0.5201416)
(0.179443359, 0.5001831, 0.669372559, 0.519042969)
(0.1821289, 0.50213623, 0.6680908, 0.517944336)
(0.1821289, 0.50213623, 0.6680908, 0.517944336)
(0.184448242, 0.5036011, 0.666931152, 0.5171509)
(0.184448242, 0.5036011, 0.666931152, 0.5171509)
(0.185913086, 0.5046387, 0.6659546, 0.5168457)
(0.186950684, 0.5053711, 0.665344238, 0.516601563)
(0.186950684, 0.5053711, 0.665344238, 0.516601563)
(0.188110352, 0.5064697, 0.664306641, 0.516418457)
(0.188110352, 0.5064697, 0.664306641, 0.516418457)
(0.188110352, 0.5064697, 0.664306641, 0.516418457)
(0.191711426, 0.50982666, 0.661499, 0.515380859)
(0.191711426, 0.50982666, 0.661499, 0.515380859)
(0.191711426, 0.50982666, 0.661499, 0.515380859)
(0.193359375, 0.5111084, 0.660522461, 0.5147095)
(0.193359375, 0.5111084, 0.660522461, 0.5147095)
(0.194580078, 0.5126343, 0.6590576, 0.514648438)
(0.196472168, 0.5144043, 0.657409668, 0.5142822)
(0.196472168, 0.5144043, 0.657409668, 0.5142822)
(0.1986084, 0.5155029, 0.6563721, 0.5136719)
(0.1986084, 0.5155029, 0.6563721, 0.5136719)
(0.2008667, 0.516784668, 0.6555176, 0.512573242)
(0.2008667, 0.516784668, 0.6555176, 0.512573242)
(0.203369141, 0.518127441, 0.6547241, 0.511352539)
(0.203369141, 0.518127441, 0.6547241, 0.511352539)
(0.205993652, 0.520080566, 0.6532593, 0.510131836)
(0.208618164, 0.5219116, 0.6513672, 0.5095825)
(0.208618164, 0.5219116, 0.6513672, 0.5095825)
(0.211486816, 0.523681641, 0.649536133, 0.508972168)
(0.211486816, 0.523681641, 0.649536133, 0.508972168)
(0.214599609, 0.525085449, 0.648010254, 0.5081787)
(0.214599609, 0.525085449, 0.648010254, 0.5081787)
(0.217773438, 0.526489258, 0.6466675, 0.5070801)
(0.220581055, 0.528015137, 0.6449585, 0.5064087)
(0.220581055, 0.528015137, 0.6449585, 0.5064087)
(0.22265625, 0.5288086, 0.6437988, 0.5062256)
(0.22265625, 0.5288086, 0.6437988, 0.5062256)
(0.224182129, 0.5288696, 0.6433716, 0.5059204)
(0.224182129, 0.5288696, 0.6433716, 0.5059204)
(0.225708008, 0.52923584, 0.6427002, 0.5057373)
(0.225708008, 0.52923584, 0.6427002, 0.5057373)
(0.227661133, 0.5299072, 0.641906738, 0.505188)
(0.227661133, 0.5299072, 0.641906738, 0.505188)
(0.228942871, 0.5303955, 0.641418457, 0.504760742)
(0.229064941, 0.531005859, 0.6411743, 0.5043335)
(0.229064941, 0.531005859, 0.6411743, 0.5043335)
(0.229064941, 0.531005859, 0.6415405, 0.5038452)
(0.229064941, 0.531005859, 0.6415405, 0.5038452)
(0.229431152, 0.531494141, 0.641235352, 0.503540039)
(0.230407715, 0.5322876, 0.640686035, 0.5029297)
(0.230407715, 0.5322876, 0.640686035, 0.5029297)
(0.231201172, 0.532959, 0.6401367, 0.5025635)
(0.231201172, 0.532959, 0.6401367, 0.5025635)
(0.2319336, 0.5332031, 0.6397705, 0.5024414)
(0.2319336, 0.5332031, 0.6397705, 0.5024414)
(0.232849121, 0.532959, 0.6397705, 0.5022583)
(0.232849121, 0.532959, 0.6397705, 0.5022583)
(0.233886719, 0.5328369, 0.6397095, 0.50201416)
(0.233886719, 0.5328369, 0.6397095, 0.50201416)
(0.235168457, 0.5331421, 0.639343262, 0.5015869)
(0.236022949, 0.5335083, 0.638977051, 0.5012207)
(0.236022949, 0.5335083, 0.638977051, 0.5012207)
(0.23638916, 0.5338745, 0.638793945, 0.5009155)
(0.23638916, 0.5338745, 0.638793945, 0.5009155)
(0.236877441, 0.533752441, 0.638977051, 0.5006714)
(0.236877441, 0.533752441, 0.638977051, 0.5006714)
(0.237304688, 0.5336914, 0.6390381, 0.5003052)
(0.237304688, 0.5336914, 0.6390381, 0.5003052)
(0.237915039, 0.5344238, 0.6383667, 0.5001831)
(0.238586426, 0.5352173, 0.6376953, 0.49987793)
(0.238586426, 0.5352173, 0.6376953, 0.49987793)
(0.238769531, 0.5357666, 0.637207031, 0.4998169)
(0.238769531, 0.5357666, 0.637207031, 0.4998169)
(0.238830566, 0.5357666, 0.637207031, 0.499755859)
(0.238830566, 0.5357666, 0.637207031, 0.499755859)
(0.238647461, 0.5355835, 0.6373291, 0.499938965)
(0.238525391, 0.5358887, 0.6369629, 0.5001831)
(0.238525391, 0.5358887, 0.6369629, 0.5001831)
(0.2387085, 0.5360718, 0.6365967, 0.500244141)
(0.2387085, 0.5360718, 0.6365967, 0.500244141)
(0.238769531, 0.5361328, 0.6365967, 0.5001831)
(0.238769531, 0.5361328, 0.6365967, 0.5001831)
(0.238769531, 0.5361328, 0.6365967, 0.5001831)
(0.238769531, 0.5361328, 0.6365967, 0.5001831)
(0.239013672, 0.5361328, 0.6366577, 0.5)
(0.239624023, 0.5360718, 0.6367798, 0.4996338)
(0.239624023, 0.5360718, 0.6367798, 0.4996338)
(0.24017334, 0.536010742, 0.636901855, 0.499267578)
(0.24017334, 0.536010742, 0.636901855, 0.499267578)
(0.240478516, 0.5363159, 0.63671875, 0.499023438)
(0.240478516, 0.5363159, 0.63671875, 0.499023438)
(0.240356445, 0.536499, 0.6364746, 0.4991455)
(0.240478516, 0.536560059, 0.6364746, 0.499084473)
(0.240478516, 0.536560059, 0.6364746, 0.499084473)
(0.240783691, 0.536499, 0.6364136, 0.499084473)
(0.240783691, 0.536499, 0.6364136, 0.499084473)
(0.241394043, 0.536438, 0.6362915, 0.4989624)
(0.241394043, 0.536438, 0.6362915, 0.4989624)
(0.242248535, 0.536376953, 0.636169434, 0.4987793)
(0.242248535, 0.536376953, 0.636169434, 0.4987793)
(0.242919922, 0.5359497, 0.636230469, 0.498840332)
(0.242919922, 0.5359497, 0.636230469, 0.498840332)
(0.243103027, 0.535644531, 0.6362915, 0.499023438)
(0.243103027, 0.535644531, 0.6362915, 0.499023438)
(0.243591309, 0.5354004, 0.6362915, 0.499023438)
(0.24395752, 0.53515625, 0.636352539, 0.499023438)
(0.24395752, 0.53515625, 0.636352539, 0.499023438)
(0.24432373, 0.5350952, 0.636230469, 0.499084473)
(0.24432373, 0.5350952, 0.636230469, 0.499084473)
(0.244567871, 0.534790039, 0.6364136, 0.499023438)
(0.244567871, 0.534790039, 0.6364136, 0.499023438)
(0.244750977, 0.534729, 0.636352539, 0.4991455)
(0.244934082, 0.534606934, 0.6361084, 0.499450684)
(0.244934082, 0.534606934, 0.6361084, 0.499450684)
(0.245178223, 0.5344238, 0.6359253, 0.499694824)
(0.245178223, 0.5344238, 0.6359253, 0.499694824)
(0.245117188, 0.5340576, 0.6361084, 0.499938965)
(0.245117188, 0.5340576, 0.6361084, 0.499938965)
(0.2453003, 0.5336914, 0.6361084, 0.500244141)
(0.2453003, 0.5336914, 0.6361084, 0.500244141)
(0.2456665, 0.5336304, 0.6361084, 0.5001831)
(0.245849609, 0.5338135, 0.6359863, 0.500061035)
(0.245849609, 0.5338135, 0.6359863, 0.500061035)
(0.245910645, 0.5338135, 0.6359253, 0.500061035)
(0.245910645, 0.5338135, 0.6359253, 0.500061035)
(0.245910645, 0.5338745, 0.635864258, 0.5)
(0.245910645, 0.5338745, 0.635864258, 0.5)
(0.246032715, 0.5336914, 0.6359253, 0.5001221)
(0.246032715, 0.5336914, 0.6359253, 0.5001221)
(0.246643066, 0.53338623, 0.635864258, 0.500244141)
(0.247314453, 0.5331421, 0.6357422, 0.5003052)
(0.247314453, 0.5331421, 0.6357422, 0.5003052)
(0.248046875, 0.532897949, 0.6356201, 0.5003662)
(0.248046875, 0.532897949, 0.6356201, 0.5003662)
(0.248413086, 0.5324707, 0.6357422, 0.5004883)
(0.248413086, 0.5324707, 0.6357422, 0.5004883)
(0.248413086, 0.5324707, 0.6357422, 0.5004883)
(0.248474121, 0.5325928, 0.6355591, 0.5005493)
(0.248474121, 0.5325928, 0.6355591, 0.5005493)
(0.248474121, 0.5326538, 0.635498047, 0.5005493)
(0.248474121, 0.5326538, 0.635498047, 0.5005493)
(0.248474121, 0.5326538, 0.635498047, 0.5005493)
(0.248657227, 0.5324707, 0.635498047, 0.500610352)
(0.248657227, 0.5326538, 0.6352539, 0.500793457)
(0.248657227, 0.5326538, 0.6352539, 0.500793457)
(0.248474121, 0.5328369, 0.63494873, 0.501098633)
(0.248474121, 0.5328369, 0.63494873, 0.501098633)
(0.24810791, 0.5328369, 0.63482666, 0.5014038)
(0.2477417, 0.5325928, 0.63482666, 0.5018921)
(0.2477417, 0.5325928, 0.63482666, 0.5018921)
(0.247375488, 0.5321655, 0.635009766, 0.5022583)
(0.247375488, 0.5321655, 0.635009766, 0.5022583)
(0.247375488, 0.5321655, 0.635009766, 0.5022583)
(0.247131348, 0.5317383, 0.6351929, 0.5025635)
(0.247192383, 0.5316162, 0.6351929, 0.5026245)
(0.247192383, 0.5316162, 0.6351929, 0.5026245)
(0.247253418, 0.5316162, 0.6352539, 0.5025635)
(0.247070313, 0.531677246, 0.6351929, 0.502685547)
(0.247070313, 0.531677246, 0.6351929, 0.502685547)
(0.246826172, 0.5317383, 0.635131836, 0.5028076)
(0.246826172, 0.5317383, 0.635131836, 0.5028076)
(0.2468872, 0.5317383, 0.635131836, 0.5028076)
(0.2468872, 0.5317383, 0.635131836, 0.5028076)
(0.247131348, 0.5315552, 0.635009766, 0.5029297)
(0.2475586, 0.531494141, 0.63482666, 0.5031128)
(0.2475586, 0.531494141, 0.63482666, 0.5031128)
(0.24786377, 0.531188965, 0.63482666, 0.503234863)
(0.24786377, 0.531188965, 0.63482666, 0.503234863)
(0.248046875, 0.5308838, 0.63494873, 0.5032959)
(0.248046875, 0.5308838, 0.63494873, 0.5032959)
(0.24822998, 0.5307007, 0.635131836, 0.503234863)
(0.24822998, 0.5307007, 0.635131836, 0.503234863)
(0.24822998, 0.5307007, 0.635131836, 0.503234863)
(0.248291016, 0.5307007, 0.635131836, 0.5031738)
(0.248291016, 0.5307007, 0.635131836, 0.5031738)
(0.248413086, 0.530822754, 0.6348877, 0.5032959)
(0.248413086, 0.530822754, 0.6348877, 0.5032959)
(0.248657227, 0.5307007, 0.6347656, 0.503417969)
(0.248657227, 0.5307007, 0.6347656, 0.503417969)
(0.249328613, 0.5305176, 0.6347656, 0.5032959)
(0.249694824, 0.5307007, 0.6345215, 0.5032959)
(0.249694824, 0.5307007, 0.6345215, 0.5032959)
(0.249755859, 0.5307007, 0.634460449, 0.503234863)
(0.249755859, 0.5307007, 0.634460449, 0.503234863)
(0.249755859, 0.5307007, 0.634460449, 0.5032959)
(0.249755859, 0.5307007, 0.634460449, 0.5032959)
(0.249694824, 0.5307007, 0.634460449, 0.503356934)
(0.249694824, 0.5307007, 0.634460449, 0.503356934)
(0.249755859, 0.5307007, 0.634277344, 0.503540039)
(0.249755859, 0.5307007, 0.634277344, 0.503540039)
(0.249938965, 0.5310669, 0.633667, 0.5037842)
(0.25012207, 0.531188965, 0.633422852, 0.50390625)
(0.25012207, 0.531188965, 0.633422852, 0.50390625)
(0.25012207, 0.531311035, 0.633239746, 0.5040283)
(0.25012207, 0.531311035, 0.633239746, 0.5040283)
(0.250061035, 0.531311035, 0.633056641, 0.504272461)
(0.250061035, 0.531311035, 0.633056641, 0.504272461)
(0.25, 0.5314331, 0.632873535, 0.504394531)
(0.25, 0.5314331, 0.632873535, 0.504394531)
(0.25012207, 0.531494141, 0.6326294, 0.504577637)
(0.2501831, 0.531494141, 0.6326294, 0.504577637)
(0.2501831, 0.531494141, 0.6326294, 0.504577637)
(0.250244141, 0.5313721, 0.632568359, 0.5046997)
(0.250244141, 0.5313721, 0.632568359, 0.5046997)
(0.25012207, 0.531311035, 0.6324463, 0.5050049)
(0.25012207, 0.531311035, 0.6324463, 0.5050049)
(0.249938965, 0.531188965, 0.632385254, 0.505310059)
(0.24987793, 0.5310669, 0.6324463, 0.5054321)
(0.24987793, 0.5310669, 0.6324463, 0.5054321)
(0.24987793, 0.5310669, 0.6324463, 0.5054321)
(0.24987793, 0.5310669, 0.6324463, 0.5054321)
(0.249938965, 0.5310669, 0.6324463, 0.5053711)
(0.249938965, 0.5310669, 0.6324463, 0.5053711)
(0.25012207, 0.531188965, 0.6325073, 0.5050659)
(0.25012207, 0.531188965, 0.6325073, 0.5050659)
(0.250061035, 0.5314331, 0.6324463, 0.504943848)
(0.250061035, 0.5314331, 0.6324463, 0.504943848)
(0.25012207, 0.5314331, 0.6324463, 0.5048828)
(0.2501831, 0.531494141, 0.6324463, 0.5048218)
(0.2501831, 0.531494141, 0.6324463, 0.5048218)
(0.250244141, 0.531494141, 0.6324463, 0.5048218)
(0.250244141, 0.531494141, 0.6324463, 0.5048218)
(0.2503662, 0.5314331, 0.6323242, 0.504943848)
(0.2503662, 0.5314331, 0.6323242, 0.504943848)
(0.250305176, 0.531311035, 0.632385254, 0.5050049)
(0.2501831, 0.531311035, 0.6322632, 0.505188)
(0.2501831, 0.531311035, 0.6322632, 0.505188)
(0.2501831, 0.531311035, 0.6322632, 0.505188)
(0.250244141, 0.5313721, 0.6320801, 0.5054321)
(0.250427246, 0.5313721, 0.6317749, 0.505615234)
(0.250427246, 0.5313721, 0.6317749, 0.505615234)
(0.2506714, 0.531188965, 0.6317749, 0.5057373)
(0.2506714, 0.531188965, 0.6317749, 0.5057373)
(0.250915527, 0.531188965, 0.6315918, 0.5058594)
(0.250915527, 0.531188965, 0.6315918, 0.5058594)
(0.2512207, 0.53125, 0.6312866, 0.505981445)
(0.251342773, 0.5313721, 0.631164551, 0.505981445)
(0.251342773, 0.5313721, 0.631164551, 0.505981445)
(0.251159668, 0.531311035, 0.631164551, 0.5061035)
(0.251159668, 0.531311035, 0.631164551, 0.5061035)
(0.250976563, 0.53125, 0.6311035, 0.5062866)
(0.250976563, 0.53125, 0.6311035, 0.5062866)
(0.251098633, 0.53125, 0.630981445, 0.5064697)
(0.251098633, 0.53125, 0.630981445, 0.5064697)
(0.251098633, 0.53125, 0.63067627, 0.506713867)
(0.251159668, 0.5311279, 0.630615234, 0.507019043)
(0.251159668, 0.5311279, 0.630615234, 0.507019043)
(0.2510376, 0.5307617, 0.63079834, 0.507202148)
(0.2510376, 0.5307617, 0.63079834, 0.507202148)
(0.2510376, 0.5307007, 0.63079834, 0.507202148)
(0.2510376, 0.5307007, 0.63079834, 0.507202148)
(0.251098633, 0.5307007, 0.63079834, 0.507202148)
(0.251098633, 0.5307617, 0.63079834, 0.5071411)
(0.251098633, 0.5307617, 0.63079834, 0.5071411)
(0.251159668, 0.5307007, 0.63079834, 0.5071411)
(0.251159668, 0.5307007, 0.63079834, 0.5071411)
(0.2512207, 0.5307617, 0.63079834, 0.5071411)
(0.2512207, 0.5307617, 0.63079834, 0.5071411)
(0.2512207, 0.5307617, 0.63079834, 0.5070801)
(0.2512207, 0.5307617, 0.63079834, 0.5070801)
(0.251159668, 0.5307617, 0.63067627, 0.5072632)
(0.251159668, 0.5307617, 0.63067627, 0.5072632)
(0.251281738, 0.530639648, 0.6307373, 0.5073242)
(0.251525879, 0.5305176, 0.63067627, 0.5073242)
(0.251525879, 0.5305176, 0.63067627, 0.5073242)
(0.251342773, 0.530456543, 0.63067627, 0.5075073)
(0.251342773, 0.530456543, 0.63067627, 0.5075073)
(0.2514038, 0.530456543, 0.63067627, 0.5074463)
(0.2514038, 0.530456543, 0.63067627, 0.5074463)
(0.2514038, 0.530456543, 0.63067627, 0.5074463)
(0.251464844, 0.530456543, 0.63067627, 0.5074463)
(0.251464844, 0.530456543, 0.63067627, 0.5074463)
(0.251525879, 0.530456543, 0.630615234, 0.5075073)
(0.251525879, 0.530456543, 0.630615234, 0.5075073)
(0.2514038, 0.530456543, 0.6304321, 0.507751465)
(0.2514038, 0.530456543, 0.6304321, 0.507751465)
(0.2512207, 0.530273438, 0.6305542, 0.5079346)
(0.2512207, 0.530273438, 0.6305542, 0.5079346)
(0.251159668, 0.529968262, 0.6307373, 0.508056641)
(0.2512207, 0.529968262, 0.6307373, 0.508056641)
(0.2512207, 0.529968262, 0.6307373, 0.508056641)
(0.251525879, 0.529785156, 0.63079834, 0.5079956)
(0.251525879, 0.529785156, 0.63079834, 0.5079956)
(0.251831055, 0.529602051, 0.6309204, 0.5079346)
(0.25201416, 0.5292969, 0.6311035, 0.507873535)
(0.25201416, 0.5292969, 0.6311035, 0.507873535)
(0.25213623, 0.52911377, 0.6312256, 0.507873535)
(0.25213623, 0.52911377, 0.6312256, 0.507873535)
(0.252319336, 0.529052734, 0.631164551, 0.507873535)
(0.252319336, 0.529052734, 0.631164551, 0.507873535)
(0.252502441, 0.529052734, 0.6310425, 0.5079346)
(0.252502441, 0.529052734, 0.6310425, 0.5079346)
(0.252502441, 0.5288696, 0.6312256, 0.5079346)
(0.252502441, 0.5288696, 0.6312256, 0.5079346)
(0.2524414, 0.5286865, 0.6314087, 0.5079346)
(0.252319336, 0.5286255, 0.6314697, 0.5079346)
(0.252319336, 0.5286255, 0.6314697, 0.5079346)
(0.252319336, 0.5288086, 0.6312866, 0.508056641)
(0.252319336, 0.5288086, 0.6312866, 0.508056641)
(0.252319336, 0.5288696, 0.6311035, 0.5081787)
(0.252319336, 0.5288696, 0.6311035, 0.5081787)
(0.252319336, 0.5288696, 0.6311035, 0.5081787)
(0.252319336, 0.5288696, 0.6311035, 0.5081787)
(0.252380371, 0.5286865, 0.631164551, 0.5081787)
(0.252380371, 0.5286865, 0.631164551, 0.5081787)
(0.2524414, 0.528747559, 0.631164551, 0.5081787)
(0.252563477, 0.5288696, 0.6309204, 0.5083008)
(0.252563477, 0.5288696, 0.6309204, 0.5083008)
(0.252380371, 0.528930664, 0.6307373, 0.5085449)
(0.252380371, 0.528930664, 0.6307373, 0.5085449)
(0.252319336, 0.529052734, 0.630615234, 0.508605957)
(0.25213623, 0.529052734, 0.6305542, 0.508728)
(0.25213623, 0.529052734, 0.6305542, 0.508728)
(0.252197266, 0.529052734, 0.630493164, 0.5088501)
(0.252197266, 0.529052734, 0.630493164, 0.5088501)
(0.2522583, 0.5289917, 0.6303711, 0.508972168)
(0.2522583, 0.5289917, 0.6303711, 0.508972168)
(0.2522583, 0.529052734, 0.630126953, 0.5092163)
(0.2522583, 0.529052734, 0.630126953, 0.5092163)
(0.2520752, 0.528930664, 0.6300659, 0.5095215)
(0.2520752, 0.528930664, 0.6300659, 0.5095215)
(0.2520752, 0.5288086, 0.6300049, 0.5097656)
(0.2520752, 0.5288086, 0.6300049, 0.5097656)
(0.2520752, 0.5288086, 0.6300049, 0.5097656)
(0.252319336, 0.5288086, 0.6298828, 0.5097656)
(0.252319336, 0.5288086, 0.6298828, 0.5097656)
(0.2526245, 0.528747559, 0.6296997, 0.5098877)
(0.2526245, 0.528747559, 0.6296997, 0.5098877)
(0.2529297, 0.528747559, 0.629455566, 0.510009766)
(0.2529297, 0.528747559, 0.629455566, 0.510009766)
(0.2532959, 0.5286255, 0.629455566, 0.510009766)
(0.2532959, 0.5286255, 0.629455566, 0.510009766)
(0.253601074, 0.528381348, 0.6295166, 0.50994873)
(0.253601074, 0.5283203, 0.629577637, 0.50994873)
(0.253601074, 0.5283203, 0.629577637, 0.50994873)
(0.2536621, 0.5283203, 0.629577637, 0.50994873)
(0.2536621, 0.5283203, 0.629577637, 0.50994873)
(0.25378418, 0.5282593, 0.629760742, 0.50982666)
(0.25378418, 0.5281372, 0.6298828, 0.5097046)
(0.25378418, 0.5281372, 0.6298828, 0.5097046)
(0.25378418, 0.5281372, 0.6298828, 0.5097046)
(0.2539673, 0.5280762, 0.629943848, 0.509643555)
(0.2539673, 0.5280762, 0.629943848, 0.509643555)
(0.2539673, 0.5280762, 0.629943848, 0.5095825)
(0.25402832, 0.5280762, 0.629943848, 0.5095825)
(0.25402832, 0.5280762, 0.629943848, 0.5095825)
(0.254089355, 0.5280762, 0.629943848, 0.5095215)
(0.254089355, 0.5280762, 0.629943848, 0.5095215)
(0.2541504, 0.5281372, 0.629943848, 0.509460449)
(0.2541504, 0.5281372, 0.629943848, 0.509460449)
(0.2543335, 0.527893066, 0.630188, 0.5093384)
(0.254394531, 0.527893066, 0.630188, 0.509277344)
(0.254394531, 0.527893066, 0.630188, 0.509277344)
(0.254394531, 0.527893066, 0.630188, 0.509277344)
(0.254394531, 0.527893066, 0.630188, 0.509277344)
(0.254455566, 0.527893066, 0.630188, 0.509277344)
(0.254455566, 0.527893066, 0.630188, 0.509277344)
(0.2545166, 0.527893066, 0.630188, 0.5092163)
(0.2545166, 0.527893066, 0.630188, 0.5092163)
(0.2545166, 0.527893066, 0.630249, 0.509094238)
(0.254577637, 0.5281372, 0.630126953, 0.5090332)
(0.254577637, 0.5281372, 0.630126953, 0.5090332)
(0.254760742, 0.528381348, 0.6300049, 0.5088501)
(0.254760742, 0.528381348, 0.6300049, 0.5088501)
(0.254821777, 0.5285034, 0.629943848, 0.508728)
(0.254821777, 0.5285034, 0.629943848, 0.508728)
(0.254821777, 0.5286255, 0.6298218, 0.508667)
(0.2548828, 0.5286865, 0.6298218, 0.508667)
(0.2548828, 0.5286865, 0.6298218, 0.508667)
(0.2548828, 0.5286865, 0.6298218, 0.508667)
(0.255065918, 0.5288086, 0.6296387, 0.508667)
(0.255249023, 0.528930664, 0.6295166, 0.508667)
(0.2553711, 0.5289917, 0.629394531, 0.508667)
(0.2553711, 0.5289917, 0.629394531, 0.508667)
(0.25567627, 0.5288086, 0.629455566, 0.508667)
(0.25567627, 0.5288086, 0.629455566, 0.508667)
