-3,-1,2,5,21,-4,-9,-9
5,3,0,-3,-8,-4,-5,-1
-4,0,-1,2,6,-2,-2,-5
3,0,-1,-4,-6,-2,-4,1
-4,-3,-1,0,-2,1,0,-5
-6,-4,-2,1,3,5,2,-14
-5,-2,0,0,-3,2,5,9
8,0,-2,0,4,-7,-5,5
4,-1,-4,-2,-3,-4,-2,3
-3,-3,-1,2,0,-1,2,-1
-4,-3,-2,-1,-3,-1,-4,-17
-2,0,0,0,-1,0,0,2
31,3,2,-4,-2,-2,3,41
1,3,0,4,2,4,7,2
17,2,-2,-9,-17,-2,-2,4
-12,-4,2,12,31,6,-2,-9
-10,-2,-6,-5,-5,-3,-3,-25
-2,-3,-3,-6,-9,-10,-9,10
-5,-2,-4,-4,-10,-2,-1,-9
-7,-1,-2,-1,5,2,3,-7
9,0,2,3,0,7,1,6
-4,-3,-3,-5,-7,-3,-8,-8
2,0,4,1,6,-8,-3,-2
-3,-6,-15,-7,-14,-8,-9,-8
-25,6,9,-2,4,0,3,-4
16,-2,-4,-2,-1,1,0,15
21,7,20,5,9,8,15,14
4,4,-4,3,-3,-3,0,7
-19,-10,-9,-4,-2,-6,-8,-38
-14,-5,-2,-3,-4,-2,-8,-37
-37,-6,-4,-2,0,-3,-6,-3
13,4,19,0,0,2,1,7
-22,-12,-42,-16,-6,-1,-4,-10
-20,-10,21,18,-2,-1,-5,-36
6,6,-1,4,4,-4,-7,-14
43,3,-16,0,-1,5,14,46
-3,4,30,3,-2,-1,-4,7
-58,-14,-36,-9,-1,-2,-4,-25
39,11,26,0,2,-3,2,52
12,-4,7,-3,-9,-6,-9,-23
-3,11,9,0,0,3,6,-14
56,9,-7,-3,-1,0,6,35
-14,-12,-7,-3,2,0,-6,-38
-92,-23,-42,-20,-10,-7,-12,-24
44,8,24,27,6,1,-4,-26
100,38,32,3,0,5,20,100
51,10,-42,-1,4,-1,-2,4
12,16,47,7,2,2,2,10
40,-4,-36,-5,0,1,2,-3
-122,-48,-13,-17,-13,-17,-35,-101
80,38,27,2,8,9,23,102
-15,22,-1,11,7,7,10,14
-100,-20,1,-27,-10,-5,3,43
-99,-64,-52,3,-4,-3,-8,-66
46,9,4,-4,2,4,3,8
-20,-3,46,16,0,-3,-10,-39
-78,-20,23,0,-5,-8,-16,-53
10,10,-12,-10,4,4,14,43
32,6,33,12,-4,-3,-8,-28
33,-19,-54,-10,-6,-3,2,-14
-16,-5,-43,-11,-5,-6,-7,34
-38,-11,56,10,4,3,6,5
-43,4,-6,-2,-5,-6,-7,-23
-61,-50,-74,-37,-18,-12,-21,-65
94,77,84,42,8,4,8,40
-74,4,-12,-7,-2,-4,-11,-41
30,37,29,6,6,5,7,48
-75,-10,13,-5,-2,1,-3,-23
-94,-65,-58,-31,-11,-11,-15,-57
106,65,21,4,4,8,25,125
-39,-18,-25,6,-7,-8,-13,-52
-105,-37,-36,-23,-7,-9,-28,-80
63,16,3,9,6,9,21,43
-82,-52,-41,-15,-3,-2,-8,-72
-2,-2,-13,-11,-6,-5,-11,-78
18,54,13,9,5,4,12,71
7,25,-1,-21,-14,-13,-17,-19
127,66,-49,12,5,6,21,95
-114,-44,-51,-12,-5,-5,-16,-98
76,59,112,38,11,11,30,95
-36,-23,-66,-3,0,-2,-5,-24
44,-1,-32,2,0,1,-1,-3
0,-10,32,-1,3,-1,-1,-4
55,-13,-39,2,1,1,2,13
93,42,98,24,13,12,24,57
-54,-60,-29,-11,-7,-2,-8,-25
-85,-32,-55,-21,-8,-6,-8,-14
43,-5,13,1,-6,-6,-3,-3
-19,-7,67,7,-4,-6,-7,-23
59,34,28,-2,-1,-3,-14,-41
-25,12,10,5,8,14,39,107
-80,-42,30,-16,-9,-10,-17,-69
-56,-43,-106,-10,3,3,7,-11
-62,33,64,3,0,1,-9,-46
-25,-70,-109,-17,-11,-8,-8,-4
-38,28,85,3,0,-3,-1,12
22,-15,-27,7,4,4,-3,-13
-51,2,67,6,-4,-8,-17,-71
-82,-22,18,5,1,-1,4,49
9,17,-62,1,6,10,23,53
-82,-51,-52,-10,-8,-9,-15,-53
82,29,16,-2,-4,-5,4,23
-46,-19,6,-14,-1,-7,-16,-60
108,22,9,27,5,3,4,44
-86,-13,2,-4,-2,2,5,6
29,35,-12,35,11,7,14,51
7,-4,9,-1,0,-2,-6,-34
-89,-50,-46,-20,-3,-5,-12,-57
58,24,73,13,2,5,12,53
19,-60,-34,-6,-2,2,11,30
127,42,30,9,1,-2,-4,-6
-58,-17,-30,7,2,3,2,-31
-97,-45,29,-29,-18,-20,-47,-128
91,17,-19,6,19,21,60,111
-89,-7,-17,-1,1,2,0,-21
-54,-9,84,10,-7,-9,-16,-67
102,32,-15,-11,-2,-2,2,7
-8,23,-40,3,2,-3,-19,-29
24,-7,24,2,-3,1,20,52
-47,-16,-70,-23,-11,-10,-13,-11
74,44,-20,-7,0,0,5,44
-21,-13,97,22,-8,-8,-16,-45
15,-6,-26,-13,0,-2,-11,-28
56,-33,-48,-12,-5,-3,-8,-9
80,18,26,9,-1,3,14,68
23,28,-50,-8,3,1,2,11
-107,-20,42,-4,-4,-1,-2,23
40,8,-1,-10,-2,0,-1,-31
3,-27,-44,-4,-4,-8,-15,-77
-55,1,-3,-28,-24,-16,-18,-36
-68,6,34,1,3,-4,-3,3
-43,20,-9,17,2,2,3,29
-42,3,-45,5,0,1,2,-2
17,-20,54,2,-11,-7,-15,-73
39,36,-99,-61,-5,-10,-18,-64
108,60,88,53,18,25,61,126
-28,44,-12,58,0,0,-2,-39
-116,-92,-69,-44,-19,-14,-20,-56
42,-2,1,3,-1,2,1,25
-2,44,-37,-49,2,-11,-34,-118
63,36,72,3,23,33,70,127
-93,-39,-81,-17,-3,-2,-3,59
-51,17,32,20,-3,-1,4,-1
-72,-41,1,-4,-10,-13,-29,-86
-36,-28,-45,-7,-1,-7,-15,4
53,3,-5,-18,1,0,1,-3
60,37,58,50,9,11,11,-3
33,15,-30,14,1,-1,-6,-7
-110,-22,-51,-50,-10,-13,-14,-10
0,-1,0,46,5,2,5,33
-23,-25,-31,-13,-4,-3,-14,-33
-91,-32,-10,-6,-5,-6,-10,-34
115,4,-28,-16,5,12,28,65
-25,28,71,-4,0,-3,-5,-31
-78,-32,36,6,-1,-1,-1,-31
-62,-9,-62,-16,1,3,0,-7
-66,-8,6,-18,-6,-2,5,32
-86,2,48,1,-1,-9,-16,-68
-68,2,-44,-7,4,11,30,55
43,-2,33,-4,4,9,22,123
-24,26,12,8,-2,-2,-11,-1
17,25,-41,-12,-1,-2,3,-2
-44,29,25,-6,-12,-11,-19,-51
42,-27,-23,-32,-5,-4,0,15
42,22,54,31,-4,-2,-6,1
85,19,84,26,7,8,9,38
60,15,-91,-16,-3,-6,-2,-17
78,53,102,-4,7,6,10,44
-5,-25,-39,-31,-1,-3,-9,-22
-69,-15,31,6,-4,1,-1,6
-8,-34,-57,6,-10,-8,-16,-3
-50,-44,25,35,12,9,24,23
-51,-13,-5,14,3,-4,-16,-83
-32,-4,-87,-27,-4,-7,-7,-19
38,-11,72,34,5,8,21,89
-110,-27,49,-3,-8,-9,-19,-63
-7,3,18,0,0,-3,-11,-61
-40,5,2,-9,-3,-2,3,37
37,54,-22,-3,13,12,5,6
-88,5,4,16,-10,-9,-11,-28
-43,-2,4,8,-2,0,0,-8
127,-27,20,9,9,8,8,10
-1,-51,4,-9,-9,-8,-12,-30
29,26,-94,5,-6,-1,1,15
-7,-20,-1,-5,-1,0,-2,9
-78,-25,-16,-21,-5,-4,-7,-34
30,15,56,45,10,3,13,42
10,-9,-32,-11,1,-3,-5,-46
-50,-31,11,4,-2,-1,7,72
12,5,-50,-13,1,3,5,-17
-83,-20,14,-9,-4,-1,-5,-23
18,10,-20,-16,-5,-3,-11,-28
-28,-2,13,3,2,0,-4,-52
-58,2,33,2,-3,-8,-5,-4
-55,66,-28,-15,-4,-3,-5,-17
-28,-1,-5,-6,4,-1,-7,5
-8,2,48,-1,3,6,15,49
-31,-11,-30,4,-10,-4,-13,-67
-26,-19,-7,-16,-3,-5,-7,-29
-75,-27,-19,-24,-5,-2,-3,3
56,-51,1,3,0,-1,-2,-8
-11,20,15,12,4,1,7,24
16,-27,-8,-5,5,3,3,-27
57,33,-13,2,-7,-5,8,65
-89,-27,-65,-34,-20,-19,-30,-78
68,5,43,14,0,-2,2,46
46,12,6,6,0,0,7,21
-20,-1,-13,-4,5,3,4,-8
-38,45,3,4,-3,1,-5,25
-9,-34,-23,-2,-3,-4,-9,-24
15,7,-21,-30,-1,1,-1,-29
-57,-7,-20,-26,-13,-11,-11,-14
50,63,26,20,-1,3,11,14
-47,7,14,-3,11,8,3,8
43,10,21,23,-10,-12,-16,0
0,-16,8,21,9,8,24,28
-50,-11,-40,-20,-3,-4,-9,-27
-38,9,-74,14,0,-1,-2,-34
63,37,99,16,4,1,5,34
29,67,83,9,3,1,-3,-8
23,-1,-38,9,13,14,25,63
-3,-7,18,-24,2,7,16,46
-60,-67,-16,14,-5,-6,-14,-43
-14,-27,-35,-7,-5,-3,-9,-41
-30,-9,34,15,4,0,4,20
8,-27,-12,4,-6,-7,-17,-43
-18,-43,-33,-15,-3,0,2,0
9,20,-3,-4,-4,-1,-4,31
34,-5,26,23,6,1,-2,-14
10,-5,-8,-22,-9,-8,-10,-36
21,44,19,13,-3,2,10,60
-26,-15,-11,21,5,4,5,13
55,-2,39,8,-3,-2,0,-25
-50,-13,-33,-22,-2,-1,-4,15
67,-12,17,17,7,7,16,71
3,-5,-8,2,-8,-6,-7,-15
-71,35,-2,-26,-7,-8,-8,-45
26,32,16,43,5,6,10,31
61,19,4,-5,3,1,-7,-16
48,-2,28,6,4,5,12,53
11,-7,60,12,-2,-5,-8,-10
95,22,-82,-23,-4,-1,-1,7
-128,-21,18,-7,4,2,0,-9
-16,25,35,8,-2,-1,-6,-26
-54,-73,-100,-23,-10,-10,-18,-56
76,31,23,-3,2,5,18,93
-91,-21,-2,-7,-9,-6,-6,-24
1,-26,-11,3,4,1,-6,-44
-20,9,33,8,-3,-4,-3,16
24,16,18,-5,2,3,-3,-15
-118,-79,-38,-7,-5,-8,-14,-45
63,50,39,9,-3,-2,-1,3
4,1,-21,4,-1,-1,-1,-13
-92,-67,-37,-13,-15,-13,-12,-36
73,39,57,11,11,12,16,56
93,21,-34,-3,1,-2,1,33
-34,-18,30,-1,0,3,2,-18
-45,6,-1,-4,-2,-1,3,23
83,25,-40,-11,-6,-7,-6,-16
-64,-55,-9,-12,-14,-15,-17,-41
2,10,-3,-5,4,6,8,13
-95,-21,43,-18,-7,-4,-10,-18
52,31,-6,-6,1,1,-4,-48
22,-5,-48,33,10,9,13,25
22,32,52,-11,-5,-2,-11,-31
48,-29,-33,11,6,3,13,38
-54,14,75,15,-2,-1,-5,-17
28,-8,-12,-18,-6,-5,-7,-27
-79,-57,-73,-11,-6,-2,1,18
-74,-4,3,4,1,2,-7,-34
44,21,-17,-6,-5,-3,-1,7
15,7,4,-11,0,1,6,26
-52,-28,-18,-14,-6,-2,-5,-17
71,30,16,9,2,3,4,18
-3,22,-42,-17,-4,-4,-12,-36
-93,-23,18,8,5,7,19,89
127,39,-22,-5,7,5,11,52
-33,11,16,5,-1,2,5,7
-9,-8,-36,0,-6,-4,-3,6
-94,-25,-18,-10,-2,-4,-17,-64
60,52,-7,-9,-3,0,3,29
-39,-17,48,18,2,-3,-1,-19
102,-10,-1,8,1,0,6,36
-55,-2,28,-11,-5,-1,-3,-22
-110,-50,-45,18,-4,-6,-9,-21
107,50,-14,-2,12,9,4,-21
-63,-14,-21,-18,0,0,-3,-18
78,-10,12,3,0,0,-3,-13
-47,-25,65,15,7,3,1,-5
-105,-6,-28,3,-9,-7,-8,-56
-26,-11,14,-11,0,3,8,80
-38,24,-97,-14,-5,0,5,9
-32,26,24,-14,-7,-10,-13,-28
-66,-15,-24,-20,-8,-7,-14,-39
-103,-48,-38,-1,-6,-3,-9,-44
127,20,8,-1,1,2,6,26
-29,24,-48,-8,-2,-2,-2,-6
-30,-65,19,-6,-7,-11,-17,-40
45,63,-27,-10,-1,0,7,-12
12,-18,3,-2,-5,-5,-13,-39
-28,-20,-24,9,0,1,2,20
51,38,33,-1,4,5,6,11
17,-45,-23,-11,-2,0,10,68
53,44,5,-16,-5,0,5,-3
6,-9,25,24,14,7,3,-26
-23,5,-10,2,-1,1,4,42
58,6,-41,16,1,0,-2,-8
19,-7,42,-6,-3,-5,-6,12
28,0,-2,-8,-9,-5,-9,-42
-19,-21,-50,0,-1,5,9,8
7,33,37,-2,-5,-2,-1,10
-98,-56,-37,2,1,-2,-3,-4
58,4,-26,-13,-1,-2,1,-18
-59,-39,13,10,-2,-8,-11,-35
-33,-14,4,11,7,1,3,39
-31,50,35,5,-6,-3,-3,-8
50,-36,-8,-2,0,1,1,4
98,9,2,-8,0,0,3,13
3,7,2,-1,2,-2,-11,-46
-2,-40,-32,-3,1,2,5,7
27,16,9,12,5,4,8,47
1,-47,16,2,3,3,6,19
-56,11,11,-7,-3,-6,-8,-21
-33,-39,-22,-9,-2,-5,-4,-15
80,17,-29,13,2,3,6,48
-66,-12,12,-4,3,4,1,-5
-46,-13,-8,-19,-12,-7,-11,-33
-32,3,18,0,-6,-6,-7,-14
-41,-22,-9,-2,-3,-5,-6,-11
91,35,-5,-9,-5,-5,7,18
-83,10,-64,-12,2,2,6,-5
117,11,-14,22,15,6,2,39
45,41,42,-31,-4,3,8,45
22,25,28,9,-6,-3,-8,-7
-55,-31,-9,-5,-5,-4,-5,-24
-30,14,-9,-6,-3,-2,-3,-12
-67,-6,-13,-10,-2,-5,-6,-29
-27,7,-2,0,2,1,3,19
104,-53,13,7,2,3,10,28
-102,31,7,-34,-10,-7,-27,-102
62,32,35,53,6,13,31,98
104,118,-52,-5,9,9,22,108
-61,-21,51,27,3,1,-5,-7
-37,-22,-19,-23,-4,-3,1,-15
-34,-10,2,6,-7,-9,-16,-54
-28,-32,-22,-5,-7,-7,-11,-29
-30,11,-7,-9,-8,-7,-15,-47
78,21,29,17,10,11,23,62
-19,4,-11,-17,-1,2,10,-22
-127,-58,-15,3,-7,-9,-23,-94
127,21,27,9,8,6,13,33
-68,-45,90,48,1,-5,-14,-17
-60,-1,38,8,3,0,-7,-14
38,-19,23,6,3,2,5,4
-58,12,-26,-11,-6,-7,-11,-22
-11,-22,-28,-6,-3,0,7,16
-26,-18,-17,-11,0,1,-1,4
-32,-1,19,1,-4,-5,-10,-14
-4,-4,4,-5,0,0,-1,-8
-6,3,-2,3,0,1,6,17
-2,38,-9,-12,-6,-6,-8,-20
-8,16,-2,-4,-3,-4,-4,-5
-50,-13,-21,-1,0,2,1,-5
-29,22,9,-1,1,1,7,31
17,-1,9,-8,-6,-8,-15,-26
-14,2,10,5,4,4,4,7
-31,-7,-27,-4,1,1,6,20
6,-9,-9,0,0,0,0,1
41,-1,-18,-10,-1,-2,-5,10
-37,0,0,-8,-1,0,-5,-18
46,9,0,0,-7,-4,-5,-13
-18,0,-25,-7,-5,-3,-1,0
-11,-8,42,0,4,-1,2,15
2,4,-2,-6,-2,2,1,-6
-43,-11,-11,0,-3,-2,-3,-15
52,-4,-1,-7,-3,-2,-2,0
-72,-20,-50,-8,-1,-1,-6,-32
16,34,15,-8,-3,-4,-1,17
26,41,20,-1,-4,-1,1,10
111,-36,-12,-8,-5,-3,-2,18
-10,64,-6,-4,-6,-6,-7,-16
75,64,9,6,4,1,1,1
5,-17,-18,-14,2,4,5,12
-41,12,-45,16,7,6,5,-6
41,-10,72,2,-5,-1,-5,-24
13,-8,-36,21,4,-2,3,21
-72,-20,51,1,2,-5,-7,-27
33,30,-9,2,-1,-1,-7,-35
-7,-49,-37,-16,-2,0,1,21
-121,5,8,9,-6,-6,-2,-4
37,-19,-19,9,0,-4,-9,-46
-56,-40,2,-20,-2,0,2,-5
-37,14,-13,2,-6,-3,-1,-1
6,-2,7,-2,2,4,1,-13
-45,-7,-64,9,-11,-10,-11,-20
26,22,18,0,-5,-5,-7,-13
-101,-31,-23,-11,-7,-5,-7,-16
3,-3,-2,-16,5,9,8,30
17,0,16,12,5,3,14,63
24,-21,3,-1,-1,-2,0,12
-10,-7,9,-4,-3,-2,-4,-37
-25,-25,-35,-7,2,-2,-3,-16
63,5,1,-6,1,5,5,20
-60,33,25,12,-3,-3,1,37
-26,-26,7,-9,-4,-4,-7,-24
52,10,9,-3,-4,-1,11,66
38,25,60,14,7,6,4,7
-45,-5,-82,-18,-2,-4,-10,-42
42,-13,2,13,-5,-5,-5,-8
45,-3,-18,-8,-3,0,2,3
-69,-20,-4,-3,-2,-4,-4,-16
70,7,28,-3,2,0,3,37
36,30,-33,4,6,8,5,7
51,-1,33,0,-7,-4,-7,-6
-16,-14,-41,-17,-4,-1,4,17
43,-14,-7,13,-1,-2,-7,-32
-11,18,3,4,4,1,2,18
-80,-55,-16,-13,-9,-4,-1,30
19,14,8,-26,-5,-4,2,41
6,9,14,9,4,3,-4,-18
7,-8,-15,8,7,6,11,32
-26,-12,9,6,2,0,-7,-33
-65,-32,19,-10,-12,-9,-16,-40
-39,-19,-16,-9,-6,-5,-3,-3
25,-18,12,-5,-4,-7,-6,-45
-12,3,-6,-4,3,1,0,-29
26,30,5,21,2,4,8,11
27,29,-12,-8,5,2,4,17
-21,20,1,-12,-3,0,2,-2
-32,-8,-17,-2,-7,-7,-6,0
37,26,32,27,4,0,-5,2
-97,-3,-12,3,-4,-1,1,-22
16,-8,6,1,-1,-2,2,32
42,-2,-5,8,7,4,0,-21
-8,5,34,3,2,4,5,7
22,-1,23,10,4,1,0,2
-105,6,-16,-9,0,-2,3,22
61,6,-16,0,1,2,8,35
-71,0,14,-6,-5,-5,-8,-11
-50,-32,12,0,4,5,12,32
91,60,7,-4,-4,-5,-9,-22
-20,13,3,18,2,2,8,35
24,-10,-13,11,4,-2,-5,-22
-12,-3,4,-18,-9,-5,-10,-21
74,-14,6,12,3,3,2,20
-16,-14,-31,-5,-2,0,-4,-11
-51,-13,26,12,-3,-5,-5,-36
3,7,21,2,-2,-2,1,14
-35,-5,14,12,3,3,0,12
31,14,26,-10,-1,-2,-7,-15
0,-15,-43,-18,-7,-3,-1,10
-36,-23,-39,-14,-9,-8,-15,-55
23,2,-1,2,0,0,7,37
-29,-45,26,-11,-6,-10,-12,-52
82,23,5,-1,6,5,3,-16
41,-9,-5,0,0,6,11,34
10,-25,-30,-4,-5,-3,-6,4
-100,-3,76,-3,-5,-7,-10,-63
58,-1,-18,-23,0,-1,1,22
4,5,18,21,-3,-7,-7,-3
51,-3,17,4,4,3,6,1
-3,13,-64,-9,1,2,2,3
1,32,16,-5,-1,-2,-5,-27
-93,-10,4,-7,-3,2,-1,1
-115,-2,-11,-14,-4,-3,-4,-15
3,-1,16,14,-1,-3,-5,3
-78,-20,-58,-17,-5,-3,-2,-8
-13,-2,23,3,4,1,3,-9
40,25,-41,14,-3,-2,-6,-40
7,24,37,6,-3,-3,0,7
-20,-15,-6,9,1,1,5,29
-10,8,-23,6,3,1,1,1
-40,-23,37,-8,1,0,0,-30
34,3,-36,1,-3,-2,-2,33
10,10,-9,-4,1,1,2,25
-57,-8,29,11,-3,-6,-11,-55
57,3,23,9,3,0,2,25
-46,-7,-27,3,-3,-3,-2,-6
10,-4,17,-15,-1,-5,-5,-29
23,-1,-19,-25,-8,-4,-1,12
68,17,32,9,4,4,9,43
26,14,22,-2,-4,-1,-3,-21
-25,-11,-29,-11,0,-1,-1,-1
35,11,5,-2,3,2,4,16
-58,-11,-8,-15,-5,-7,-15,-37
-31,-4,-2,4,-2,0,0,-53
55,10,12,18,4,4,12,88
-22,6,-2,-2,2,3,6,26
54,-17,-22,0,-3,-3,-9,-21
-45,0,-4,-15,0,-2,2,22
-41,-19,15,19,-1,-6,-9,-18
5,-11,1,-10,0,1,0,-11
-1,-35,-6,-5,2,3,4,28
27,15,15,1,-4,-1,-7,-19
-13,-16,-3,-9,-6,-3,-2,0
29,8,-18,3,-2,-8,-3,36
-8,9,-44,0,5,5,8,2
-57,-29,1,-13,-3,0,-2,5
3,2,21,-14,3,4,2,-4
33,-4,19,22,-1,-2,-8,-21
-35,-19,-26,-5,-1,-3,-3,-9
45,9,2,-1,1,-1,-1,0
50,9,2,-2,-8,-6,-6,-5
31,31,-15,-14,2,3,9,21
38,10,28,20,0,0,6,36
-14,-30,-10,5,0,-4,-7,-35
23,27,-2,0,-2,0,0,-35
24,21,-4,-2,-1,1,1,14
-1,-42,4,-3,3,3,2,-4
-22,18,-24,0,0,-4,3,44
17,-14,17,-1,0,-2,-4,-31
-36,-2,68,29,5,0,2,-1
-88,-5,2,-8,-4,-1,0,-5
73,12,6,-2,4,3,0,-5
39,7,-11,4,4,1,7,59
-18,-17,-33,-22,-10,-5,-7,-30
44,34,20,-5,-4,-5,-2,7
3,7,11,8,1,2,9,54
-15,14,-17,-4,-2,-2,-2,-16
-12,-26,-17,-19,-4,-5,-8,-21
5,-3,-27,-5,-5,-7,-5,-11
26,5,-12,6,-3,-1,-1,-1
4,7,-31,3,0,6,4,9
-2,-9,49,-9,-2,-2,-1,27
-89,-10,-14,0,0,-2,-5,-51
103,29,22,8,6,6,12,49
-63,-7,-14,-8,-4,-4,-8,-24
48,10,22,9,-2,-1,-6,-7
-49,15,-28,-2,-1,-4,-3,11
-33,-27,-7,-12,-1,-3,-6,-14
-67,-18,9,12,3,4,5,-5
58,13,3,0,-1,-3,5,33
17,-3,-29,-4,2,-1,-1,6
-44,-58,-17,-3,1,2,-3,2
17,31,17,-4,-2,-4,-8,-31
-2,46,13,6,3,3,3,-11
-17,20,43,2,2,2,11,34
-55,2,-13,19,0,0,-1,-18
-7,-7,-13,-1,-2,1,3,18
29,-3,-13,2,0,-5,-3,-23
25,3,32,3,-5,-1,-2,-9
-36,13,-3,-11,-1,1,-1,-6
43,1,-24,-6,-2,-4,-5,-8
45,27,38,29,8,2,1,4
-12,-23,-19,5,1,0,-6,-1
15,-7,4,8,-1,-4,-4,-23
-13,-4,23,14,3,1,4,35
-108,-30,-33,-19,-9,-9,-8,-15
-58,-26,-3,-10,-5,-2,0,18
72,-15,-8,-26,-4,-3,-1,27
-27,-3,6,5,-6,-3,-5,-33
-33,-6,-17,-3,-2,1,0,2
24,-28,-29,2,-3,-5,-10,-16
-87,20,30,-22,-7,-5,-5,-31
5,-19,-36,-8,1,1,3,33
-32,-20,-18,-6,-1,0,-1,-13
58,-7,7,6,1,1,4,19
-31,-34,-8,-11,-1,0,1,-2
25,15,-10,1,-6,-8,-21,-92
67,32,13,-12,6,7,27,96
-72,-11,15,10,-2,-2,-5,-34
53,14,2,11,6,5,-2,-31
-36,0,-1,-8,-3,4,2,19
41,5,-43,-5,-9,-6,-11,-24
37,1,-35,-2,-3,0,-4,-17
87,27,46,32,7,3,9,58
41,-14,-22,2,-3,-4,-7,-18
-2,-1,-2,0,2,0,-5,-16
4,24,-11,-5,-2,-1,4,13
16,13,-2,-7,-4,-2,-9,-44
-32,-33,-15,-3,3,-2,-1,4
24,-6,-1,10,-2,-1,1,6
17,-5,-3,-19,-1,-2,-7,-21
-82,-46,-37,-19,-3,0,2,-5
-3,2,32,10,-1,-1,0,-4
41,5,-31,-13,-9,-3,-4,16
-48,0,25,0,1,0,1,-21
8,8,36,31,6,3,5,7
-62,23,-4,-13,-2,1,-1,-33
21,0,34,3,1,3,3,24
-72,-17,-4,1,-1,-2,-6,-38
10,48,-23,-14,-7,-1,11,49
-38,16,21,2,-3,-6,-9,-44
-24,-31,-26,23,6,4,-1,-8
13,18,41,-3,-2,-3,-7,-8
-94,-28,-52,-18,-6,-8,-7,-10
50,-29,-2,-12,-2,-1,-2,23
-42,-5,0,11,-3,-1,-1,-21
-9,16,24,8,3,3,5,31
-15,4,-7,8,-3,-6,-12,-27
-32,-2,25,-15,-1,-1,8,42
16,-8,0,24,1,1,-6,-27
23,-7,-1,-11,-4,-2,2,35
29,14,16,6,1,3,6,-6
-40,13,-14,-7,-3,-1,0,-13
-26,-6,-20,-13,5,1,1,-34
41,58,19,7,-3,-5,-6,-12
17,-7,-14,-1,4,6,7,11
43,46,8,12,0,-2,1,17
-85,-31,-3,-16,-4,-3,-6,-20
78,21,-53,-28,0,2,5,20
-5,4,25,24,-3,-4,-4,-3
0,12,7,-3,-2,-1,1,-4
16,14,-5,-8,-3,-3,-3,-18
41,2,58,2,-4,-3,-1,12
21,14,-1,-10,2,2,10,38
17,-27,0,5,1,0,-1,-5
-95,-14,-16,-25,-10,-6,-8,-15
23,-2,-9,3,0,3,2,-6
10,-8,-2,-6,-5,-7,-15,-39
29,29,15,3,2,1,6,17
45,23,-4,3,3,1,7,44
12,-17,4,2,-2,-2,0,10
17,6,23,0,3,2,-3,1
-79,-27,-34,-11,-6,-3,-12,-21
65,7,-15,-17,2,1,9,52
10,-24,-18,20,4,0,2,0
-11,60,-66,-37,-11,-6,-7,-8
23,13,21,-1,3,3,6,10
-34,-10,18,-1,-2,-4,-8,-53
-22,3,-10,6,1,-1,1,15
44,1,6,0,2,2,0,0
-39,8,-28,-6,-4,-2,0,26
35,-22,10,-11,-6,-1,4,29
-38,1,-20,-9,-2,-2,-6,-26
10,-11,37,9,0,-1,-8,-22
114,17,20,13,12,8,10,37
-98,0,18,23,-1,-6,-22,-114
23,-5,-20,-7,2,5,16,73
-53,-18,2,-3,-5,0,7,-3
-7,-20,9,-15,-9,-5,-10,-42
-49,-13,-43,4,1,-2,-12,-55
21,-43,0,-3,-3,4,7,28
-79,8,-2,31,1,-4,-6,-18
33,-16,15,-1,3,-3,2,8
-57,-5,-2,-1,-5,-4,-8,-6
-71,-41,-9,-4,-6,-5,-18,-70
55,10,-29,-2,4,3,14,40
4,-5,29,13,1,-3,-1,-15
21,-52,8,0,2,-3,-1,24
-51,25,-39,-14,-1,3,13,36
21,-12,82,18,1,0,-1,13
-60,-29,-27,-38,-13,-6,-14,-46
34,5,14,1,1,3,3,19
-28,7,49,17,-2,-8,-16,-68
-79,-35,-45,-10,-10,-7,-8,-57
8,35,-9,-12,1,0,9,32
-12,11,23,-2,0,2,6,10
86,24,-5,-12,-4,-2,-6,-47
0,5,-2,1,1,-1,5,47
33,2,7,16,3,2,1,-13
24,3,28,-6,2,4,12,27
-29,13,-16,-11,-5,-7,-12,-45
97,-5,-5,-4,0,1,6,46
-14,-8,-4,22,1,-2,-2,-4
-17,-4,5,-10,2,2,3,25
0,15,9,4,-1,-2,-4,-6
-2,2,-12,-6,1,1,4,25
-44,-10,-23,2,-1,4,8,46
43,36,-13,4,2,1,0,-20
-3,-3,10,-2,3,0,1,12
-10,32,-10,-2,-1,-4,-6,-38
18,-7,-4,25,0,-4,-1,10
-9,-7,-50,-23,-8,-4,-2,2
11,13,63,4,1,-1,2,29
107,16,-41,5,2,4,4,22
29,-48,19,-12,-5,-7,-16,-63
-29,11,-10,-17,-7,-5,-2,39
-27,3,-28,12,0,6,20,61
-71,-39,6,-3,-6,-10,-18,-67
-57,-19,13,-9,-2,1,-1,2
-44,35,-23,5,-3,-2,-5,-13
-23,-12,-35,-2,2,1,-1,-49
-24,-5,38,-10,-1,2,0,12
53,14,-31,-13,-1,-3,-1,10
-60,-39,1,3,-5,-2,-6,-42
94,4,7,8,3,2,5,51
-14,-3,34,4,-1,0,-3,-55
-102,-13,-25,-10,-7,-9,-14,-17
52,26,-8,4,9,10,16,-8
-28,-29,2,6,-2,-4,-6,-16
-35,-13,-45,-26,-2,0,-1,-3
-23,-1,19,-6,-4,0,-6,-20
2,-1,38,6,-6,-8,-8,-27
15,2,4,13,0,2,1,25
-26,-21,-17,-10,-4,-3,-7,-8
-68,29,-5,0,-3,-4,-5,-3
72,25,3,5,6,5,1,-8
-7,-2,-15,-16,-4,-2,8,54
-52,-59,-1,19,5,-1,-3,-21
80,5,4,2,1,3,7,2
78,72,25,1,-2,0,7,73
-8,11,-22,-9,-4,-7,-16,-50
42,7,-33,11,3,2,-2,-9
-2,6,-12,-13,-4,-2,0,3
-23,-28,21,5,-1,-4,-6,-13
-46,-10,-31,3,1,-1,-4,-13
-13,25,30,-6,-4,-2,2,3
16,-27,-12,-1,2,1,2,0
-19,29,8,-10,-3,-2,-3,8
41,2,45,11,0,-2,-2,-18
-4,-23,-40,-4,2,4,9,43
-39,0,21,19,4,3,-4,-29
96,-6,17,-2,0,3,11,63
-16,12,-9,-8,0,1,2,-6
-65,-2,9,3,-3,-7,-10,-22
61,-1,16,-2,2,6,10,43
-41,-42,-68,-3,-6,-8,-11,-45
-17,-14,4,5,2,-2,-4,21
43,16,23,5,-1,1,10,56
-5,1,2,14,3,0,6,19
-32,-48,2,5,1,1,0,-16
-50,19,-9,-8,-4,-3,-2,-12
52,43,30,-14,-1,-2,-7,-14
-9,-8,-22,-2,-1,-3,-2,-5
13,-14,14,-16,-4,-3,-2,3
6,-13,22,22,4,-2,0,-13
-26,-37,-19,-13,-5,-3,-2,-1
-8,-1,3,7,0,0,-2,-18
-17,-5,-11,-3,-2,-4,-2,7
2,-25,-13,-18,-7,-6,-5,-15
-14,42,14,10,3,2,-6,-27
64,12,15,4,3,11,22,66
-19,-23,-27,-2,-2,-1,-5,-13
34,-9,24,6,1,1,0,-7
30,-8,19,-10,-1,-1,-2,-20
15,52,-23,-11,-3,-6,0,27
2,26,32,16,5,6,3,3
-48,-7,2,-4,-2,-2,-3,-24
47,44,-5,-14,-7,-2,4,33
-1,-18,-15,11,0,-3,-8,-44
-23,-8,3,25,3,-1,3,21
79,-21,5,-18,-3,-3,-6,-4
-17,12,-22,-11,-3,-1,-1,28
-67,8,3,14,-6,-6,-7,-19
14,0,-33,-18,-4,0,-2,-13
-30,-3,-13,-13,-5,0,-3,6
-44,-11,4,15,5,1,4,1
1,-30,-13,-22,-6,-7,-17,-33
43,35,23,15,5,4,8,-1
4,14,-18,-16,-7,-2,-3,-21
17,-18,-4,-4,2,3,8,-1
-23,-11,-16,9,-4,-5,-4,-9
-35,-30,-28,-24,-1,-2,-8,-19
-33,23,21,-2,-3,-3,-1,-22
41,-2,-15,-8,0,-5,-2,-6
43,-9,-25,0,-4,0,3,20
-17,-13,93,9,8,6,3,-8
31,7,-19,7,-3,-1,0,29
-20,-17,32,31,0,-4,-14,-30
43,26,28,-7,4,6,16,50
-11,-10,-36,-14,-6,-4,-4,-8
44,-17,7,11,4,3,4,19
-25,33,-21,-25,-4,-3,-5,-5
-35,-8,4,1,1,-2,-8,-23
-19,-11,-4,5,-4,-4,3,24
-9,15,3,-2,0,-3,-8,-25
-20,-30,-26,-11,-6,-1,2,2
5,6,26,16,4,4,2,-2
-19,28,-5,-1,0,-5,4,34
-11,-33,-14,-10,-4,-6,-6,-1
-64,14,-10,-1,-2,-3,-4,-46
-14,-7,26,-16,2,1,0,22
-74,-13,3,-3,-5,-3,-6,18
66,-6,22,10,-2,1,4,18
26,5,-28,-3,-4,0,-1,-21
-31,17,-9,3,1,-3,-7,-21
-49,-13,-7,17,0,-3,-7,-25
-108,-13,-34,-16,-2,-3,-2,-30
1,-28,10,-3,1,3,-2,12
-49,-9,-20,-23,-4,-2,-1,-3
12,-4,1,8,-5,-3,-1,3
-30,-52,-60,-2,-6,-6,-10,-47
-25,-3,56,10,-2,-6,-4,-36
-24,23,9,12,3,2,8,53
55,13,21,7,2,2,0,-12
-36,-17,-40,6,0,-3,-4,26
-26,-27,10,-1,-1,0,2,-9
28,-6,1,0,-2,-2,-2,15
-9,-9,12,-12,-4,-3,4,27
-43,25,-37,-45,-10,-5,-15,-64
30,-11,21,25,10,6,17,72
-2,1,-16,13,-1,-1,-9,-35
67,27,-6,-15,6,8,4,4
51,-2,-33,-8,-5,-6,-4,11
-20,5,37,16,3,0,1,21
18,2,12,-23,-9,-4,0,-8
-51,-11,-30,14,-1,0,-7,-34
-24,0,29,6,-2,-4,-1,5
55,18,-20,-15,-1,-1,-2,7
21,-19,5,-3,0,0,5,18
14,-27,-19,-8,0,-1,-3,-6
-36,30,48,-1,2,3,6,-3
29,13,-32,7,2,0,1,6
-55,-25,5,-13,-9,-7,-10,-58
47,-27,4,4,-2,-2,0,22
-70,45,18,11,10,9,16,33
-17,25,-16,-8,-4,-4,-7,-19
16,2,-13,-7,-8,-5,-5,-6
-2,34,18,25,-1,-4,-1,-24
20,6,48,6,7,6,6,6
-8,-25,-5,10,-2,-6,-8,-13
50,-6,-25,-9,4,3,6,12
-12,27,-11,-1,-5,-12,-12,-16
39,-14,-2,1,1,0,9,75
-37,-5,-14,-10,0,1,2,4
-25,-8,9,6,-1,0,-3,6
43,8,9,-4,2,0,2,-8
-3,-25,-5,9,-1,-1,-4,-19
16,1,-21,-16,-5,-2,-5,10
20,-17,3,-10,1,2,6,15
-49,3,24,27,4,3,6,38
-22,-7,9,21,3,2,1,16
-13,-4,-29,-7,0,0,3,26
33,-5,17,8,2,1,-3,-12
-62,-10,1,-6,-8,-5,-9,-38
66,-9,-4,-22,-7,-5,-4,-8
44,-11,-10,6,1,-2,6,26
-22,67,38,6,2,2,6,9
-3,-1,-13,-5,-1,-3,-2,-5
16,7,-5,6,2,4,0,15
-41,-13,15,-1,-3,-2,-10,-31
-29,-21,-33,-7,-10,-7,-7,-13
-18,-1,-45,-11,-1,-4,-7,-29
1,16,41,13,6,1,7,2
63,-31,8,-2,1,7,6,2
-30,-13,-17,-15,-3,0,1,7
-26,-12,-34,-24,-6,-1,2,6
37,10,10,22,-2,-3,-4,-2
-49,-14,-1,1,-2,-3,-6,-9
40,33,-1,11,1,0,-3,-18
38,-16,10,-10,-1,0,-5,-42
-33,15,-25,-8,-5,-2,4,47
-29,37,5,-12,-3,-5,-7,-22
-16,-8,-12,9,0,-3,-6,-14
18,6,16,11,0,0,2,20
-41,-10,6,-7,0,-4,-10,-25
-16,4,4,28,3,0,5,-7
22,-24,-13,-2,-4,-1,4,39
47,-4,-11,-13,2,0,-2,13
20,40,-3,-15,-6,0,-5,-28
18,-27,-33,3,-4,-1,-3,-8
0,12,47,3,5,-2,1,1
-24,13,6,6,-3,-2,0,-13
-6,-41,3,-8,-3,-2,-3,-16
16,-20,-5,-5,3,5,6,12
-26,0,-14,-1,-5,-6,-11,-43
100,53,2,1,3,3,8,40
-52,-17,-19,5,2,0,3,-25
72,24,27,0,-2,0,8,42
-10,-5,-15,-8,-1,-2,-4,-11
-122,-45,14,5,-6,-4,-8,-46
-20,-16,-4,2,-5,-3,-13,-22
10,29,2,-3,1,-2,1,13
-63,-6,-20,-2,-6,-6,-7,-14
-51,-9,-12,-9,2,0,3,4
30,28,32,-7,4,3,1,2
-36,-25,10,27,1,-3,-8,-31
37,19,9,-4,6,4,4,7
53,-47,-13,-3,-3,1,5,63
-39,9,9,2,-6,-3,1,-26
-27,-3,-24,-21,-4,-3,-6,-32
21,-38,-8,0,0,2,3,51
-28,15,29,12,-2,1,-4,-20
25,-21,-24,-2,-3,-3,-2,-5
58,24,-8,-42,-5,-2,0,14
-14,-14,21,2,-7,-5,-10,-39
-9,-6,-13,-2,0,-2,-2,-12
49,-14,-16,-2,-1,-2,0,-1
-120,-1,5,-18,-3,-1,1,-9
24,0,11,19,2,0,-6,4
55,18,16,-6,3,4,17,69
73,11,-17,0,-5,-7,-11,-19
46,8,14,11,4,0,6,10
9,15,-10,-12,1,1,8,25
-47,-17,-19,-11,-4,-5,-9,-34
-83,6,1,3,-3,-3,-9,-58
73,-8,2,9,-4,0,14,89
3,5,29,13,4,0,-1,-10
-31,13,-4,-8,-5,-7,-9,-32
70,-1,-15,-5,-1,3,10,42
-30,-25,35,21,3,-2,-12,-42
-67,-11,-25,0,1,-2,0,-27
64,7,-4,-24,-6,-4,-7,-21
7,-4,32,21,2,7,6,-4
40,-2,-9,-10,-1,-2,-1,39
-4,-4,-1,-12,-1,-3,-1,-3
-23,10,1,20,-3,-5,-10,-39
41,4,-11,-23,-1,-2,1,35
-35,-7,-5,-4,-6,-3,1,2
-41,-1,-12,-17,-9,-5,-8,-19
37,12,6,11,5,7,5,10
-16,-9,-8,-12,-2,-6,-21,-78
48,4,-11,5,0,1,18,72
-55,32,-1,1,-3,-5,-6,-42
-64,-30,-27,-23,-6,-5,-4,-8
-24,-35,27,27,1,-2,-7,-28
-7,22,19,-4,6,4,3,35
-8,-44,-27,8,2,3,6,21
1,6,-21,10,2,2,-2,2
-59,22,-48,-3,-5,-2,0,8
-12,31,74,-7,-2,-2,-14,-75
46,12,-8,16,3,2,16,60
46,6,22,5,4,2,9,42
-45,30,-11,-5,0,-1,4,16
26,2,-19,2,-4,-1,-9,-31
-2,-8,7,-9,-4,-2,-11,-29
15,3,21,-3,4,2,5,-6
-52,1,6,0,-1,-1,2,25
-49,-26,-33,-8,-8,-9,-17,-89
-23,16,11,-9,-1,-2,1,72
13,6,-11,3,-2,0,9,41
18,-27,0,-2,4,4,9,46
-64,21,6,-5,-6,-6,-13,-48
55,-39,-30,-14,-4,-1,-13,-54
-5,16,3,7,-3,0,7,44
-52,0,-36,-16,-5,-5,-5,-6
21,16,25,10,12,10,18,30
26,-12,4,21,2,-2,-5,-6
-62,-24,-17,-20,-10,-9,-16,-62
67,10,8,-3,2,4,7,19
-93,-20,-27,-14,-13,-11,-9,-28
26,-16,-3,-4,-6,-2,-3,-21
-42,1,-21,-2,0,-1,-5,-26
-13,5,5,5,-2,-3,-5,-13
-34,-21,1,-3,-1,-1,-3,20
31,16,9,8,3,3,11,21
-3,-13,-7,9,-2,-4,-3,-22
-25,-15,-1,-22,-6,-4,-2,-8
21,0,-43,-4,-7,-5,-8,-29
77,14,35,5,4,-2,-4,-38
100,50,4,5,-1,5,18,79
-36,-14,10,1,3,0,-4,-12
-49,39,-23,-5,-6,0,2,29
-92,-3,6,-15,-9,-8,-14,-53
-46,-31,-31,-27,-5,-2,-12,-30
71,15,24,46,10,9,24,74
-45,-15,3,-3,-1,-8,-10,-43
98,-1,-15,15,3,5,13,54
-1,25,34,-9,-1,0,-11,-39
19,-19,-35,-16,-3,-1,-1,2
46,-4,29,11,3,2,3,14
-33,-27,9,10,-1,0,2,5
-6,5,15,6,1,-2,-4,-42
51,10,-15,3,-3,-2,0,23
33,5,11,-9,1,3,8,11
-18,9,4,-6,-7,-3,-10,-33
-32,-2,-20,3,4,3,2,-6
-22,-10,8,-5,-6,-6,-10,5
51,-25,-18,-2,2,2,3,4
-98,-7,-8,-7,0,-2,-7,-56
71,-1,13,2,2,2,8,62
-83,11,17,0,-10,-7,-7,-17
-31,-20,-16,6,1,-4,-11,-11
39,11,-14,4,0,2,2,24
4,-2,17,18,6,-2,-15,-85
39,-23,22,13,8,12,31,66
-44,52,-25,-18,-7,-2,-2,-14
-46,-18,-4,-1,-2,-3,-3,-11
-42,-20,7,-19,-8,-6,-8,5
-7,-11,-13,-6,-5,-5,-11,-32
7,-14,-7,4,-5,-1,2,2
1,14,-13,-21,3,4,3,9
-17,-17,-28,-12,-5,-1,1,7
-65,-6,14,-4,0,-6,-16,-65
41,45,13,11,7,5,12,71
-49,16,-5,0,-5,-4,-10,-46
-42,-29,2,-16,0,-2,1,37
-29,15,-4,6,-5,-1,-5,-10
80,-17,5,5,-5,-1,-7,-3
-5,-11,-9,-1,-1,-6,-6,-1
-59,4,-8,-3,-3,-3,-5,-9
21,-10,5,-7,3,4,13,14
52,-4,20,6,3,3,5,57
-22,-4,-2,-1,-4,-2,-3,-8
61,-18,-31,-14,-8,-10,-12,-50
45,26,40,1,6,7,12,45
-88,-67,-27,9,0,0,-6,-34
56,16,43,7,5,5,10,14
12,-26,-1,-18,-2,2,3,26
-38,16,-54,3,-6,-5,-8,-41
-15,-9,-11,-2,1,-4,-10,-36
44,-24,-9,-10,2,2,3,43
-45,17,63,16,-1,0,-2,-45
87,40,-10,2,1,0,2,31
-20,-12,4,0,-2,-2,2,-2
52,26,4,-11,-7,-3,2,16
46,3,-14,12,0,-1,1,9
25,-22,0,-3,0,-5,-6,14
-35,0,-20,0,-2,0,1,-21
-46,0,2,-6,-4,-3,-7,-17
-26,-4,4,0,-3,0,6,32
-3,-7,-19,-1,3,0,-7,-50
31,0,37,5,0,3,9,38
-91,-13,-41,-12,-3,-1,-4,17
34,19,38,25,8,5,10,64
