(0.485900879, -0.375427246, 0.417785645, -0.6696167)
(0.485900879, -0.375427246, 0.417785645, -0.6696167)
(0.485900879, -0.375427246, 0.417785645, -0.6696167)
(0.485900879, -0.375427246, 0.417785645, -0.6696167)
(0.485900879, -0.375427246, 0.417785645, -0.6696167)
(0.485900879, -0.375427246, 0.417785645, -0.6696167)
(0.486083984, -0.375427246, 0.417785645, -0.6694946)
(0.486083984, -0.375427246, 0.417785645, -0.6694946)
(0.486083984, -0.3753662, 0.41784668, -0.6694946)
(0.486083984, -0.3753662, 0.41784668, -0.6694946)
(0.486083984, -0.3753662, 0.41784668, -0.6694946)
(0.486022949, -0.3751831, 0.41796875, -0.669555664)
(0.486022949, -0.3751831, 0.41796875, -0.669555664)
(0.4866333, -0.374450684, 0.418151855, -0.669372559)
(0.4866333, -0.374450684, 0.418151855, -0.669372559)
(0.4866333, -0.374450684, 0.418151855, -0.669372559)
(0.486694336, -0.374450684, 0.418151855, -0.669372559)
(0.48651123, -0.374389648, 0.4182129, -0.6694946)
(0.48651123, -0.374389648, 0.4182129, -0.6694946)
(0.48614502, -0.3743286, 0.4182129, -0.6697998)
(0.48614502, -0.3743286, 0.4182129, -0.6697998)
(0.485290527, -0.374755859, 0.4180298, -0.6702881)
(0.485290527, -0.374755859, 0.4180298, -0.6702881)
(0.4847412, -0.375244141, 0.41796875, -0.6704712)
(0.484436035, -0.375427246, 0.4180298, -0.6705322)
(0.484436035, -0.375427246, 0.4180298, -0.6705322)
(0.484436035, -0.375427246, 0.4180298, -0.6705322)
(0.484436035, -0.375427246, 0.4180298, -0.6705322)
(0.48449707, -0.375427246, 0.4180298, -0.6704712)
(0.48449707, -0.375427246, 0.4180298, -0.6704712)
(0.48449707, -0.375427246, 0.4180298, -0.6704712)
(0.48449707, -0.375427246, 0.4180298, -0.6704712)
(0.48449707, -0.3753662, 0.418334961, -0.6703491)
(0.484375, -0.375244141, 0.418640137, -0.6702881)
(0.484375, -0.375244141, 0.418701172, -0.6702881)
(0.4845581, -0.3751831, 0.418640137, -0.670166)
(0.4845581, -0.3751831, 0.418640137, -0.670166)
(0.4845581, -0.3751831, 0.418640137, -0.670166)
(0.4845581, -0.3751831, 0.418640137, -0.670166)
(0.484619141, -0.3751831, 0.418640137, -0.670166)
(0.484680176, -0.3751831, 0.418640137, -0.670105)
(0.484619141, -0.3751831, 0.418823242, -0.670043945)
(0.484619141, -0.3751831, 0.418823242, -0.670043945)
(0.484619141, -0.3751831, 0.418823242, -0.670043945)
(0.484619141, -0.3751831, 0.418823242, -0.670043945)
(0.484619141, -0.3751831, 0.418823242, -0.670043945)
(0.4847412, -0.375305176, 0.4187622, -0.6699219)
(0.4847412, -0.375305176, 0.4187622, -0.6699219)
(0.484802246, -0.375244141, 0.418823242, -0.66986084)
(0.484802246, -0.375244141, 0.418823242, -0.66986084)
(0.484619141, -0.375244141, 0.4189453, -0.6699219)
(0.484619141, -0.375244141, 0.4189453, -0.6699219)
(0.484619141, -0.375244141, 0.4189453, -0.6699219)
(0.484619141, -0.375244141, 0.4189453, -0.6699219)
(0.48449707, -0.375305176, 0.419067383, -0.6699219)
(0.483947754, -0.375244141, 0.4196167, -0.6699829)
(0.483947754, -0.375244141, 0.4196167, -0.6699829)
(0.483825684, -0.37512207, 0.4197998, -0.670043945)
(0.4837036, -0.3751831, 0.4199829, -0.6699829)
(0.4837036, -0.3751831, 0.4199829, -0.6699829)
(0.4837036, -0.3751831, 0.4199829, -0.6699829)
(0.4833374, -0.374755859, 0.421081543, -0.6697998)
(0.4833374, -0.374755859, 0.421081543, -0.6697998)
(0.4833374, -0.374755859, 0.421081543, -0.6697998)
(0.4833374, -0.374755859, 0.421081543, -0.6697998)
(0.4833374, -0.374755859, 0.421081543, -0.6697998)
(0.4833374, -0.374755859, 0.421081543, -0.6697998)
(0.4833374, -0.374755859, 0.421081543, -0.6697998)
(0.4833374, -0.374755859, 0.421081543, -0.6697998)
(0.4833374, -0.374755859, 0.421081543, -0.6697998)
(0.4833374, -0.374755859, 0.421081543, -0.6697998)
(0.4833374, -0.374755859, 0.421081543, -0.6697998)
(0.4833374, -0.374755859, 0.421081543, -0.6697998)
(0.4833374, -0.374755859, 0.421081543, -0.6697998)
(0.4833374, -0.374694824, 0.421081543, -0.6697998)
(0.4833374, -0.374694824, 0.421081543, -0.6697998)
(0.4833374, -0.374694824, 0.421142578, -0.6697998)
(0.483398438, -0.374572754, 0.4212036, -0.66973877)
(0.483398438, -0.374572754, 0.421264648, -0.66973877)
(0.483398438, -0.374572754, 0.421264648, -0.66973877)
(0.4833374, -0.374572754, 0.4212036, -0.6697998)
(0.4833374, -0.374572754, 0.4212036, -0.6697998)
(0.483398438, -0.374572754, 0.4212036, -0.6697998)
(0.4835205, -0.374755859, 0.4210205, -0.669677734)
(0.4835205, -0.374755859, 0.4210205, -0.669677734)
(0.4835205, -0.374755859, 0.4210205, -0.669677734)
(0.483642578, -0.37487793, 0.420959473, -0.6696167)
(0.4840088, -0.375305176, 0.420349121, -0.6694336)
(0.4840088, -0.375305176, 0.420349121, -0.6694336)
(0.4840088, -0.375305176, 0.420349121, -0.6694336)
(0.48425293, -0.375305176, 0.420349121, -0.6693115)
(0.4841919, -0.3753662, 0.4204712, -0.669189453)
(0.4841919, -0.3753662, 0.4204712, -0.669189453)
(0.4841919, -0.3753662, 0.4204712, -0.669189453)
(0.4841919, -0.3753662, 0.4204712, -0.669189453)
(0.4841919, -0.3753662, 0.4204712, -0.669189453)
(0.4841919, -0.3753662, 0.4204712, -0.669189453)
(0.484375, -0.375427246, 0.420410156, -0.6690674)
(0.484375, -0.375427246, 0.420410156, -0.6690674)
(0.484375, -0.375427246, 0.420410156, -0.6690674)
(0.484375, -0.375427246, 0.420410156, -0.6690674)
(0.484375, -0.375427246, 0.420410156, -0.6690674)
(0.484375, -0.375427246, 0.420410156, -0.6690674)
(0.484375, -0.375427246, 0.420410156, -0.6690674)
(0.484375, -0.375427246, 0.4204712, -0.6690674)
(0.484375, -0.375427246, 0.420410156, -0.6690674)
(0.484375, -0.375427246, 0.420410156, -0.6690674)
(0.484375, -0.375427246, 0.420410156, -0.6690674)
(0.484375, -0.375427246, 0.420410156, -0.6690674)
(0.484375, -0.375427246, 0.420410156, -0.6690674)
(0.484375, -0.375427246, 0.420410156, -0.6690674)
(0.484375, -0.375427246, 0.420410156, -0.6690674)
(0.484375, -0.375427246, 0.420410156, -0.6690674)
(0.484375, -0.375427246, 0.420410156, -0.6690674)
(0.484375, -0.375427246, 0.420410156, -0.6690674)
(0.484375, -0.375427246, 0.420410156, -0.6690674)
(0.484313965, -0.375244141, 0.4206543, -0.6690674)
(0.484313965, -0.375244141, 0.4206543, -0.6690674)
(0.484313965, -0.375244141, 0.4206543, -0.6690674)
(0.484313965, -0.375244141, 0.4206543, -0.6690674)
(0.484313965, -0.375244141, 0.420715332, -0.6690674)
(0.484313965, -0.3751831, 0.420715332, -0.6690674)
(0.484313965, -0.375, 0.4208374, -0.6691284)
(0.484130859, -0.3746338, 0.4212036, -0.669189453)
(0.484130859, -0.3746338, 0.4212036, -0.669189453)
(0.4840088, -0.374511719, 0.421325684, -0.6693115)
(0.483947754, -0.374450684, 0.421325684, -0.6693115)
(0.483947754, -0.374450684, 0.421325684, -0.6693115)
(0.4840088, -0.374511719, 0.421325684, -0.6693115)
(0.4840088, -0.374450684, 0.421325684, -0.6693115)
(0.4840088, -0.374450684, 0.421325684, -0.6693115)
(0.4840088, -0.374450684, 0.421325684, -0.6693115)
(0.4840088, -0.374450684, 0.421325684, -0.6693115)
(0.4840088, -0.374450684, 0.421386719, -0.6693115)
(0.484069824, -0.3741455, 0.421569824, -0.6692505)
(0.484069824, -0.3741455, 0.421569824, -0.6692505)
(0.484130859, -0.3741455, 0.421569824, -0.6692505)
(0.484130859, -0.3741455, 0.421569824, -0.6692505)
(0.484130859, -0.374084473, 0.421630859, -0.6692505)
(0.484130859, -0.374084473, 0.421630859, -0.6692505)
(0.484130859, -0.374084473, 0.421630859, -0.6692505)
(0.484313965, -0.3741455, 0.421569824, -0.6691284)
(0.484313965, -0.3741455, 0.421569824, -0.6691284)
(0.48449707, -0.3741455, 0.4215088, -0.669006348)
(0.48449707, -0.3741455, 0.4215088, -0.669006348)
(0.48449707, -0.3741455, 0.4215088, -0.669006348)
(0.48449707, -0.3741455, 0.4215088, -0.669006348)
(0.48449707, -0.374084473, 0.421569824, -0.669006348)
(0.48449707, -0.374084473, 0.421569824, -0.669006348)
(0.48449707, -0.374084473, 0.421630859, -0.669006348)
(0.48449707, -0.374023438, 0.421630859, -0.669006348)
(0.48449707, -0.374023438, 0.421630859, -0.669006348)
(0.48449707, -0.374023438, 0.421630859, -0.669006348)
(0.48449707, -0.374023438, 0.421630859, -0.669006348)
(0.48449707, -0.374023438, 0.421630859, -0.669006348)
(0.48449707, -0.3739624, 0.4216919, -0.669006348)
(0.48449707, -0.3739624, 0.4216919, -0.669006348)
(0.48449707, -0.3739624, 0.4216919, -0.669006348)
(0.48449707, -0.373901367, 0.4216919, -0.669006348)
(0.48449707, -0.373901367, 0.4216919, -0.669006348)
(0.4845581, -0.373901367, 0.42175293, -0.669006348)
(0.484619141, -0.373535156, 0.42199707, -0.6689453)
