(0.489868164, -0.420898438, 0.448669434, -0.6176758)
(0.489868164, -0.420898438, 0.448669434, -0.6176758)
(0.491577148, -0.421142578, 0.448364258, -0.616394043)
(0.4958496, -0.4216919, 0.4475708, -0.6131592)
(0.4958496, -0.4216919, 0.4475708, -0.6131592)
(0.501159668, -0.4222412, 0.4465332, -0.6091919)
(0.501159668, -0.4222412, 0.4465332, -0.6091919)
(0.504089355, -0.422607422, 0.445800781, -0.6071167)
(0.5073242, -0.4227295, 0.44519043, -0.6047363)
(0.5073242, -0.4227295, 0.44519043, -0.6047363)
(0.5115967, -0.423156738, 0.444335938, -0.6014404)
(0.5115967, -0.423156738, 0.444335938, -0.6014404)
(0.516906738, -0.424072266, 0.442810059, -0.5974121)
(0.5275879, -0.426818848, 0.438964844, -0.5889282)
(0.5391846, -0.4281006, 0.4343872, -0.580810547)
(0.5498657, -0.4282837, 0.4293213, -0.574401855)
(0.5593872, -0.428527832, 0.4241333, -0.568847656)
(0.5698242, -0.428222656, 0.418884277, -0.562561035)
(0.575927734, -0.4282837, 0.415710449, -0.5586548)
(0.581481934, -0.428588867, 0.412902832, -0.5546875)
(0.581481934, -0.428588867, 0.412902832, -0.5546875)
(0.586792, -0.428405762, 0.41027832, -0.551147461)
(0.586792, -0.428405762, 0.41027832, -0.551147461)
(0.5927124, -0.428222656, 0.406860352, -0.5475464)
(0.600402832, -0.429443359, 0.401428223, -0.5421753)
(0.6083374, -0.430542, 0.395874023, -0.536499)
(0.6083374, -0.430542, 0.395874023, -0.536499)
(0.61505127, -0.430603027, 0.391540527, -0.5319824)
(0.6204834, -0.430480957, 0.387634277, -0.528564453)
(0.6204834, -0.430480957, 0.387634277, -0.528564453)
(0.6248779, -0.430480957, 0.3842163, -0.525939941)
(0.6282959, -0.430786133, 0.38079834, -0.524047852)
(0.6282959, -0.430786133, 0.38079834, -0.524047852)
(0.6315918, -0.431152344, 0.377380371, -0.522277832)
(0.6350708, -0.431518555, 0.374084473, -0.5201416)
(0.6380005, -0.4315796, 0.371459961, -0.5183716)
(0.6380005, -0.4315796, 0.371459961, -0.5183716)
(0.6380005, -0.4315796, 0.371459961, -0.5183716)
(0.6380005, -0.4315796, 0.371459961, -0.5183716)
(0.6425171, -0.4315796, 0.367492676, -0.515563965)
(0.6425171, -0.4315796, 0.367492676, -0.515563965)
(0.6442261, -0.431640625, 0.3661499, -0.5144043)
(0.6447754, -0.431396484, 0.365905762, -0.5140381)
(0.644714355, -0.4310913, 0.3661499, -0.5142212)
(0.644714355, -0.4310913, 0.3661499, -0.5142212)
(0.644714355, -0.431030273, 0.366210938, -0.5142212)
(0.644714355, -0.431030273, 0.366210938, -0.5142212)
(0.6444092, -0.4310913, 0.366455078, -0.5144043)
(0.6444092, -0.4312744, 0.366210938, -0.5144043)
(0.6444092, -0.4312744, 0.366210938, -0.5144043)
(0.6444702, -0.4312744, 0.3661499, -0.514343262)
(0.6444702, -0.4312744, 0.3661499, -0.514343262)
(0.6444702, -0.430847168, 0.3665161, -0.5144043)
(0.6444702, -0.430847168, 0.3665161, -0.5144043)
(0.6437988, -0.4307251, 0.366943359, -0.5150757)
(0.643676758, -0.4309082, 0.367126465, -0.5149536)
(0.643676758, -0.4309082, 0.367126465, -0.5149536)
(0.6436157, -0.431030273, 0.367492676, -0.514648438)
(0.6436157, -0.431030273, 0.367492676, -0.514648438)
(0.643127441, -0.430419922, 0.3684082, -0.5151367)
(0.6427002, -0.429931641, 0.368835449, -0.5157471)
(0.6427002, -0.429931641, 0.368835449, -0.5157471)
(0.6425171, -0.429992676, 0.368652344, -0.5161133)
(0.642456055, -0.430297852, 0.368286133, -0.5161743)
(0.643310547, -0.430297852, 0.368042, -0.5153198)
(0.643493652, -0.4300537, 0.368042, -0.5152588)
(0.6433716, -0.429992676, 0.367980957, -0.5155029)
(0.6425171, -0.429992676, 0.3685913, -0.5161743)
(0.642822266, -0.429992676, 0.368347168, -0.5159302)
(0.6427002, -0.429992676, 0.368164063, -0.5161743)
(0.6427002, -0.429992676, 0.368164063, -0.5161743)
(0.642395, -0.42956543, 0.368713379, -0.5165405)
(0.642395, -0.42956543, 0.368713379, -0.5165405)
(0.6422119, -0.429443359, 0.369140625, -0.516601563)
(0.642334, -0.4295044, 0.368835449, -0.516601563)
(0.64276123, -0.429626465, 0.368530273, -0.5161743)
(0.64276123, -0.429626465, 0.368530273, -0.5161743)
(0.64276123, -0.429626465, 0.368530273, -0.5161743)
(0.64276123, -0.429626465, 0.368530273, -0.5161743)
(0.6420288, -0.4296875, 0.36895752, -0.516723633)
(0.6420288, -0.4296875, 0.36895752, -0.516723633)
(0.6420288, -0.4296875, 0.36895752, -0.516723633)
(0.6419678, -0.4295044, 0.36895752, -0.5169678)
(0.6416626, -0.429382324, 0.369018555, -0.517395)
(0.6415405, -0.4295044, 0.36895752, -0.5175171)
(0.641601563, -0.4296875, 0.36895752, -0.5172119)
(0.6419678, -0.4296875, 0.368896484, -0.5168457)
(0.6419678, -0.4296875, 0.368896484, -0.5168457)
(0.6419678, -0.4296875, 0.368896484, -0.5168457)
(0.6418457, -0.429138184, 0.368835449, -0.5175171)
(0.641906738, -0.429443359, 0.3684082, -0.517456055)
(0.641906738, -0.429443359, 0.3684082, -0.517456055)
(0.6415405, -0.429443359, 0.3687744, -0.51763916)
(0.6415405, -0.429443359, 0.3687744, -0.51763916)
(0.641235352, -0.429382324, 0.368896484, -0.5180054)
(0.641235352, -0.429382324, 0.368896484, -0.5180054)
(0.6415405, -0.4295044, 0.3685913, -0.51776123)
(0.6415405, -0.4295044, 0.3685913, -0.51776123)
(0.6419678, -0.4295044, 0.368286133, -0.517395)
(0.641784668, -0.429077148, 0.3685913, -0.517822266)
(0.641784668, -0.429077148, 0.3685913, -0.517822266)
(0.6412964, -0.428771973, 0.369018555, -0.5183716)
(0.6412964, -0.428771973, 0.369018555, -0.5183716)
(0.6411133, -0.428955078, 0.36920166, -0.518310547)
(0.6411133, -0.428955078, 0.36920166, -0.518310547)
(0.6413574, -0.429077148, 0.3690796, -0.517944336)
(0.6413574, -0.429077148, 0.3690796, -0.517944336)
(0.641235352, -0.428894043, 0.369506836, -0.5180054)
(0.641235352, -0.428894043, 0.369506836, -0.5180054)
(0.641052246, -0.428833, 0.369812, -0.5180664)
(0.640625, -0.429138184, 0.370361328, -0.5178833)
(0.640625, -0.429138184, 0.370361328, -0.5178833)
(0.640625, -0.429138184, 0.370422363, -0.517944336)
(0.639343262, -0.429626465, 0.3711548, -0.518493652)
(0.639343262, -0.429626465, 0.3711548, -0.518493652)
(0.6390991, -0.4296875, 0.37121582, -0.5187378)
(0.638855, -0.429931641, 0.371398926, -0.5187378)
(0.638427734, -0.430175781, 0.371643066, -0.518859863)
(0.638427734, -0.430175781, 0.371643066, -0.518859863)
(0.6381836, -0.430175781, 0.371765137, -0.519104)
(0.6378784, -0.430236816, 0.371765137, -0.5194092)
(0.6378784, -0.430236816, 0.371765137, -0.5194092)
(0.6367798, -0.430969238, 0.371582031, -0.5202637)
(0.6367798, -0.430969238, 0.371582031, -0.5202637)
(0.6366577, -0.4312744, 0.371459961, -0.520202637)
(0.6366577, -0.4312744, 0.371459961, -0.520202637)
(0.6366577, -0.4312744, 0.371459961, -0.5202637)
(0.6366577, -0.4312744, 0.371459961, -0.5202637)
(0.6368408, -0.43145752, 0.37121582, -0.520080566)
(0.6368408, -0.431396484, 0.37109375, -0.520202637)
(0.6368408, -0.431396484, 0.37109375, -0.520202637)
(0.6364136, -0.431518555, 0.3711548, -0.520568848)
(0.6362915, -0.431640625, 0.371276855, -0.520568848)
(0.6366577, -0.432250977, 0.370605469, -0.520019531)
(0.6366577, -0.432250977, 0.370605469, -0.520019531)
(0.6366577, -0.432250977, 0.370605469, -0.520019531)
(0.6366577, -0.432250977, 0.370605469, -0.520019531)
(0.63671875, -0.432250977, 0.370605469, -0.520019531)
(0.636901855, -0.432250977, 0.3704834, -0.5198364)
(0.636901855, -0.432250977, 0.3704834, -0.5198364)
(0.6368408, -0.432434082, 0.370361328, -0.5198364)
(0.6368408, -0.432434082, 0.370361328, -0.5198364)
(0.6368408, -0.432434082, 0.370361328, -0.5198364)
(0.636901855, -0.432434082, 0.370361328, -0.5197754)
(0.636901855, -0.432434082, 0.370361328, -0.5197754)
(0.637084961, -0.432556152, 0.370178223, -0.5195923)
(0.637084961, -0.432556152, 0.370178223, -0.5195923)
(0.63671875, -0.4328003, 0.370422363, -0.5196533)
(0.63671875, -0.4328003, 0.370422363, -0.5196533)
(0.6368408, -0.432922363, 0.370361328, -0.5194702)
(0.6370239, -0.4329834, 0.3703003, -0.5192261)
(0.6370239, -0.4329834, 0.3703003, -0.5192261)
(0.6369629, -0.4331665, 0.370239258, -0.519165039)
(0.6369629, -0.4331665, 0.370239258, -0.519165039)
(0.6368408, -0.433410645, 0.370239258, -0.519104)
(0.6368408, -0.433410645, 0.370239258, -0.519104)
(0.6368408, -0.433410645, 0.370239258, -0.519104)
(0.6368408, -0.433410645, 0.370239258, -0.519104)
(0.6368408, -0.433410645, 0.370239258, -0.519104)
(0.6366577, -0.43359375, 0.370178223, -0.5192261)
(0.6366577, -0.43359375, 0.370178223, -0.5192261)
(0.6366577, -0.43359375, 0.370178223, -0.5192261)
(0.6366577, -0.43359375, 0.370178223, -0.5192261)
(0.6366577, -0.4338379, 0.369995117, -0.519165039)
(0.6366577, -0.4338379, 0.369995117, -0.519165039)
(0.6366577, -0.4338379, 0.369995117, -0.519165039)
(0.6366577, -0.4338379, 0.369995117, -0.519165039)
(0.6364746, -0.433776855, 0.369995117, -0.5194702)
(0.636047363, -0.4338379, 0.369934082, -0.5199585)
(0.636047363, -0.4338379, 0.369934082, -0.5199585)
(0.636047363, -0.433776855, 0.369995117, -0.5199585)
(0.636047363, -0.433776855, 0.369995117, -0.5199585)
(0.636047363, -0.433776855, 0.369995117, -0.5199585)
(0.636047363, -0.4338379, 0.369812, -0.520019531)
(0.636047363, -0.4338379, 0.369812, -0.520019531)
(0.636047363, -0.433959961, 0.369567871, -0.520080566)
(0.636047363, -0.433959961, 0.369567871, -0.520080566)
(0.6359863, -0.433898926, 0.3694458, -0.5203247)
(0.6359863, -0.433898926, 0.3694458, -0.5203247)
(0.6359253, -0.43371582, 0.3694458, -0.520568848)
(0.6359253, -0.43371582, 0.3694458, -0.520568848)
(0.6359253, -0.43371582, 0.3694458, -0.520568848)
(0.6357422, -0.43371582, 0.369506836, -0.520751953)
(0.6357422, -0.43371582, 0.369506836, -0.520751953)
(0.6359253, -0.4338379, 0.3694458, -0.5204468)
(0.6359253, -0.4338379, 0.3694458, -0.5204468)
(0.6359253, -0.4338379, 0.369384766, -0.5205078)
(0.6359253, -0.4338379, 0.369384766, -0.5205078)
(0.6359253, -0.433898926, 0.369384766, -0.5204468)
(0.6359253, -0.433898926, 0.369384766, -0.5204468)
(0.6359253, -0.433898926, 0.369384766, -0.5204468)
(0.6359253, -0.433898926, 0.369384766, -0.5204468)
(0.6359863, -0.434021, 0.3692627, -0.520385742)
(0.636047363, -0.434143066, 0.369140625, -0.5202637)
(0.636047363, -0.434143066, 0.369140625, -0.5202637)
(0.636047363, -0.434143066, 0.369140625, -0.5202637)
(0.636047363, -0.434143066, 0.369140625, -0.5202637)
(0.6358032, -0.4342041, 0.36920166, -0.5204468)
(0.6357422, -0.4343872, 0.3690796, -0.5205078)
(0.6357422, -0.434631348, 0.368835449, -0.5204468)
(0.6357422, -0.434631348, 0.368835449, -0.5204468)
(0.635437, -0.434753418, 0.368896484, -0.5206299)
(0.635437, -0.434753418, 0.368896484, -0.5206299)
(0.635437, -0.434753418, 0.368896484, -0.5206299)
(0.6355591, -0.434814453, 0.36895752, -0.5204468)
(0.6355591, -0.434814453, 0.36895752, -0.5204468)
(0.6356201, -0.4348755, 0.36895752, -0.5203247)
(0.6356201, -0.4348755, 0.36895752, -0.5203247)
(0.6356201, -0.4348755, 0.36895752, -0.5203247)
(0.6356201, -0.4348755, 0.36895752, -0.5203247)
(0.6356201, -0.4348755, 0.36895752, -0.5203247)
(0.6356201, -0.4348755, 0.36895752, -0.5203247)
(0.6356201, -0.4348755, 0.36895752, -0.5203247)
(0.6356201, -0.4348755, 0.36895752, -0.5203247)
(0.6356201, -0.4348755, 0.36895752, -0.5203247)
(0.635376, -0.434753418, 0.3692627, -0.5205078)
(0.635376, -0.434814453, 0.369140625, -0.5205078)
(0.635376, -0.434814453, 0.369140625, -0.5205078)
(0.635376, -0.434814453, 0.369140625, -0.5205078)
(0.635131836, -0.434814453, 0.3692627, -0.520751953)
(0.635131836, -0.434814453, 0.3692627, -0.520751953)
(0.635009766, -0.434753418, 0.3692627, -0.520935059)
(0.635009766, -0.434753418, 0.3692627, -0.520935059)
(0.6348877, -0.434692383, 0.36932373, -0.521118164)
(0.6345825, -0.4345703, 0.369506836, -0.52142334)
(0.6345825, -0.4345703, 0.369506836, -0.52142334)
(0.6343384, -0.434631348, 0.369567871, -0.521606445)
(0.6341553, -0.434753418, 0.369506836, -0.521789551)
(0.6341553, -0.434753418, 0.369506836, -0.521789551)
(0.6341553, -0.434753418, 0.369506836, -0.521789551)
(0.6341553, -0.434753418, 0.369506836, -0.521789551)
(0.6340332, -0.434692383, 0.3696289, -0.5219116)
(0.6338501, -0.4345703, 0.369812, -0.522155762)
(0.6335449, -0.434265137, 0.369995117, -0.522583)
(0.6334839, -0.434082031, 0.3703003, -0.522644043)
(0.632568359, -0.434265137, 0.3706665, -0.5233154)
(0.632568359, -0.434265137, 0.3706665, -0.5233154)
(0.6320801, -0.434509277, 0.370910645, -0.523498535)
(0.6320801, -0.434509277, 0.370910645, -0.523498535)
(0.6315918, -0.4348755, 0.370788574, -0.523864746)
(0.631347656, -0.434997559, 0.370727539, -0.5241699)
(0.63079834, -0.434997559, 0.3708496, -0.5246582)
(0.630615234, -0.4350586, 0.370910645, -0.5248413)
(0.6304321, -0.434997559, 0.37109375, -0.5249634)
