(0.5184326, -0.335693359, 0.387207031, -0.6845703)
(0.5184326, -0.335693359, 0.387207031, -0.6845703)
(0.5184326, -0.335693359, 0.387207031, -0.6845093)
(0.5184326, -0.335693359, 0.387207031, -0.6845093)
(0.5184326, -0.335693359, 0.387207031, -0.6845703)
(0.5184326, -0.335693359, 0.387207031, -0.6845093)
(0.5184326, -0.335693359, 0.387207031, -0.6845093)
(0.518493652, -0.335693359, 0.387207031, -0.6845093)
(0.5184326, -0.3348999, 0.3875122, -0.6847534)
(0.5184326, -0.3348999, 0.3875122, -0.6847534)
(0.5184326, -0.3348999, 0.3875122, -0.6847534)
(0.5177002, -0.334777832, 0.387023926, -0.6856079)
(0.5177002, -0.334777832, 0.387023926, -0.6856079)
(0.517822266, -0.333984375, 0.387268066, -0.685852051)
(0.518859863, -0.32635498, 0.395568848, -0.683959961)
(0.5199585, -0.326599121, 0.398193359, -0.6814575)
(0.5199585, -0.326599121, 0.398193359, -0.6814575)
(0.5194092, -0.3262329, 0.398742676, -0.6817627)
(0.519348145, -0.3267212, 0.399536133, -0.6810913)
(0.519348145, -0.3267212, 0.399536133, -0.6810913)
(0.519348145, -0.3267212, 0.399536133, -0.6810913)
(0.5194702, -0.326965332, 0.400146484, -0.680542)
(0.5199585, -0.3272705, 0.4000244, -0.6800537)
(0.5199585, -0.3272705, 0.4000244, -0.6800537)
(0.5201416, -0.327514648, 0.400085449, -0.6798096)
(0.520019531, -0.328063965, 0.40020752, -0.6795044)
(0.520019531, -0.328063965, 0.40020752, -0.6795044)
(0.520202637, -0.3284912, 0.400268555, -0.6791382)
(0.520202637, -0.3284912, 0.400268555, -0.6791382)
(0.520202637, -0.328613281, 0.4005127, -0.6789551)
(0.520202637, -0.328613281, 0.4005127, -0.6789551)
(0.5201416, -0.328613281, 0.4005127, -0.6790161)
(0.5204468, -0.328918457, 0.4003296, -0.678710938)
(0.5204468, -0.328918457, 0.4003296, -0.678710938)
(0.5204468, -0.328918457, 0.4003296, -0.678710938)
(0.520568848, -0.3293457, 0.400817871, -0.6781616)
(0.5204468, -0.329650879, 0.401184082, -0.677856445)
(0.5204468, -0.329650879, 0.401184082, -0.677856445)
(0.5204468, -0.329650879, 0.401184082, -0.677856445)
(0.5203247, -0.329589844, 0.401184082, -0.6779785)
(0.5203247, -0.329589844, 0.401184082, -0.6779785)
(0.5204468, -0.329772949, 0.401123047, -0.677856445)
(0.5201416, -0.330078125, 0.401245117, -0.677856445)
(0.5201416, -0.330078125, 0.401245117, -0.677856445)
(0.5199585, -0.330078125, 0.401428223, -0.677856445)
(0.5199585, -0.330078125, 0.401428223, -0.677856445)
(0.5199585, -0.330078125, 0.401428223, -0.6779175)
(0.5203247, -0.3302002, 0.401184082, -0.67767334)
(0.5203247, -0.3302002, 0.401184082, -0.67767334)
(0.520568848, -0.330322266, 0.401184082, -0.6774292)
(0.520568848, -0.330322266, 0.401184082, -0.6774292)
(0.520385742, -0.33026123, 0.401245117, -0.6776123)
(0.5201416, -0.331115723, 0.4015503, -0.677124)
(0.5201416, -0.331115723, 0.4015503, -0.677124)
(0.5201416, -0.331115723, 0.4015503, -0.677124)
(0.5201416, -0.331115723, 0.4015503, -0.677124)
(0.520202637, -0.331115723, 0.4015503, -0.677124)
(0.520202637, -0.331115723, 0.4015503, -0.677124)
(0.520202637, -0.331115723, 0.4015503, -0.677124)
(0.520202637, -0.331115723, 0.4015503, -0.677124)
(0.5203247, -0.3312378, 0.401489258, -0.677001953)
(0.5198364, -0.330871582, 0.4017334, -0.677368164)
(0.5198364, -0.330871582, 0.4017334, -0.677368164)
(0.519897461, -0.330871582, 0.4017334, -0.677368164)
(0.519897461, -0.330871582, 0.4017334, -0.677368164)
(0.520568848, -0.331604, 0.401306152, -0.6767578)
(0.520080566, -0.331542969, 0.4013672, -0.677124)
(0.520080566, -0.331542969, 0.4013672, -0.677124)
(0.520080566, -0.331542969, 0.4013672, -0.677124)
(0.5205078, -0.33190918, 0.401000977, -0.676818848)
(0.5205078, -0.33190918, 0.401000977, -0.676818848)
(0.5199585, -0.3317871, 0.401184082, -0.677185059)
(0.5199585, -0.3317871, 0.401184082, -0.677185059)
(0.5198364, -0.331542969, 0.401184082, -0.6774292)
(0.5201416, -0.331542969, 0.401062, -0.6772461)
(0.5201416, -0.331542969, 0.401062, -0.6772461)
(0.5206299, -0.331848145, 0.400939941, -0.676818848)
(0.5206299, -0.331665039, 0.4017334, -0.6763916)
(0.5206299, -0.331665039, 0.4017334, -0.6763916)
(0.5206299, -0.331665039, 0.4017334, -0.6763916)
(0.5201416, -0.331298828, 0.402038574, -0.6767578)
(0.5201416, -0.331298828, 0.402038574, -0.6767578)
(0.519897461, -0.330932617, 0.402160645, -0.677063)
(0.519897461, -0.330932617, 0.402160645, -0.677063)
(0.5198364, -0.330932617, 0.402160645, -0.677124)
(0.5203247, -0.331115723, 0.402038574, -0.6767578)
(0.520080566, -0.3310547, 0.402160645, -0.6768799)
(0.519714355, -0.330810547, 0.40222168, -0.6772461)
(0.519714355, -0.330810547, 0.40222168, -0.6772461)
(0.519714355, -0.330810547, 0.40222168, -0.6772461)
(0.5197754, -0.330810547, 0.40222168, -0.677185059)
(0.5197754, -0.330810547, 0.40222168, -0.677185059)
(0.5194702, -0.330688477, 0.4022827, -0.677490234)
(0.519042969, -0.33026123, 0.402893066, -0.6776123)
(0.519042969, -0.33026123, 0.402893066, -0.6776123)
(0.5192261, -0.330078125, 0.4029541, -0.677490234)
(0.5192261, -0.330078125, 0.4029541, -0.677490234)
(0.5194092, -0.330078125, 0.4029541, -0.677368164)
(0.5194702, -0.330078125, 0.4029541, -0.677368164)
(0.5192871, -0.32989502, 0.403198242, -0.6774292)
(0.5192871, -0.32989502, 0.403198242, -0.6774292)
(0.5192871, -0.329956055, 0.403381348, -0.6773071)
(0.5192871, -0.329956055, 0.403381348, -0.6773071)
(0.519104, -0.329956055, 0.403564453, -0.6773071)
(0.518981934, -0.329833984, 0.403869629, -0.6773071)
(0.518981934, -0.329833984, 0.403869629, -0.6773071)
(0.518981934, -0.329833984, 0.403869629, -0.6773071)
(0.518981934, -0.329833984, 0.403869629, -0.6773071)
(0.518981934, -0.329833984, 0.403869629, -0.6773071)
(0.5187988, -0.33013916, 0.404052734, -0.677185059)
(0.5187988, -0.33013916, 0.404052734, -0.677185059)
(0.5187988, -0.33013916, 0.404052734, -0.677185059)
(0.5187988, -0.33013916, 0.404052734, -0.677185059)
(0.5187988, -0.330078125, 0.404052734, -0.677185059)
(0.518859863, -0.330078125, 0.40411377, -0.677185059)
(0.5209961, -0.3305664, 0.403564453, -0.6755371)
(0.52130127, -0.3307495, 0.403442383, -0.675354)
(0.521118164, -0.330810547, 0.4036255, -0.675292969)
(0.5210571, -0.330932617, 0.4038086, -0.675231934)
(0.5209961, -0.330932617, 0.4038086, -0.675231934)
(0.5209961, -0.330932617, 0.4038086, -0.675231934)
(0.5209961, -0.330932617, 0.4038086, -0.675292969)
(0.520874, -0.330810547, 0.403869629, -0.675354)
(0.5206909, -0.3307495, 0.403930664, -0.6755371)
(0.520751953, -0.330871582, 0.4041748, -0.675231934)
(0.520751953, -0.330871582, 0.4041748, -0.675231934)
(0.520751953, -0.330871582, 0.4041748, -0.675231934)
(0.520751953, -0.330932617, 0.4041748, -0.675231934)
(0.520080566, -0.3312378, 0.405090332, -0.6750488)
(0.520080566, -0.3312378, 0.405090332, -0.6750488)
(0.520080566, -0.3312378, 0.405090332, -0.6750488)
(0.520080566, -0.3312378, 0.405090332, -0.6750488)
(0.5201416, -0.331359863, 0.405090332, -0.674926758)
(0.5201416, -0.331359863, 0.405090332, -0.674926758)
(0.5201416, -0.331359863, 0.405090332, -0.674926758)
(0.5199585, -0.331176758, 0.4052124, -0.6750488)
(0.5199585, -0.331176758, 0.4052124, -0.6750488)
