(0.518981934, -0.282958984, 0.381896973, -0.7104492)
(0.519104, -0.28302002, 0.381896973, -0.7103882)
(0.520751953, -0.284423828, 0.377380371, -0.7109375)
(0.52142334, -0.284851074, 0.376953125, -0.710510254)
(0.52142334, -0.284851074, 0.376953125, -0.710510254)
(0.5214844, -0.2849121, 0.3772583, -0.710327148)
(0.521789551, -0.286315918, 0.375732422, -0.710327148)
(0.522155762, -0.286682129, 0.3756714, -0.709960938)
(0.520813, -0.2861328, 0.376281738, -0.7108154)
(0.520813, -0.2861328, 0.376281738, -0.7108154)
(0.5199585, -0.285888672, 0.376159668, -0.7116089)
(0.5199585, -0.285888672, 0.376159668, -0.7116089)
(0.5222168, -0.2868042, 0.374694824, -0.7103882)
(0.523498535, -0.288208, 0.3725586, -0.709960938)
(0.523498535, -0.288208, 0.3725586, -0.709960938)
(0.524902344, -0.2890625, 0.37121582, -0.709289551)
(0.5266113, -0.290039063, 0.369995117, -0.708251953)
(0.5266113, -0.290039063, 0.369995117, -0.708251953)
(0.5266113, -0.290039063, 0.369995117, -0.708251953)
(0.5266113, -0.290039063, 0.369995117, -0.708251953)
(0.526489258, -0.2915039, 0.368530273, -0.7085571)
(0.5274658, -0.2946167, 0.365722656, -0.7079468)
(0.5274658, -0.2946167, 0.365722656, -0.7079468)
(0.5276489, -0.295410156, 0.365478516, -0.7076416)
(0.52734375, -0.296142578, 0.364440918, -0.708068848)
(0.52734375, -0.296142578, 0.364440918, -0.708068848)
(0.52734375, -0.296142578, 0.364440918, -0.708068848)
(0.527526855, -0.296447754, 0.364501953, -0.7077637)
(0.5275879, -0.2966919, 0.364501953, -0.7076416)
(0.5275879, -0.2966919, 0.364501953, -0.7076416)
(0.5270386, -0.296813965, 0.364807129, -0.7078247)
(0.5270386, -0.296813965, 0.364807129, -0.7078247)
(0.5270386, -0.296813965, 0.364807129, -0.7078247)
(0.5270386, -0.296813965, 0.364807129, -0.7078247)
(0.526062, -0.296875, 0.36517334, -0.708313)
(0.526062, -0.296875, 0.36517334, -0.708313)
(0.526062, -0.296875, 0.36517334, -0.708313)
(0.526062, -0.296875, 0.36517334, -0.708374)
(0.52545166, -0.2970581, 0.365356445, -0.708618164)
(0.52545166, -0.2970581, 0.365356445, -0.708618164)
(0.52545166, -0.29699707, 0.365539551, -0.7085571)
(0.525085449, -0.29675293, 0.365722656, -0.7088623)
(0.524414063, -0.2966919, 0.366333, -0.7090454)
(0.5244751, -0.296630859, 0.366333, -0.7090454)
(0.524047852, -0.296813965, 0.366210938, -0.709289551)
(0.524047852, -0.296813965, 0.366210938, -0.709289551)
(0.524047852, -0.296813965, 0.366210938, -0.709289551)
(0.523864746, -0.29675293, 0.366394043, -0.7094116)
(0.5231323, -0.296325684, 0.366577148, -0.710022)
(0.5231323, -0.296325684, 0.366577148, -0.710022)
(0.5229492, -0.296264648, 0.366638184, -0.710144043)
(0.5229492, -0.296264648, 0.366638184, -0.710144043)
(0.5227051, -0.2965088, 0.366943359, -0.710083)
(0.5229492, -0.296264648, 0.3670044, -0.709960938)
(0.5229492, -0.296264648, 0.3670044, -0.709960938)
(0.522827148, -0.296325684, 0.367248535, -0.7098999)
(0.522827148, -0.296325684, 0.367248535, -0.7098999)
(0.522460938, -0.296264648, 0.367614746, -0.710022)
(0.52142334, -0.296447754, 0.3684082, -0.7102661)
(0.52142334, -0.296447754, 0.3684082, -0.7102661)
(0.52142334, -0.296569824, 0.3684082, -0.7102051)
(0.52142334, -0.296569824, 0.3684082, -0.7102051)
(0.52142334, -0.296569824, 0.3684082, -0.7102051)
(0.52142334, -0.296569824, 0.3684082, -0.7102051)
(0.52142334, -0.296569824, 0.3684082, -0.7102051)
(0.521606445, -0.296813965, 0.368347168, -0.710022)
(0.521606445, -0.296813965, 0.368347168, -0.710022)
(0.521789551, -0.2970581, 0.368347168, -0.709777832)
(0.521789551, -0.29699707, 0.368347168, -0.709777832)
(0.521789551, -0.29699707, 0.368347168, -0.709777832)
(0.5220337, -0.297180176, 0.368164063, -0.7095947)
(0.5220337, -0.297180176, 0.368164063, -0.7095947)
(0.5223999, -0.297485352, 0.367980957, -0.7093506)
(0.5223999, -0.297485352, 0.367980957, -0.7093506)
(0.521972656, -0.297180176, 0.3682251, -0.709655762)
(0.521972656, -0.297180176, 0.3682251, -0.709655762)
(0.5220337, -0.2972412, 0.368286133, -0.7095337)
(0.522460938, -0.2975464, 0.368347168, -0.709106445)
(0.5223999, -0.298217773, 0.367736816, -0.7091675)
(0.5227661, -0.298522949, 0.367675781, -0.70880127)
(0.5227661, -0.298522949, 0.367675781, -0.70880127)
(0.523010254, -0.298706055, 0.367675781, -0.7085571)
(0.5227661, -0.2984619, 0.367797852, -0.708740234)
(0.5227661, -0.2984619, 0.367797852, -0.708740234)
(0.5227661, -0.2984619, 0.367797852, -0.708740234)
(0.5227661, -0.2984619, 0.367797852, -0.708740234)
(0.5227661, -0.2984619, 0.367797852, -0.708740234)
(0.5233154, -0.298706055, 0.367736816, -0.708313)
(0.5231323, -0.2987671, 0.3678589, -0.708313)
(0.5231323, -0.2987671, 0.3678589, -0.708313)
(0.5229492, -0.298583984, 0.3678589, -0.7085571)
(0.523864746, -0.29864502, 0.3675537, -0.7080078)
(0.5231323, -0.298217773, 0.367919922, -0.7084961)
(0.5231323, -0.298217773, 0.367919922, -0.7084961)
(0.523498535, -0.2980957, 0.367736816, -0.708435059)
(0.524047852, -0.298034668, 0.3678589, -0.7079468)
(0.524047852, -0.298034668, 0.3678589, -0.7079468)
(0.524047852, -0.298034668, 0.367919922, -0.7079468)
(0.523864746, -0.2979126, 0.367980957, -0.708068848)
(0.523864746, -0.2979126, 0.367980957, -0.708068848)
(0.523864746, -0.2979126, 0.367980957, -0.708068848)
(0.523864746, -0.2979126, 0.367980957, -0.708068848)
(0.5241089, -0.297973633, 0.3678589, -0.7079468)
(0.5241089, -0.297973633, 0.3678589, -0.7079468)
(0.5241699, -0.298034668, 0.3678589, -0.707885742)
(0.5239258, -0.298034668, 0.367919922, -0.7080078)
(0.5239258, -0.298034668, 0.367919922, -0.7080078)
(0.524047852, -0.2980957, 0.367919922, -0.707885742)
(0.524047852, -0.2980957, 0.367919922, -0.707885742)
(0.524292, -0.2982788, 0.367980957, -0.707580566)
(0.524292, -0.2982788, 0.367980957, -0.707580566)
(0.524292, -0.2982788, 0.367980957, -0.707580566)
(0.5239258, -0.297973633, 0.368164063, -0.7079468)
(0.5241699, -0.2980957, 0.368469238, -0.707519531)
(0.5241699, -0.2980957, 0.3684082, -0.707580566)
(0.523681641, -0.2984619, 0.368469238, -0.707702637)
(0.523681641, -0.2984619, 0.368469238, -0.707702637)
(0.523681641, -0.2984619, 0.368469238, -0.7077637)
(0.5238037, -0.2984619, 0.368469238, -0.7076416)
(0.5238037, -0.2984619, 0.368469238, -0.7076416)
(0.5238037, -0.2984619, 0.368469238, -0.7076416)
(0.5238037, -0.2984619, 0.368469238, -0.7076416)
(0.5238037, -0.2984619, 0.368469238, -0.7076416)
(0.5239258, -0.2984619, 0.368469238, -0.707580566)
(0.5233154, -0.298217773, 0.368896484, -0.707885742)
(0.5231323, -0.2984619, 0.36920166, -0.7077637)
(0.522644043, -0.298339844, 0.36932373, -0.7081299)
(0.5227661, -0.298828125, 0.369995117, -0.7074585)
(0.5227661, -0.298828125, 0.369995117, -0.7074585)
(0.521972656, -0.2982788, 0.370422363, -0.708068848)
(0.5219116, -0.298217773, 0.370605469, -0.7080078)
(0.5219116, -0.298217773, 0.370605469, -0.7080078)
(0.522155762, -0.2982788, 0.370727539, -0.7077637)
(0.522155762, -0.2982788, 0.370727539, -0.7077637)
(0.5217285, -0.2979126, 0.3710327, -0.708068848)
(0.5213623, -0.2977295, 0.3711548, -0.708374)
(0.52142334, -0.2977295, 0.3713379, -0.7081909)
(0.52142334, -0.2977295, 0.3713379, -0.7081909)
(0.52142334, -0.2977295, 0.3713379, -0.7081909)
(0.52142334, -0.2977295, 0.3713379, -0.708251953)
