(-0.03112793, -0.4307251, -0.8602905, -0.2711792)
(-0.0311889648, -0.430480957, -0.8604126, -0.271057129)
(-0.0383300781, -0.448852539, -0.8505249, -0.271606445)
(-0.0439453125, -0.466918945, -0.840393066, -0.2718506)
(-0.0504760742, -0.487121582, -0.828552246, -0.27166748)
(-0.0568847656, -0.506530762, -0.816589355, -0.2711792)
(-0.06488037, -0.5288086, -0.8017578, -0.271057129)
(-0.078125, -0.560668945, -0.778564453, -0.271118164)
(-0.09075928, -0.590698242, -0.7550049, -0.2699585)
(-0.0997314453, -0.612731934, -0.737243652, -0.266784668)
(-0.104492188, -0.6258545, -0.7301636, -0.25378418)
(-0.106750488, -0.6425781, -0.7200928, -0.239379883)
(-0.107910156, -0.6595459, -0.7089844, -0.225463867)
(-0.108886719, -0.6734619, -0.699707031, -0.212463379)
(-0.107849121, -0.6843872, -0.691589355, -0.204406738)
(-0.108520508, -0.6940918, -0.683410645, -0.198730469)
(-0.119140625, -0.695251465, -0.681518555, -0.194946289)
(-0.114318848, -0.691040039, -0.6878662, -0.190490723)
