(0.0458374023, -0.221801758, -0.598938, 0.768127441)
(0.0458374023, -0.221801758, -0.598938, 0.768127441)
(0.0586547852, -0.22668457, -0.594909668, 0.7689209)
(0.0586547852, -0.22668457, -0.594909668, 0.7689209)
(0.0647583, -0.229370117, -0.5942993, 0.768127441)
(0.0670166, -0.232177734, -0.596618652, 0.7652588)
(0.0670166, -0.232177734, -0.596618652, 0.7652588)
(0.06549072, -0.234863281, -0.600769043, 0.7612915)
(0.06549072, -0.234863281, -0.600769043, 0.7612915)
(0.05847168, -0.235229492, -0.603210449, 0.7598877)
(0.0513916, -0.236083984, -0.6043701, 0.7591553)
(0.0513916, -0.236083984, -0.6043701, 0.7591553)
(0.0513916, -0.236083984, -0.6043701, 0.7591553)
(0.04498291, -0.238586426, -0.6046753, 0.7585449)
(0.0406494141, -0.244750977, -0.6038208, 0.7575073)
(0.0367431641, -0.252746582, -0.6020508, 0.7564697)
(0.0367431641, -0.252746582, -0.6020508, 0.7564697)
(0.03253174, -0.258667, -0.601806641, 0.7548828)
(0.03253174, -0.258667, -0.601806641, 0.7548828)
(0.03253174, -0.258667, -0.601806641, 0.7548828)
(0.0269775391, -0.261901855, -0.602417, 0.753540039)
(0.0209350586, -0.2677002, -0.601623535, 0.7522583)
(0.0209350586, -0.2677002, -0.601623535, 0.7522583)
(0.0153198242, -0.275085449, -0.6013794, 0.749938965)
(0.0153198242, -0.275085449, -0.6013794, 0.749938965)
(0.00799560547, -0.279724121, -0.6011963, 0.7484741)
(0.00799560547, -0.279724121, -0.6011963, 0.7484741)
(0.000366210938, -0.28338623, -0.600463867, 0.7477417)
(-0.00610351563, -0.288574219, -0.600280762, 0.745910645)
(-0.0110473633, -0.293518066, -0.5999756, 0.7441406)
(-0.0110473633, -0.293518066, -0.5999756, 0.7441406)
(-0.0150756836, -0.297363281, -0.5996094, 0.7428589)
(-0.01763916, -0.3034668, -0.600769043, 0.7393799)
(-0.017578125, -0.304077148, -0.6011963, 0.738769531)
(-0.017578125, -0.304077148, -0.6011963, 0.738769531)
(-0.0167236328, -0.306152344, -0.601501465, 0.7376709)
(-0.0167236328, -0.306152344, -0.601501465, 0.7376709)
(-0.0148925781, -0.308227539, -0.6021118, 0.7363281)
(-0.0152587891, -0.308776855, -0.603393555, 0.7350464)
(-0.0152587891, -0.308776855, -0.603393555, 0.7350464)
(-0.0180053711, -0.307067871, -0.6043091, 0.734985352)
(-0.0239257813, -0.307067871, -0.6087036, 0.7312012)
(-0.0264892578, -0.310302734, -0.607910156, 0.7303467)
(-0.0264892578, -0.310302734, -0.607910156, 0.7303467)
(-0.0270385742, -0.3121338, -0.608215332, 0.7293091)
(-0.0290527344, -0.312011719, -0.6086426, 0.7289429)
(-0.0290527344, -0.312011719, -0.6086426, 0.7289429)
(-0.02947998, -0.312744141, -0.6074219, 0.729614258)
(-0.02923584, -0.3149414, -0.607910156, 0.7282715)
(-0.02923584, -0.3149414, -0.607910156, 0.7282715)
(-0.03540039, -0.3178711, -0.609436035, 0.725463867)
(-0.0364990234, -0.3190918, -0.612243652, 0.722473145)
(-0.0364990234, -0.3190918, -0.612243652, 0.722473145)
(-0.03643799, -0.319030762, -0.6134033, 0.7215576)
(-0.0378417969, -0.317932129, -0.615356445, 0.7202759)
(-0.0387573242, -0.3187256, -0.616088867, 0.7192383)
(-0.0387573242, -0.3187256, -0.616088867, 0.7192383)
(-0.04058838, -0.318115234, -0.6179199, 0.7178345)
(-0.04058838, -0.318115234, -0.6179199, 0.7178345)
(-0.0439453125, -0.317810059, -0.6192627, 0.7166748)
(-0.0474243164, -0.318969727, -0.6220093, 0.713501)
(-0.0474243164, -0.318969727, -0.6220093, 0.713501)
(-0.05090332, -0.322631836, -0.621521, 0.712097168)
(-0.0588989258, -0.3222046, -0.623718262, 0.7097168)
(-0.06036377, -0.323059082, -0.6235962, 0.709289551)
(-0.06036377, -0.323059082, -0.6235962, 0.709289551)
(-0.0639648438, -0.32409668, -0.624023438, 0.7081299)
(-0.0639648438, -0.32409668, -0.624023438, 0.7081299)
(-0.0648193359, -0.324707031, -0.623901367, 0.707885742)
(-0.0648193359, -0.324707031, -0.623901367, 0.707885742)
(-0.0668334961, -0.32598877, -0.6248169, 0.7062988)
(-0.06781006, -0.3255005, -0.6257324, 0.705627441)
(-0.06817627, -0.325256348, -0.626281738, 0.7052002)
(-0.06817627, -0.325256348, -0.626281738, 0.7052002)
(-0.06817627, -0.3255005, -0.625976563, 0.7053833)
(-0.07293701, -0.326171875, -0.6260376, 0.7045288)
(-0.07293701, -0.326171875, -0.6260376, 0.7045288)
(-0.07348633, -0.326171875, -0.626464844, 0.704101563)
(-0.07562256, -0.326171875, -0.627868652, 0.7025757)
(-0.07562256, -0.326171875, -0.627868652, 0.7025757)
(-0.0759277344, -0.3256836, -0.6282959, 0.7024536)
(-0.07739258, -0.32598877, -0.629272461, 0.7012329)
(-0.07739258, -0.32598877, -0.629272461, 0.7012329)
(-0.07788086, -0.3258667, -0.629455566, 0.70111084)
(-0.0781860352, -0.32598877, -0.6295166, 0.700927734)
(-0.0781860352, -0.32598877, -0.6295166, 0.700927734)
(-0.0783081055, -0.325805664, -0.6296997, 0.7008667)
(-0.0781860352, -0.325439453, -0.6300659, 0.7006836)
(-0.07836914, -0.325256348, -0.630249, 0.700622559)
(-0.0781860352, -0.325134277, -0.6305542, 0.7003784)
(-0.07879639, -0.32421875, -0.631652832, 0.699768066)
(-0.07879639, -0.32421875, -0.631652832, 0.699768066)
(-0.07879639, -0.323669434, -0.6321411, 0.699584961)
(-0.07879639, -0.323669434, -0.6321411, 0.699584961)
(-0.07928467, -0.323181152, -0.6329956, 0.6989746)
(-0.08001709, -0.3223877, -0.633728, 0.6986084)
(-0.08026123, -0.322265625, -0.634460449, 0.697937)
(-0.08026123, -0.322265625, -0.634460449, 0.697937)
(-0.08026123, -0.322265625, -0.634460449, 0.697937)
(-0.08026123, -0.322265625, -0.634460449, 0.697937)
(-0.0803833, -0.3223877, -0.6345215, 0.697876)
(-0.08239746, -0.320922852, -0.6364136, 0.6965332)
(-0.08239746, -0.320922852, -0.6364136, 0.6965332)
(-0.0824584961, -0.320922852, -0.6364746, 0.696472168)
(-0.0824584961, -0.320922852, -0.6364746, 0.696472168)
(-0.08258057, -0.321167, -0.63671875, 0.696167)
(-0.08380127, -0.319458, -0.638977051, 0.694702148)
(-0.08380127, -0.319458, -0.638977051, 0.694702148)
(-0.08502197, -0.318603516, -0.6405029, 0.6935425)
(-0.08581543, -0.316772461, -0.64263916, 0.6923218)
(-0.08337402, -0.313415527, -0.6453247, 0.6916504)
(-0.08325195, -0.313293457, -0.645385742, 0.6916504)
(-0.08404541, -0.31262207, -0.645874, 0.69140625)
(-0.08404541, -0.31262207, -0.645874, 0.69140625)
(-0.0842285156, -0.3126831, -0.645935059, 0.6912842)
(-0.0842285156, -0.3126831, -0.645935059, 0.6912842)
(-0.0842285156, -0.3126831, -0.645935059, 0.6912842)
(-0.0842285156, -0.312744141, -0.645935059, 0.6912842)
(-0.08679199, -0.3133545, -0.645935059, 0.6906738)
(-0.08679199, -0.3133545, -0.645935059, 0.6906738)
(-0.08721924, -0.313110352, -0.6459961, 0.6906738)
(-0.08721924, -0.313110352, -0.6459961, 0.6906738)
(-0.08721924, -0.313110352, -0.6459961, 0.6906738)
(-0.08666992, -0.3106079, -0.6472168, 0.690734863)
(-0.08666992, -0.3106079, -0.6472168, 0.690734863)
(-0.08666992, -0.310180664, -0.647338867, 0.6907959)
(-0.08666992, -0.310180664, -0.647338867, 0.6907959)
(-0.0861206055, -0.309448242, -0.647583, 0.690979)
(-0.0861206055, -0.309448242, -0.647583, 0.690979)
(-0.0861206055, -0.309448242, -0.647583, 0.690979)
(-0.08654785, -0.3088379, -0.6478882, 0.690917969)
(-0.08654785, -0.3088379, -0.6478882, 0.690917969)
(-0.08654785, -0.3088379, -0.6478882, 0.690917969)
(-0.087890625, -0.30871582, -0.6478882, 0.6907959)
(-0.087890625, -0.30871582, -0.6478882, 0.6907959)
(-0.08795166, -0.30871582, -0.6478882, 0.6907959)
(-0.08782959, -0.3088379, -0.647827148, 0.6907959)
(-0.08831787, -0.3086548, -0.6479492, 0.690734863)
(-0.08850098, -0.30670166, -0.649536133, 0.6900635)
(-0.08850098, -0.30670166, -0.649536133, 0.6900635)
(-0.08807373, -0.306335449, -0.6496582, 0.690185547)
(-0.0881958, -0.306030273, -0.649292, 0.6906128)
(-0.0881958, -0.306030273, -0.649292, 0.6906128)
