(0, 0, 0, 0)
(0.269955039, 0.6053664, -0.7372881, 0.130621687)
(0.281449467, 0.603026152, -0.737373352, 0.115871526)
(0.2697752, 0.6062433, -0.736710131, 0.1301871)
(0.2801945, 0.600909233, -0.739333153, 0.117412746)
(0.271277726, 0.608254254, -0.734947, 0.1276244)
(0.279581964, 0.5998003, -0.74036777, 0.118021257)
(0.273728877, 0.609407842, -0.7337195, 0.123896174)
(0.28613767, 0.608863652, -0.73192966, 0.108116984)
(0.280829847, 0.598197162, -0.741257, 0.1176134)
(0.2725224, 0.6056181, -0.7365573, 0.128224209)
(0.2845852, 0.6051877, -0.7348726, 0.112789616)
(0.2731996, 0.6068685, -0.735364556, 0.127716228)
(0.284632683, 0.601339161, -0.737689, 0.114848793)
(0.275466472, 0.5943281, -0.744431138, 0.1292852)
(0.266119033, 0.601783752, -0.7396825, 0.141091242)
(0.271498442, 0.612661362, -0.7303172, 0.132557079)
(0.283619642, 0.6118868, -0.728967249, 0.117307432)
(0.289967865, 0.6002835, -0.736912549, 0.111974478)
(0.2778553, 0.600422, -0.73881036, 0.128254)
(0.268998146, 0.609175146, -0.7332629, 0.137372553)
(0.280562341, 0.6060703, -0.734069467, 0.122905038)
(0.270928562, 0.6118268, -0.7308281, 0.134744555)
(0.280279219, 0.604997754, -0.7350802, 0.122793868)
(0.280175835, 0.59365803, -0.7441155, 0.123950534)
(0.283442855, 0.6047823, -0.7348601, 0.117810428)
(0.2716646, 0.6027587, -0.738274157, 0.133534729)
(0.283224255, 0.605272651, -0.7346004, 0.11743588)
(0.291175485, 0.59653765, -0.740079463, 0.107898086)
(0.279580355, 0.5975132, -0.7414312, 0.122851662)
(0.278801471, 0.6083915, -0.7330209, 0.121695422)
(0.279381335, 0.596537352, -0.7424506, 0.121887267)
(0.2791427, 0.608075738, -0.733567, 0.119175486)
(0.2766436, 0.596935034, -0.7428199, 0.123917021)
(0.274543941, 0.608337, -0.7341728, 0.124668188)
(0.27807048, 0.597211957, -0.7424678, 0.121475115)
(0.288067818, 0.6031068, -0.7361066, 0.106892809)
(0.2784782, 0.596421659, -0.743036151, 0.120947927)
(0.271807164, 0.605808139, -0.7367276, 0.1278664)
(0.281113923, 0.598379, -0.741187751, 0.11644052)
(0.287412882, 0.588167, -0.747920156, 0.109858185)
(0.2783245, 0.5956969, -0.7436568, 0.121058248)
(0.269092768, 0.6035299, -0.738852, 0.13205491)
(0.280788153, 0.6020961, -0.73822844, 0.116863817)
(0.274365932, 0.5922294, -0.7469133, 0.126917571)
(0.2792694, 0.602961063, -0.7377553, 0.1190115)
(0.271296084, 0.5942145, -0.745741665, 0.131060719)
(0.273003578, 0.60564, -0.7364846, 0.127513692)
(0.268007576, 0.594787061, -0.7457448, 0.135147288)
(0.2780191, 0.600804, -0.7396688, 0.120954961)
(0.278287441, 0.5889282, -0.748713553, 0.123076439)
(0.269799948, 0.5965639, -0.7438727, 0.134063184)
(0.279670179, 0.60273546, -0.737668633, 0.119747832)
(0.281377345, 0.591050446, -0.7464266, 0.119722821)
(0.271991134, 0.59688133, -0.7432391, 0.131716251)
(0.283627033, 0.5951983, -0.74283123, 0.116174854)
(0.272974342, 0.600629032, -0.7403922, 0.1286441)
(0.28349036, 0.5957864, -0.7425501, 0.1152871)
(0.27330178, 0.6015317, -0.739663, 0.127923578)
(0.279529154, 0.591565847, -0.746436954, 0.121429719)
(0.2705675, 0.5991232, -0.741893768, 0.132054225)
(0.2806082, 0.6050388, -0.7358004, 0.117408916)
(0.2711095, 0.5977085, -0.743118346, 0.130457863)
(0.282833368, 0.5998732, -0.739579141, 0.114804715)
(0.272852838, 0.593547761, -0.746049941, 0.129080608)
(0.264386475, 0.60161227, -0.74078536, 0.139282763)
(0.275250047, 0.597916543, -0.742270947, 0.125566959)
(0.287057817, 0.599358, -0.739106953, 0.109948255)
(0.27566, 0.5969716, -0.742855132, 0.125708655)
(0.266245961, 0.6038494, -0.7387852, 0.136657849)
(0.274349481, 0.596016645, -0.7439257, 0.1267716)
(0.2827054, 0.604745269, -0.7357211, 0.114346661)
(0.276099145, 0.595436752, -0.744037867, 0.1250278)
(0.264812618, 0.597984135, -0.743469656, 0.139793172)
(0.2765589, 0.6008251, -0.739684939, 0.124058746)
(0.270725965, 0.611047268, -0.732475758, 0.129645735)
(0.276558816, 0.6011204, -0.739570737, 0.1233069)
(0.270555824, 0.5909073, -0.748370051, 0.132553652)
(0.27552, 0.601598144, -0.7393841, 0.124416277)
(0.2660726, 0.5941951, -0.746464968, 0.1375771)
(0.276192069, 0.6003553, -0.740341365, 0.123231918)
(0.282206923, 0.5902845, -0.7471544, 0.116977386)
(0.2727149, 0.596586645, -0.743702352, 0.1289103)
(0.2650045, 0.605383158, -0.7378314, 0.137435719)
(0.275936782, 0.6024937, -0.7387679, 0.122809574)
(0.280818135, 0.5918386, -0.7463305, 0.117724672)
(0.270673454, 0.596446931, -0.7442277, 0.130812585)
(0.275362164, 0.5859287, -0.7516586, 0.125986323)
(0.271845341, 0.5976377, -0.7432669, 0.128388956)
(0.281533837, 0.6044106, -0.736502647, 0.113975585)
(0.27562505, 0.5943529, -0.74534744, 0.123420618)
(0.270076036, 0.60411495, -0.7384756, 0.129451811)
(0.274386227, 0.59344244, -0.7462401, 0.1251564)
(0.270248979, 0.6044344, -0.7383606, 0.128250062)
(0.2803807, 0.5990288, -0.741131544, 0.11521782)
(0.269354939, 0.5944252, -0.746389747, 0.1304179)
(0.2769385, 0.60344, -0.738234043, 0.119062088)
(0.266517222, 0.5970137, -0.7449078, 0.1328743)
(0.2767783, 0.6025264, -0.739251554, 0.117740452)
(0.278971285, 0.5908781, -0.7480275, 0.116159253)
(0.2675061, 0.5925431, -0.748459, 0.130928457)
(0.270967722, 0.6039702, -0.7391804, 0.124132544)
(0.2645736, 0.5941065, -0.747926533, 0.1328316)
(0.276241452, 0.597057343, -0.7440265, 0.11678087)
(0.266370028, 0.5910183, -0.750066638, 0.130936369)
(0.270975739, 0.6021252, -0.7408604, 0.1230577)
(0.2585075, 0.602446556, -0.7424027, 0.138095334)
(0.269518465, 0.5987348, -0.7440331, 0.123657137)
(0.2750553, 0.588455558, -0.7511356, 0.117728561)
(0.2692747, 0.598701537, -0.744139135, 0.123711392)
(0.280114532, 0.6029424, -0.7390827, 0.1084112)
(0.268241644, 0.600523233, -0.742990732, 0.124028213)
(0.278310269, 0.5946762, -0.7459692, 0.111506835)
(0.266496629, 0.59468323, -0.7477787, 0.127115712)
(0.274767071, 0.603106, -0.7400158, 0.114641592)
(0.2623762, 0.603069365, -0.741991341, 0.130057439)
(0.2740975, 0.603669941, -0.7398447, 0.114380263)
(0.2701631, 0.5928934, -0.748806238, 0.121566609)
(0.2761479, 0.603123069, -0.7398971, 0.111970179)
(0.266222417, 0.5966444, -0.7465368, 0.125793144)
(0.277762532, 0.5943318, -0.7465442, 0.110857286)
(0.2762227, 0.5831363, -0.7553095, 0.11471995)
(0.275424868, 0.5955131, -0.7460679, 0.113524809)
(0.2681402, 0.605463743, -0.739549, 0.120755374)
(0.256549835, 0.599763453, -0.7457405, 0.13541466)
(0.2666999, 0.5933563, -0.749556, 0.122332387)
(0.274571717, 0.584282339, -0.7553, 0.11290054)
(0.2675073, 0.593741953, -0.7491502, 0.1211787)
(0.264381617, 0.6055632, -0.7403296, 0.1237237)
(0.2724828, 0.597509742, -0.745384, 0.114621088)
(0.260796428, 0.59553194, -0.74850446, 0.130644113)
(0.272789747, 0.596058547, -0.746377945, 0.114977956)
(0.262437344, 0.6013412, -0.74383986, 0.127347887)
(0.273156673, 0.606561661, -0.738161, 0.112190105)
(0.2686538, 0.5959535, -0.7471931, 0.119862184)
(0.259492964, 0.5887287, -0.7538447, 0.133342266)
(0.264901161, 0.599625, -0.7447816, 0.124810345)
(0.276663184, 0.598642051, -0.74375844, 0.10912656)
(0.265633166, 0.6023675, -0.7426278, 0.122866869)
(0.271679, 0.5924354, -0.7494865, 0.116106719)
(0.2635621, 0.600725055, -0.744308054, 0.125179827)
(0.270069152, 0.591375649, -0.750653267, 0.117716089)
(0.2697496, 0.6033758, -0.741375, 0.116343893)
(0.2704543, 0.591977954, -0.750113, 0.117247738)
(0.2678625, 0.6033734, -0.7416783, 0.118758291)
(0.272948474, 0.5931601, -0.7488494, 0.113511719)
(0.268581361, 0.6039087, -0.741142333, 0.117755674)
(0.270393848, 0.5923755, -0.7497694, 0.117576919)
(0.263536364, 0.6018518, -0.743385851, 0.125301)
(0.274022, 0.5971282, -0.745518744, 0.112034589)
(0.266392529, 0.6058954, -0.739822, 0.120785423)
(0.269260466, 0.5946156, -0.748131752, 0.119289041)
(0.2605904, 0.602497756, -0.7431529, 0.129664317)
(0.271171957, 0.5981516, -0.745106459, 0.11617624)
(0.265422046, 0.608244956, -0.738079, 0.12177287)
(0.269224942, 0.5971651, -0.7462172, 0.118623421)
(0.269468039, 0.585740864, -0.75490576, 0.12004941)
(0.266652584, 0.5974936, -0.7463347, 0.121993147)
(0.275892049, 0.6049974, -0.738980234, 0.108489275)
(0.269277364, 0.5953807, -0.747589946, 0.11883045)
(0.257781237, 0.5929798, -0.750900865, 0.134431019)
(0.26895085, 0.5972656, -0.746155, 0.119129919)
(0.269750327, 0.6089775, -0.7368001, 0.116219267)
(0.2710816, 0.597544551, -0.745555937, 0.11662633)
(0.2607071, 0.6026918, -0.742885649, 0.13005884)
(0.27203542, 0.607001066, -0.7377842, 0.114982918)
(0.260505229, 0.603746, -0.7420669, 0.130247578)
(0.271729648, 0.5992049, -0.743986666, 0.116620511)
(0.260168165, 0.598323762, -0.7461903, 0.132367864)
(0.270389885, 0.60510397, -0.7394186, 0.118316218)
(0.259513557, 0.610534668, -0.7366947, 0.13107647)
(0.269075334, 0.6038472, -0.7407327, 0.119507737)
(0.26978448, 0.5922441, -0.7496538, 0.120342225)
(0.26230073, 0.601255953, -0.743690431, 0.128895208)
(0.273868769, 0.603771567, -0.7400306, 0.113183334)
(0.2644778, 0.596413553, -0.747250438, 0.126329362)
(0.275364876, 0.6010885, -0.7419496, 0.111254081)
(0.264373481, 0.596523046, -0.7472127, 0.126253828)
(0.2726124, 0.604957342, -0.739414454, 0.113909051)
(0.264003783, 0.5968134, -0.747137368, 0.126101539)
(0.269144237, 0.6074458, -0.7380839, 0.117486425)
(0.274416, 0.59746325, -0.74505794, 0.112348787)
(0.26274702, 0.598304, -0.7460215, 0.128250316)
(0.274586231, 0.601366937, -0.74176, 0.1129266)
(0.265002519, 0.6081909, -0.737875164, 0.124168612)
(0.276504725, 0.6054674, -0.738235652, 0.10937272)
(0.264904827, 0.602196157, -0.7427249, 0.12467882)
(0.274651319, 0.5954475, -0.746468544, 0.113108821)
(0.264728, 0.6014431, -0.7432498, 0.125558689)
(0.2740662, 0.608913064, -0.7358652, 0.112316459)
(0.268496662, 0.598766148, -0.744791031, 0.121139675)
(0.275617421, 0.6081528, -0.736234, 0.110202372)
(0.266108334, 0.6011199, -0.7433773, 0.123415746)
(0.275554359, 0.6082966, -0.7362084, 0.109736964)
(0.2702689, 0.598009169, -0.745193362, 0.118433863)
(0.269823551, 0.60967356, -0.7360096, 0.1174024)
(0.26841107, 0.598481357, -0.7450432, 0.121186428)
(0.266331822, 0.610030055, -0.7362018, 0.122219637)
(0.269884348, 0.599028, -0.7443948, 0.119181544)
(0.264040023, 0.60870105, -0.737624168, 0.12520577)
(0.270834774, 0.5993391, -0.7440494, 0.11760807)
(0.264968544, 0.609574556, -0.7368609, 0.123476818)
(0.271748424, 0.600532651, -0.743017733, 0.11592181)
(0.26434806, 0.609518647, -0.737053156, 0.12393485)
(0.270120472, 0.5997609, -0.7439496, 0.117732771)
(0.266751558, 0.6111831, -0.735435069, 0.120141968)
(0.271181673, 0.60087955, -0.742971957, 0.115744628)
(0.2690603, 0.6124768, -0.7341085, 0.116461836)
(0.2757498, 0.6031989, -0.74033016, 0.109656096)
(0.275312752, 0.5929552, -0.7482746, 0.112658612)
(0.2722682, 0.6049765, -0.73933953, 0.115111306)
(0.269186884, 0.6161697, -0.7308625, 0.117103532)
(0.277293921, 0.6070435, -0.73682785, 0.108125038)
(0.266071975, 0.610805631, -0.7357513, 0.121623248)
(0.269734144, 0.6003168, -0.743578136, 0.118130356)
(0.265163541, 0.6112008, -0.735674, 0.122088872)
(0.2703978, 0.6008435, -0.743097067, 0.116956815)
(0.2821578, 0.602764964, -0.7394094, 0.101662114)
(0.270463616, 0.6048633, -0.7398016, 0.116976894)
(0.26786533, 0.6160971, -0.731208861, 0.118347853)
(0.2747524, 0.6067692, -0.7376261, 0.110680029)
(0.2637598, 0.6112255, -0.735866249, 0.123834342)
(0.272690147, 0.6032311, -0.7408372, 0.1136336)
(0.263056219, 0.59621, -0.7477803, 0.127121389)
(0.270021379, 0.60575366, -0.7393366, 0.116328612)
(0.2737032, 0.6166061, -0.7300175, 0.109352559)
(0.272752374, 0.604962, -0.7395586, 0.112605974)
(0.284228384, 0.6085353, -0.734487653, 0.0970919)
(0.275165766, 0.601665, -0.741679251, 0.110430419)
(0.263269037, 0.6036604, -0.741949856, 0.125674173)
(0.271969378, 0.611842752, -0.734073639, 0.113212071)
(0.2618257, 0.6053814, -0.7408624, 0.126820222)
(0.273810059, 0.6063559, -0.738288, 0.110866211)
(0.263092458, 0.6010628, -0.7441432, 0.1255261)
(0.271783143, 0.609102368, -0.736478269, 0.112817869)
(0.260353774, 0.604757, -0.7417322, 0.127743155)
(0.272092223, 0.6051808, -0.739709, 0.11203891)
(0.2602597, 0.6077158, -0.7395388, 0.126604691)
(0.271626383, 0.604628265, -0.7402993, 0.112253025)
(0.259676516, 0.607205153, -0.7400853, 0.1270578)
(0.271413177, 0.607252836, -0.7383335, 0.111545928)
(0.264177978, 0.5977722, -0.7469847, 0.1220335)
(0.2733225, 0.6049592, -0.739902139, 0.108922)
(0.263508171, 0.598238945, -0.74671, 0.12287315)
(0.268795818, 0.608778834, -0.737602949, 0.114363007)
(0.270013, 0.5973614, -0.7464317, 0.114420623)
(0.268790126, 0.608682156, -0.737716, 0.1141618)
(0.2697743, 0.59719646, -0.746567249, 0.11495883)
