-2,-2,0,-18,-12,-4,-3,-3
-1,-2,-2,1,7,-2,-1,1
-1,0,0,22,12,-4,-2,-2
1,1,2,-2,0,-1,2,0
-1,-1,-2,-6,-17,-3,-3,0
-2,-3,-6,-4,17,8,0,-3
-2,-3,3,-3,-7,-10,0,-2
-1,-3,-3,2,-9,-2,4,-2
3,2,3,1,-13,5,-16,0
0,1,-3,-19,6,-1,-4,-1
-3,-7,-3,-1,8,-2,1,-1
0,0,2,32,-14,-16,-1,-1
-2,1,-2,-16,10,21,8,0
-1,-1,-2,11,-12,-15,-11,0
-1,3,-1,-8,5,-5,-6,-2
-1,-2,-1,-11,6,10,-4,0
-3,-3,0,7,-9,-11,3,-1
1,3,-3,-3,17,15,-2,-4
-1,-2,-2,-12,-25,-8,51,7
0,-6,1,-2,-7,2,-82,-11
-4,-5,-7,3,4,-14,13,-4
4,6,11,1,6,14,7,2
-20,-13,-7,-2,-20,-42,-16,-10
14,2,1,-13,-26,1,40,7
0,3,-3,-3,17,5,-8,-6
3,-7,-6,9,-32,-17,-17,-2
11,13,8,5,30,28,-2,2
-17,-19,-7,-4,9,0,8,-2
6,-1,1,-9,-11,-13,-6,0
-1,8,-3,14,14,7,23,2
-3,-3,0,0,-6,1,-12,1
1,5,-3,-9,1,-3,8,1
-1,1,4,-16,5,-4,-4,0
0,0,-5,7,-4,9,4,-3
2,0,7,7,-10,2,-23,-1
-8,3,-2,1,12,6,-9,-3
2,-6,-1,2,22,13,45,3
-11,-2,-1,-11,-29,-23,-25,-5
4,2,-5,-10,-15,1,-2,1
3,-5,-1,5,31,-1,11,2
-1,-7,5,17,-44,9,-2,-4
-2,-2,-1,-8,11,6,1,3
17,-2,-2,-1,5,6,1,-5
3,12,0,-7,-4,-6,-5,3
-4,2,-2,-8,1,-12,-8,2
-2,-10,-2,7,0,7,8,2
-5,5,-3,9,20,0,-13,-5
0,5,2,-4,-14,-10,5,0
9,-2,-1,3,-2,5,-11,-1
-14,-2,-4,-7,1,10,8,-5
0,-1,-1,-2,-12,-14,4,1
1,-4,-1,6,-4,0,0,-5
-2,-3,-7,-5,-6,-5,4,7
6,-3,-3,-6,4,2,-3,1
3,-1,-11,1,14,9,4,1
-2,-6,2,-7,-8,-7,-7,-19
9,50,39,10,-5,-6,-6,0
4,10,-8,-1,14,2,-2,-2
-8,-60,-11,-2,-5,8,0,5
-22,-17,-1,-6,-3,12,6,0
-16,-24,-12,9,12,-5,-4,-1
7,27,4,9,-10,2,1,-4
-6,21,2,-19,15,-32,-9,-4
-3,-10,-13,8,-18,32,18,12
17,2,-1,-14,-15,-6,-19,-8
41,5,-1,14,5,-5,1,19
2,19,7,1,1,2,2,-13
-19,3,4,-2,20,-8,-3,10
7,0,-7,-5,27,-4,-7,-4
-15,17,-3,-2,-44,2,11,-8
5,-40,8,-1,24,22,-7,12
-2,6,8,3,-27,-24,22,4
-11,-13,-7,-2,-16,-8,-8,-12
0,-18,-17,-10,15,-6,-1,3
5,48,-5,-9,-18,19,2,-11
-24,18,29,13,10,3,-2,3
14,12,7,10,7,-7,0,5
-25,-61,-16,-6,-2,5,-4,-12
27,20,43,2,-2,-4,7,26
-1,-16,-9,-5,9,-2,-10,-18
-33,-9,7,8,-12,1,1,1
-11,25,5,-2,33,2,-5,-5
-14,-22,-17,-7,-30,-19,-1,-4
64,1,-12,-8,-20,2,-1,18
-1,11,2,3,-5,10,-6,1
39,44,3,-17,4,-17,7,1
-58,-44,-7,19,4,-12,11,-11
30,-8,20,3,10,4,-16,-3
-104,-28,-28,-4,26,10,8,-14
28,-25,5,-3,-39,-25,-8,1
4,42,-2,-7,5,2,-3,-9
22,32,-3,-4,27,15,-5,-9
50,-54,-6,-13,-27,-15,-4,22
-23,-25,2,3,0,20,-3,0
47,4,-21,9,-14,-10,-2,5
-56,13,-20,-4,14,-3,-6,-22
-46,15,9,-13,-16,0,0,-4
80,4,-5,-6,-5,-3,4,12
-23,0,-5,11,28,1,1,32
-61,-24,-8,-9,-37,10,-17,-59
50,6,-19,2,9,-14,14,13
-26,22,48,7,19,25,1,5
87,-10,11,-1,-18,-8,-14,1
-14,65,-12,-4,16,-12,8,26
-56,-34,1,0,-16,-11,4,-8
-16,-29,-26,-1,0,4,-19,-19
-22,-6,14,0,31,11,8,8
65,50,14,-1,-19,-18,-6,8
-53,-51,-14,-4,2,20,3,-6
18,10,2,1,-3,-9,-11,-1
58,52,-7,-5,8,13,13,6
-102,-108,-10,0,26,-19,-15,-27
82,46,12,1,-43,7,-9,0
-73,18,3,7,16,-2,1,-9
-42,-57,-18,0,-10,-3,0,-18
25,-13,4,3,-2,-16,9,23
34,44,-16,-2,23,-16,-4,6
-35,-48,-9,-3,35,65,0,13
8,35,-2,-12,-56,-68,12,-22
61,8,12,5,-1,5,0,24
-48,2,23,2,15,7,2,-24
-3,26,-4,-2,-24,-26,-5,13
11,11,2,-5,7,40,3,0
-35,-23,-5,-14,15,-29,-3,-15
39,6,7,11,-40,10,-23,-12
-13,-54,-27,6,-8,-11,24,4
-2,-28,-3,-6,35,1,-11,6
26,-10,-30,-16,-51,-7,-4,-1
-22,89,13,11,28,5,-2,11
12,-55,1,2,-8,-14,0,-9
-13,-12,-16,-4,-5,-1,-11,5
1,30,2,-3,11,9,3,-10
-6,-34,-15,1,12,5,13,14
-3,63,-6,-7,-19,-21,-11,-13
1,-39,14,-2,9,4,3,-11
-29,-17,15,18,20,25,2,15
-5,21,8,8,-8,-39,11,7
38,-18,5,1,-34,-23,-11,-3
-57,-10,-2,-3,-9,4,-10,-3
23,37,-23,-22,3,14,6,1
-4,-59,-8,2,9,-11,-16,-11
31,35,9,12,19,31,30,11
-45,11,-2,-10,-12,-17,-15,-13
-4,-15,2,3,-7,-2,-3,-11
1,-41,-6,-8,4,14,6,-6
69,15,-13,-9,-6,-26,-3,29
0,30,3,1,3,26,-13,-32
-13,-27,16,5,18,16,5,7
86,6,2,2,-8,-8,5,7
-67,4,23,-6,27,14,1,-17
-12,6,-6,-3,-38,-38,-1,-3
43,30,-6,6,11,9,-13,16
13,-14,-6,-1,-12,-6,3,4
7,1,-11,6,6,3,5,-15
-58,-16,21,-12,24,36,4,4
21,16,-14,2,-29,-33,1,0
-19,39,13,7,11,2,-3,-10
-29,-18,-14,-5,30,39,0,-3
-10,-10,-5,5,-44,-28,-11,2
-6,-6,-7,-8,54,23,10,-3
84,36,4,-13,-86,-23,-1,10
-43,-50,1,-3,12,-6,-6,-3
41,-1,-11,4,7,2,2,-1
-10,-2,1,3,-12,-10,4,3
-87,25,5,-7,33,5,-14,-23
-5,-66,5,-1,-13,-12,-7,-19
-23,25,-6,6,1,10,7,5
16,14,17,0,-19,-5,-5,-3
-10,-18,-42,-11,21,8,5,-8
26,61,75,9,-20,-14,-1,9
23,-26,-28,0,29,14,-1,10
-42,-16,2,5,-19,-8,3,-4
-8,-36,-9,-2,8,-1,0,-4
38,7,-11,-13,0,-3,-4,11
-34,4,2,2,-8,-6,6,-12
12,16,-4,11,44,27,3,9
-9,-15,1,-7,-30,-38,18,14
25,51,-22,-8,-62,-8,-32,-13
7,-30,17,-1,18,6,4,6
-36,-52,-5,-15,9,14,-8,-37
-7,9,-3,6,15,-3,1,4
16,1,-3,4,14,0,5,7
1,15,0,0,-8,1,-2,-10
18,-2,-2,0,-6,-12,-2,9
-31,-4,1,-7,6,16,-4,-5
-40,38,6,-4,-10,-14,2,3
1,-67,-11,4,9,6,-7,2
-9,-2,-13,-1,-29,-14,2,-8
12,-4,11,-6,5,9,-3,15
-12,11,-2,8,7,-10,-5,-20
42,17,10,7,11,6,1,0
13,-2,-25,-2,-15,-6,5,17
43,11,37,-2,9,13,-2,3
-24,-13,-17,-2,32,-19,0,-5
-25,13,-1,-1,-58,-3,-2,-14
45,-15,6,-2,-14,6,3,43
-96,-4,-16,-3,-9,-3,-14,-70
22,9,1,-10,8,4,7,18
51,22,10,5,9,-1,3,10
-66,-15,-9,-8,-5,-13,-18,-29
16,49,3,15,49,4,15,18
-1,-78,-15,-10,-61,-6,-5,-13
14,-13,-10,-5,6,-8,-4,8
36,17,-12,-4,-1,-4,0,11
-36,4,20,-10,17,0,-9,-13
-74,-26,-9,11,-4,2,-14,-6
49,22,1,1,11,0,9,24
5,23,17,9,-3,-1,-4,-19
86,-16,-10,3,-1,4,0,30
-43,78,3,-2,2,15,2,-28
2,-72,0,3,-9,4,-3,13
5,23,3,-1,-5,-10,4,-10
18,-19,-12,4,-7,-4,-3,13
58,13,-6,-5,14,-3,4,14
-22,10,-7,-5,16,-11,11,-7
-38,-31,4,-2,-4,10,-18,-10
-41,-9,-4,-10,-10,12,1,7
22,10,4,10,9,1,-2,1
-14,53,-10,4,40,21,1,-17
38,-69,2,-13,-78,-45,4,25
-13,18,13,12,-2,1,-5,-16
2,-24,-9,-6,10,3,3,3
-39,5,2,5,-8,-1,-3,-17
35,13,-5,1,56,5,-2,7
-58,-14,-13,-8,-43,-20,-10,0
7,-21,-2,-8,-12,5,5,-8
6,32,7,7,1,-12,-5,12
5,-21,-3,0,29,23,1,-2
-4,2,-14,-4,-10,-11,-5,-2
7,-34,-17,-4,9,4,-1,6
-12,-25,-2,-9,-10,-2,-8,2
15,60,1,3,12,8,6,4
7,-13,2,2,-14,8,-1,-27
-27,-13,2,-5,5,-1,1,2
16,22,-4,-7,-10,-1,1,-11
-5,39,28,17,-13,-12,1,8
30,-35,-11,-6,12,17,2,12
-13,4,-2,5,58,7,0,-9
79,-31,-19,-11,-73,-8,-9,14
-117,41,2,-4,4,-1,10,-20
-9,-6,-2,-2,5,-12,-1,4
-10,-17,-4,-5,4,2,-8,1
8,11,5,-4,19,5,4,-8
14,-20,-4,-7,-17,-6,0,20
7,71,-7,9,7,9,-7,-32
9,-79,-9,14,-19,-7,11,14
-27,6,-3,-4,23,-6,-14,-8
5,-10,-1,-3,-21,-8,1,-9
17,-4,-9,-10,12,5,3,11
4,16,4,-9,-22,-14,-4,-2
48,34,9,13,13,6,4,24
-59,-70,-13,3,14,-4,-10,-48
59,31,23,-3,9,-7,1,13
-77,2,-4,-4,-24,18,0,0
-4,31,13,4,0,-5,3,-1
20,-36,-17,-5,-5,-1,-8,-9
0,-36,-11,-2,0,2,12,13
-19,1,10,-2,-6,-11,-4,-14
15,15,2,-4,14,-9,-8,4
30,17,11,3,10,44,18,24
-17,-21,-2,-6,-1,-9,-7,-12
33,33,10,-4,-5,-11,-5,12
-49,-1,-7,5,-3,2,27,-10
53,-56,-27,-5,0,1,-24,14
-49,10,48,10,10,4,-3,-20
23,53,-3,2,-15,-2,2,8
-19,-13,6,1,21,22,-2,-9
-2,16,-9,-5,-9,-11,2,-7
64,-29,-19,-10,-50,-10,-1,17
-5,63,16,-4,10,-1,-4,-5
6,-56,8,6,-3,-6,-3,-9
-3,32,0,5,1,-4,1,-4
-13,-6,-11,-11,14,1,-6,-11
33,-7,-4,11,-12,-6,3,-7
8,14,5,-9,-7,-4,-3,5
-60,2,5,0,16,10,5,-7
42,-20,-13,1,-9,-9,-2,23
-16,-31,-12,-10,-4,0,-4,-12
-25,9,-2,-2,10,2,-3,9
-7,63,14,2,-27,-28,-3,-20
22,-47,-8,-5,11,29,8,12
-8,-20,3,0,-2,-13,3,1
-70,-10,-1,14,1,-11,-7,-9
17,-7,1,-2,9,5,3,2
-7,31,-4,-3,-14,-13,-1,8
-18,-21,-25,-6,3,6,-7,-10
30,7,16,-5,-7,-5,2,5
39,25,2,8,0,-3,4,13
-35,33,-8,2,12,-4,-11,-14
22,-74,-4,-5,-4,4,1,19
-12,-11,-19,-13,-1,-3,-2,-14
-26,-20,-5,-4,-10,-3,-4,-17
31,8,7,-4,1,-1,5,22
1,26,-4,9,39,1,7,1
13,0,0,2,-43,-5,-4,-9
-52,-32,4,-2,5,2,-1,-3
11,48,-9,0,-5,-1,-9,-11
-21,-31,13,-3,4,-9,3,-6
-9,-30,-8,-9,3,-2,0,11
-20,9,2,8,6,16,0,9
15,-3,-11,2,-10,-29,-6,-15
5,17,-7,-4,-20,1,-5,-1
13,-8,12,-4,-11,-2,0,-3
29,13,29,-4,-13,-6,-2,4
-8,-5,3,8,20,13,-1,-5
8,1,-3,-2,6,1,2,1
-1,9,-10,-8,-3,-8,-3,2
24,32,-1,-2,6,3,1,11
-30,-82,8,5,10,5,1,-9
50,42,9,3,-6,-3,-1,11
-75,13,-14,4,11,12,3,5
19,-14,-4,0,5,-14,-2,6
-18,0,2,-8,-12,11,3,-3
9,3,-10,-1,-13,-3,-2,-3
16,-1,18,-2,10,2,0,-1
-2,-22,-5,8,3,0,-1,0
48,-10,-4,1,-3,-7,-2,7
-50,22,5,-5,3,3,11,-9
8,-9,-9,-5,1,0,-16,4
6,-6,-7,-5,-5,3,6,24
8,1,-6,-8,-7,-1,-9,-45
-21,11,1,-2,2,-2,-1,-1
-19,-19,-10,3,-2,-4,15,4
-42,-34,-18,-12,-6,7,-3,-10
75,54,27,10,8,4,7,24
21,-41,-7,3,1,0,-6,12
-28,-8,36,-5,-9,-6,-2,-30
30,46,-11,-1,-4,-4,-3,13
-100,-25,-6,7,6,0,3,-10
-27,17,23,-4,-3,0,-6,-30
100,16,-15,2,-1,0,-3,25
-85,-25,10,-1,1,-1,-1,-19
-9,36,-3,-4,-4,0,-4,32
51,38,9,3,-1,2,6,1
-18,-73,-15,5,0,0,-8,-8
36,26,6,-1,-1,1,2,-2
-34,-13,-21,-16,-4,-7,-2,4
17,-33,-13,6,-2,4,7,10
-13,35,1,-7,5,-1,-20,-31
-9,-15,-11,-2,-7,-5,-9,-13
-18,-19,2,3,4,-4,-3,1
83,33,-3,-5,3,10,5,6
-73,-5,-11,-2,-12,-6,5,-18
36,-15,-2,-2,43,38,-9,18
-2,-3,-5,6,-40,-30,18,-7
-66,-42,8,3,0,-2,-8,-10
30,20,-1,1,0,0,3,22
-1,-8,-10,-15,9,6,-1,-8
-9,14,5,2,14,7,0,0
13,9,-3,9,-19,-2,-8,-4
-1,14,-2,-1,-5,-7,7,-3
-4,-40,-13,-14,-11,-14,-2,-6
62,95,28,14,18,8,1,22
-28,-88,-16,-8,-9,-9,-5,-4
-4,13,-5,-3,7,2,-11,-10
45,6,3,-7,-15,-11,4,-6
-16,-14,3,2,7,3,-12,-9
-44,10,1,5,6,4,-4,-2
42,7,-7,-6,-3,-4,13,14
-24,0,7,4,-4,-5,-15,-4
4,-10,-6,-5,-1,-7,-2,-8
-55,-15,-5,-10,-3,6,-4,-15
48,-7,-1,0,-7,6,7,17
-20,56,5,6,-8,-9,3,-13
-7,-95,-14,-3,1,-2,-6,10
10,44,-1,-4,6,-3,-6,-7
24,-11,-4,-2,2,1,1,12
-58,8,18,-4,-8,-6,-4,-25
-1,-12,-15,2,14,24,1,5
12,20,23,10,-10,-24,0,17
-1,13,8,3,16,7,0,-8
8,34,6,3,-12,-9,1,13
48,-73,-14,-19,-10,8,5,-8
-5,2,-9,2,-17,-14,-4,-4
-19,-24,-8,2,6,6,-4,2
21,28,7,6,15,-16,-1,0
-14,19,1,-6,-36,1,6,-4
14,-20,-6,-8,11,6,1,6
-14,18,8,3,-6,-8,-13,-14
30,-26,-11,-1,0,6,10,12
-26,6,5,-10,2,-11,-9,-7
29,26,-1,-1,6,5,0,-11
-5,-9,12,8,-9,-3,1,11
-13,-41,-17,-1,5,5,2,-11
-7,25,5,7,1,-6,-4,5
41,11,0,-12,0,2,5,23
-40,9,0,4,0,3,-4,-25
31,-33,0,6,-7,-2,1,7
-16,6,-10,-9,1,-1,-6,-17
-70,13,11,2,4,4,8,18
-34,-8,7,-9,2,-1,-4,-31
-7,1,5,0,-8,0,-5,-3
11,55,37,13,0,-11,-9,5
-43,-39,-13,-5,6,15,9,-16
-5,-2,-16,-10,-4,-5,0,-1
7,-2,-3,-4,-10,-6,1,1
-9,-12,-9,2,5,1,-2,-6
79,36,6,-1,4,-4,-8,27
-47,-5,-5,0,0,6,3,-34
2,-14,-2,2,-21,-18,-11,-10
1,10,-6,0,4,13,1,4
25,-4,17,-1,-6,-6,-6,-18
42,-16,-14,-10,4,-1,7,38
-79,3,-3,4,31,13,-8,-37
40,-11,0,-4,-23,-14,4,3
10,13,-5,-6,3,1,2,-4
-5,-12,0,9,-5,-9,-5,-2
67,20,0,-6,6,5,7,25
-47,-10,-11,9,6,0,-9,-12
-21,31,0,-3,-5,-2,2,8
7,-56,-4,-3,2,-1,-3,-13
34,21,4,1,-7,0,6,26
-37,-17,-17,-8,9,1,-1,-22
12,-1,14,-7,-16,3,-5,-12
-19,21,2,9,-3,-4,-3,3
-33,-8,-1,4,48,-2,-2,4
18,1,7,-2,-57,1,4,20
-64,-12,-14,-5,14,2,-8,-23
43,15,2,-6,-23,-9,12,14
7,-12,2,-7,-16,-4,-3,-12
14,7,-2,5,58,0,5,17
4,-15,-1,6,-38,-13,-12,4
-6,-1,-2,-5,-1,18,7,-26
50,5,-3,10,-4,-3,6,30
-23,5,1,-7,36,11,10,-13
18,-7,-7,1,-41,-16,-22,0
2,11,1,-9,20,-5,-10,-3
-19,-11,-11,-6,-28,-4,3,-10
11,-8,24,4,-4,4,1,1
24,33,-13,9,21,0,7,24
-32,-42,-1,-3,2,-3,-6,-12
12,-2,-6,1,-22,5,-2,-5
53,2,-9,-24,-4,-9,-4,-6
-58,-12,11,18,50,21,11,1
16,32,-2,4,17,-11,-8,15
6,-16,-1,-7,-53,-55,4,-1
7,7,-11,-2,-46,3,-7,11
23,-1,1,-12,27,-1,-2,-13
-12,12,-3,-2,-32,-13,-2,-3
-40,-21,11,16,43,20,-3,-5
6,16,-1,2,-13,-26,6,7
-12,-15,0,-7,-18,-9,-3,-12
4,-15,-8,-3,6,11,0,23
3,11,-1,-12,9,5,3,-2
-20,31,-2,7,-13,8,-6,-6
44,-67,-13,1,4,24,1,18
-38,10,-1,-8,12,1,-7,-4
-15,7,-1,-4,17,9,1,-29
-13,-18,3,6,-18,-11,0,-8
64,34,10,0,-10,-15,1,6
-16,-7,-4,7,4,3,8,15
0,-17,-3,1,12,15,-5,-4
-11,10,-8,-3,6,-4,-6,1
-50,-10,0,-8,6,2,4,-14
28,-8,7,-5,-50,-7,-11,-10
22,7,2,6,11,9,-2,7
-24,-26,-7,-5,20,29,1,-16
-30,14,6,8,-10,-16,7,4
86,23,1,-3,13,7,3,33
-50,-42,-11,-8,-49,-13,-12,-10
-10,20,-6,0,8,2,3,-6
-11,41,-9,0,44,13,-5,-11
2,-52,-5,-3,-38,-2,-2,-11
-47,7,-5,-3,4,-15,0,0
22,-22,29,7,9,-10,4,26
0,-6,-20,-10,-15,-15,-12,-21
-5,20,0,10,24,8,6,1
37,12,-4,-15,-4,24,1,7
-9,-6,3,1,-2,-30,-2,-26
4,5,10,0,-13,9,21,-1
-58,4,-1,7,4,-1,-3,-1
15,-8,-12,-3,-1,-8,-6,-7
-9,8,-5,-2,23,12,0,11
6,-16,-2,-7,-22,-16,-1,0
38,4,-3,-6,1,-1,0,-1
-40,92,14,3,-30,-36,0,1
-19,-99,-2,0,1,-24,-3,-8
5,-2,-7,-2,9,4,-4,13
52,17,4,5,0,2,1,4
-18,-3,1,-6,12,11,-5,-8
13,-13,-34,-10,0,8,-2,-2
-9,2,40,7,-25,-14,-5,-1
17,6,-6,1,16,9,-3,1
-27,-2,5,6,35,26,4,9
33,7,-5,-9,-42,-25,0,6
-2,-33,-17,-10,21,13,0,13
-41,28,13,11,-19,-9,-4,-18
43,-35,10,13,46,-1,3,16
-43,-4,-13,-6,-46,11,2,-5
20,-3,-8,-6,19,9,-5,-1
-11,17,6,-8,-24,-20,6,11
11,-11,-4,2,-14,-14,-7,-16
-18,-10,0,3,79,43,-5,-13
42,18,0,-5,-81,-38,-8,13
-32,-14,-7,-3,13,6,3,-14
30,-13,-1,3,6,8,-1,10
1,40,7,2,-15,-1,-1,-6
33,19,-2,-7,7,6,-10,2
-58,-79,-24,-2,22,0,-5,-18
65,17,17,6,-29,-8,4,15
-50,-1,12,-1,1,5,-5,-8
-7,23,12,14,12,-4,4,0
64,16,1,-10,-8,-8,-1,18
-52,-6,-3,1,-10,14,0,-24
50,12,-11,-6,10,-3,4,0
-10,-3,-3,15,10,15,7,-2
0,3,-2,0,32,-20,-18,-7
10,-19,9,-12,25,40,22,16
20,65,10,8,-76,-27,-5,6
-3,-91,-18,2,-5,2,-13,-10
7,20,12,-2,35,18,2,8
48,19,-2,4,-24,-16,-1,19
-95,-32,-7,-6,25,0,4,-26
-15,-24,-14,-8,11,-9,-9,-10
-14,0,2,4,17,30,9,-1
77,35,9,-6,-27,-12,0,22
-33,-11,-4,-7,9,-2,-2,1
-68,-31,-13,1,-15,-16,0,-32
-6,2,-8,5,8,4,-2,17
-14,6,17,-6,-7,-4,-2,-4
41,-28,-17,10,10,-4,-2,3
-1,26,13,1,21,29,7,5
-8,25,-6,-17,-6,-25,-3,-14
-72,-39,-9,0,-52,-4,-4,-6
95,2,-3,-4,2,13,-8,8
-13,5,10,7,-23,-59,10,-8
-6,6,14,6,-1,12,-15,-26
-33,12,-9,-8,14,-10,-4,-22
20,-22,1,0,20,10,2,5
-53,15,-5,-7,9,16,-6,12
60,13,7,8,-41,-12,6,16
-18,-26,-16,-8,66,3,-6,-33
-34,-1,5,1,-60,-36,-10,-9
13,22,1,-6,38,33,16,8
-5,-13,1,0,49,-9,-8,-2
-27,-3,-9,6,-63,-27,-2,7
28,23,8,-3,-24,-14,1,5
52,-6,1,0,5,-5,-7,4
-19,-20,-4,-10,-23,10,10,-1
3,28,-9,-11,-5,-12,-4,-8
-10,-5,19,10,32,10,4,13
58,15,18,20,-9,-18,-10,-1
-22,-18,0,3,-15,29,6,1
1,9,-6,-3,24,7,0,-4
14,-12,-20,-4,-6,0,2,1
-12,39,9,-10,25,9,-7,-3
36,-44,1,-10,2,-3,8,3
-17,6,-1,14,-4,-10,-26,-8
-4,9,14,5,-7,-4,11,0
1,-3,-10,-1,-20,-1,1,0
-67,8,1,-1,-1,-8,-2,5
32,-7,1,-9,0,1,5,-8
-12,-6,-2,-5,35,22,-14,-11
-17,-7,-11,2,-12,-2,15,6
34,32,-1,2,-32,-6,-5,-12
3,-40,2,-4,14,12,3,5
-92,-4,-2,7,14,1,-8,-3
-5,41,-12,-11,-10,8,1,-26
29,-37,3,0,-7,-15,-3,16
-11,-6,-7,-1,-6,26,12,-2
56,14,4,3,17,-1,-2,9
-4,-21,-9,-8,21,1,2,1
-6,19,-6,-7,-57,-22,-17,5
42,14,8,2,-14,-22,15,25
-61,-27,-9,-5,8,5,-14,-40
-16,-21,2,9,11,27,6,6
7,38,-7,-3,36,-10,-4,4
-8,-37,12,2,3,18,9,6
77,17,-6,-8,-38,-18,2,14
-16,0,-15,-13,6,-14,-10,4
-4,18,24,-5,-3,-1,4,-3
10,-37,-19,22,12,4,-17,-33
-37,16,7,-2,-4,13,16,15
26,-7,5,7,-8,-14,-15,-7
-37,-16,-14,-12,4,20,15,8
19,42,1,-10,12,2,-8,6
-13,-8,3,4,-18,-20,-9,-5
6,-2,-4,-5,-14,-3,4,1
12,-13,2,0,3,6,-4,-3
-43,-1,2,-3,27,-1,0,5
32,11,-1,10,-5,7,-5,-3
-33,-16,-2,-7,21,4,0,8
20,-11,-8,5,-30,8,-12,-34
34,1,-3,-6,-45,-5,15,9
27,18,-5,-23,20,-3,0,15
-13,-27,-8,7,0,-6,-3,-28
-11,18,8,17,26,18,-9,7
28,-28,0,-13,2,-6,2,13
7,12,8,-1,4,13,3,18
-14,14,5,15,-45,-58,-22,-33
7,7,-17,-7,-7,13,26,8
-48,-25,-14,-19,4,4,-10,-15
48,24,15,19,18,-5,5,16
-26,-46,-6,-1,-15,8,5,25
28,25,7,-3,40,9,-9,-24
-68,-17,-8,-2,-33,-7,-9,-5
-28,-25,-9,-5,-15,0,6,-9
40,21,8,-8,6,8,1,14
2,6,-5,13,0,-8,3,3
31,36,6,9,13,-7,-2,10
-70,-55,-4,6,20,14,-2,-7
39,12,-7,-6,2,17,3,-9
21,-1,3,-15,-39,-39,-9,10
15,-11,-10,3,29,23,1,-1
-11,56,39,3,-20,-11,-2,-8
10,-28,-1,0,11,6,1,13
-66,-36,-6,-6,8,-6,-4,-25
-1,21,0,3,2,-3,-4,-14
43,-21,-16,11,5,-5,-1,7
-47,13,3,-8,-8,-3,-2,-20
32,1,2,2,-4,-11,-3,16
-56,-6,-6,2,17,14,6,4
8,25,-8,-14,-19,-21,3,-15
47,3,0,4,44,45,2,19
-34,-33,-16,-17,-61,-43,-7,-5
26,33,14,2,32,3,2,2
16,-25,-2,16,-59,2,1,2
-59,22,-1,-2,2,-5,-3,4
-6,3,0,-2,26,15,6,4
-2,-4,-4,-5,-10,-17,-12,-14
28,13,-8,-6,34,10,-1,5
-34,-2,-1,-5,-31,-11,1,-1
-5,-6,-4,3,2,7,2,-6
63,17,2,-2,-8,-8,1,15
-30,-21,-22,-6,7,0,-5,-10
37,24,12,5,-3,-7,0,-8
-46,-16,-7,4,12,-2,1,-5
56,-1,6,2,3,1,-1,0
-16,-7,-4,-8,2,12,-2,13
20,2,4,-2,-16,-8,-1,4
57,39,6,17,7,9,2,8
-76,-47,-9,-5,-1,-8,-16,0
-36,-20,-20,-15,-1,-14,8,-37
-68,-21,-8,-14,-14,4,-4,4
20,21,6,2,-30,-9,-2,-4
6,44,8,9,10,1,2,11
43,-34,10,4,26,3,-1,18
-54,-24,-9,-3,41,-16,-4,-19
6,-8,4,-7,-41,-2,3,2
11,-3,1,-2,-11,-6,-2,-12
25,11,-1,-3,-4,8,-4,10
43,17,7,11,14,-4,14,25
-28,-22,-11,-15,11,5,-16,-6
-35,10,20,9,-16,-13,-3,-32
19,20,9,7,15,2,4,0
4,-13,-7,4,-32,-14,-6,-5
7,-13,-3,-1,41,14,2,11
-8,21,-11,-13,-50,1,-1,-10
-48,-13,-4,-3,12,-3,-7,-11
10,-10,-13,-5,8,20,1,-1
44,29,18,1,-3,-14,4,13
-8,-28,11,6,17,7,-11,-8
21,11,10,-4,-13,-8,2,1
-15,-5,-2,1,1,0,0,-2
30,9,-6,2,-1,-1,3,2
52,21,-7,2,72,10,2,21
-44,-20,-2,-6,-85,-10,-14,-18
38,11,-1,-11,-1,22,16,17
50,-8,-3,3,9,-35,-4,-9
-64,-3,3,8,-11,-12,-1,-9
36,12,-2,0,41,4,0,22
-37,-10,-4,0,1,3,-3,-18
-1,-8,-3,-2,-21,-8,1,2
2,4,8,-5,-7,4,5,3
6,-2,-2,1,-3,3,0,4
30,20,2,3,-5,3,-6,-4
-31,-12,25,-2,21,6,-1,-1
-9,-12,-9,-3,-21,-13,4,-1
2,-5,-12,-1,29,24,-7,-3
20,18,-1,-15,-42,-40,-7,-3
-43,-14,13,23,12,12,0,-6
-13,-4,-5,-3,0,-1,3,7
-11,10,5,-9,-15,-6,0,-7
-10,-10,-12,2,12,-3,-7,-9
-22,9,-15,-9,-1,8,4,13
28,-10,3,5,-18,-2,-2,-32
13,13,-10,-4,13,-8,-1,18
-20,-14,12,2,-2,2,-4,-6
-18,-1,-15,-4,10,4,-2,-5
34,8,6,-6,-20,6,-1,14
28,-6,8,0,13,-4,-1,-5
25,0,-1,4,-8,-7,2,6
-36,-4,-6,-2,11,14,2,2
-37,-22,-19,-5,-4,5,-2,-10
29,0,13,-3,7,-5,1,-4
15,3,7,11,-9,2,2,20
-8,-3,-14,-5,8,-1,-3,-34
-28,-20,-13,-8,11,-13,-12,6
2,3,-8,-5,-20,8,14,-5
-55,-3,-10,1,16,3,-3,-2
51,8,11,11,-11,0,1,11
-6,9,6,7,4,-6,2,2
-9,-4,-3,-7,29,8,-4,1
20,3,-5,-8,-39,-28,-5,-5
12,2,7,1,-13,-4,-3,14
-29,-17,-5,0,-4,-17,-4,-25
-44,0,-4,1,15,-18,-3,-1
3,-3,1,-5,-51,3,4,-6
6,-2,-8,-3,17,1,-2,11
25,19,6,1,-7,-19,-1,-7
77,-25,9,5,43,28,8,-9
46,36,2,-3,-14,1,-17,23
-64,-34,-15,-5,-2,-4,-5,-41
-13,2,-6,3,-6,0,5,8
-8,0,-16,-23,6,-7,-5,0
28,-2,7,11,26,11,-1,7
25,34,42,12,2,11,3,-10
14,-8,-17,3,-26,-6,-5,13
-24,7,2,6,-22,-7,-5,-7
-8,-18,-2,-11,-13,-39,3,-7
-27,-12,-21,-14,-23,-12,-2,4
16,13,8,1,41,7,3,1
20,21,-9,0,-18,12,-8,-5
-55,-15,19,-1,0,-5,-4,-22
10,-7,-5,7,23,24,13,9
10,3,3,-7,-17,-8,-1,28
7,-7,-5,-1,-3,0,-5,-21
32,10,-9,7,44,17,1,-8
-49,-2,13,-8,-34,-7,-9,-8
11,-19,-3,-5,9,13,6,6
0,2,-17,0,-13,-14,0,0
-63,-12,5,7,23,7,-1,-14
14,-1,-6,-3,-22,-15,-2,-2
20,10,1,0,-5,6,1,5
-35,-15,-8,1,9,-8,3,12
-9,-7,3,-9,-8,17,-3,-6
17,12,-7,-1,-4,-9,-6,-10
-14,-24,0,-7,-6,4,-3,-11
-27,-1,-3,-6,-22,-10,0,1
30,8,5,10,23,5,2,3
37,-1,-2,9,3,5,1,16
-7,15,4,0,-4,7,-2,2
-29,-12,3,-9,0,-12,0,-3
-23,-17,-26,-18,5,-3,-2,-32
86,-6,0,8,16,7,-2,28
22,16,1,5,-11,-16,-4,-6
57,2,-1,9,-5,3,8,52
-84,-13,5,-11,4,-3,-9,-53
-11,17,-13,-16,43,4,9,-1
3,-14,10,2,-40,2,-29,-34
37,26,8,3,-34,1,6,3
-44,-57,-38,-3,-9,-7,4,31
-40,33,35,3,9,-1,-3,-16
19,7,-11,-14,30,7,5,13
-31,-23,2,6,28,19,-13,-9
19,-4,1,19,-58,-6,6,-17
-40,-9,-13,-6,-16,-4,-3,-4
22,0,-7,-11,6,-2,6,12
-23,2,2,-14,-3,-3,-4,-15
107,12,0,7,31,18,0,26
-102,-15,-11,6,-24,-22,-1,-6
-13,-13,13,1,2,8,6,-1
31,-3,-11,-2,-6,-4,-5,-5
-32,24,28,-2,15,1,0,18
11,7,-12,-2,-5,10,-3,-1
-11,-18,-11,-9,-5,-3,1,8
-65,5,12,9,-12,-8,3,-9
84,42,0,6,11,-2,-2,10
2,-29,-9,2,19,3,1,-3
-2,11,-15,-13,-22,5,-3,0
-78,-9,10,3,4,-7,-2,-10
37,7,0,-4,-15,-3,-4,-9
30,1,-1,-3,32,6,2,6
-30,-9,-3,8,-35,-24,8,11
87,9,-1,-11,-21,-4,-13,-8
-2,-4,-9,-2,0,5,-6,9
-4,-5,9,7,-13,-15,7,-8
5,2,9,6,33,14,5,14
-55,1,-14,-5,12,1,-10,-39
33,-19,10,-14,-20,-19,4,16
-64,-16,-11,1,5,16,-4,-10
35,0,-17,16,4,-2,-1,-3
-29,6,27,-5,7,-2,1,-9
17,10,-10,-2,10,2,1,1
-3,1,11,-2,-1,-4,-6,-9
-27,-14,-10,-8,-7,-5,-1,-25
27,3,-9,7,-3,-9,1,19
-32,-8,-4,-12,4,7,2,8
26,2,1,6,-15,-6,-3,4
-9,1,-5,1,9,0,-3,-14
14,-7,-1,-13,2,6,2,-21
-44,2,0,3,2,-4,-1,3
37,-6,-1,1,-10,-1,-2,4
-13,10,11,0,17,4,3,15
-10,5,10,8,-14,-6,1,10
-19,-18,-7,1,9,-2,-2,-12
21,-7,-11,-3,-9,-12,-3,1
19,10,6,1,8,15,1,6
39,-7,-1,-7,0,-6,1,12
-42,-3,-4,2,-2,1,-1,-14
5,-5,-10,6,-6,1,-2,0
19,3,10,-3,2,-8,-2,2
-20,4,-4,2,-1,14,-1,6
40,13,0,-8,24,9,3,12
-3,-1,0,-7,-11,6,-5,-6
2,-2,-3,4,-23,-27,1,2
29,-7,3,9,-33,0,-8,-2
-35,-13,-3,0,10,-4,-5,-10
36,8,9,-13,2,-4,-5,1
-52,-15,-8,-5,2,1,1,-13
30,33,-5,8,16,-3,8,21
3,-25,6,2,-17,-2,-11,-16
-9,0,-11,-24,4,13,6,20
16,-4,-5,1,-3,2,-11,-29
-25,-13,-2,20,4,-9,-1,-7
55,15,-5,0,-4,5,2,22
64,26,7,-13,-1,-9,-4,-8
-84,-13,-2,2,33,6,5,-5
20,-1,-3,0,-43,-25,-10,-3
-13,16,12,5,-21,-9,2,-4
7,-14,-4,-3,2,-4,-2,-2
31,18,-6,-12,3,1,7,28
-39,-18,-7,1,17,5,-1,-33
-17,0,9,-4,3,1,-1,-5
-14,14,21,-1,-10,-8,3,2
15,-3,-6,13,-5,1,-9,-13
-10,-6,-2,-5,30,7,3,29
17,1,-9,-12,-23,4,-4,-19
-80,-15,-7,-2,-11,1,-7,-34
3,-11,16,9,4,-4,-3,-10
-2,5,-9,-5,5,4,6,15
-88,-3,6,8,24,7,1,9
36,8,-4,-4,-19,-7,-9,-39
19,8,-2,-3,-35,-27,-6,3
6,-8,3,-6,17,-4,5,-8
30,0,-7,-7,-15,-8,6,32
13,2,-3,4,11,-2,-6,10
-46,-15,6,11,10,9,-6,-3
0,-15,-7,-12,0,-3,2,-22
-18,4,0,2,17,-3,-4,-12
-10,-11,6,2,-11,3,1,12
46,16,-3,-18,5,14,5,9
-23,-3,2,13,-1,1,-3,-1
-9,-13,-14,-8,1,-8,-4,-12
29,10,-4,-2,-5,13,6,18
1,2,7,12,1,-2,-1,7
-18,-3,1,3,-5,-1,-1,4
17,-1,-13,-10,-2,-2,1,-4
21,2,-3,-2,11,-7,1,14
-69,-12,2,-15,-3,8,-1,-21
-6,12,12,12,5,-2,-3,7
42,4,4,6,-17,1,0,-12
9,3,-13,-6,10,1,0,15
-2,-13,1,-9,-15,-16,-7,-23
5,-8,-4,-9,-10,13,2,-2
15,5,-8,-7,1,8,1,13
-20,-11,8,24,12,-5,-1,-4
42,16,-7,2,-2,-8,-6,6
25,11,1,-6,40,29,-4,2
-23,-11,9,0,-53,-48,-2,-12
8,-6,-11,-2,31,10,2,4
-36,23,4,-6,-21,-5,3,-21
-81,-33,-4,-12,8,-4,-8,1
-13,-4,-9,11,-29,9,-8,-31
-31,-7,1,-4,26,0,-1,-8
-4,-12,-7,-3,0,0,5,18
65,11,32,-1,-14,4,-1,2
-27,4,1,0,30,-10,-3,-3
6,-2,-4,-5,-22,-9,-1,6
13,-12,-11,5,-8,5,-2,5
-25,2,-29,-5,2,-3,2,-9
111,18,9,6,29,12,6,49
-96,-21,-7,-15,-29,-8,-12,-47
7,-3,3,-3,-4,29,3,6
8,5,-3,11,2,-10,0,-6
-30,0,4,7,-14,-18,-1,11
42,18,-2,-4,8,27,4,18
25,-16,-6,-4,-10,-18,-3,5
-21,1,-2,-15,-3,11,-4,-16
24,-1,-3,-3,-10,-3,-5,-4
-15,-7,-2,16,4,2,2,2
-16,6,6,5,61,-10,-3,-2
9,-3,-7,-7,-88,0,-1,3
5,4,17,-7,19,12,3,11
-14,-11,-1,2,22,-10,1,0
7,27,0,3,-14,-4,-3,-2
-40,-17,-2,1,2,-17,-3,1
-25,-3,-15,-23,21,5,0,-8
16,-2,-1,17,-31,5,1,3
28,4,-3,-1,2,4,2,5
-10,-1,1,-1,13,-6,0,9
-9,-2,4,-1,-15,0,-6,-30
-50,-21,0,5,12,-8,-3,5
33,19,0,-11,-6,3,-3,-13
80,14,0,2,6,-16,2,19
-61,-4,8,-3,4,11,3,-9
26,3,-5,-9,-7,-14,-2,-2
21,-13,7,11,-15,13,1,7
-26,4,-7,4,-15,-22,3,7
38,2,3,0,11,3,4,4
-81,-4,-7,-9,-10,-1,-3,-18
-3,-4,8,-2,-1,-11,0,10
19,11,5,5,94,22,1,1
7,-16,-14,-8,-98,-22,-4,22
37,18,8,5,7,5,-1,-9
-9,-9,-9,-13,9,3,-1,-1
-17,-30,-13,-6,1,-1,-7,-16
-15,-30,-5,26,18,3,2,4
-9,19,9,-17,7,-4,0,4
-8,-3,-6,-17,9,1,-2,-2
4,2,16,21,-20,1,2,-5
-3,1,-1,8,7,-12,2,0
52,3,-4,1,-25,-8,0,19
-28,-12,6,2,38,20,-3,-23
-1,5,-4,-15,-64,-43,-1,12
-15,1,-3,-4,36,25,-3,-13
-2,4,0,-7,-9,-8,-4,-8
-16,-2,0,-7,-18,1,2,3
35,-2,-5,19,15,5,-2,-2
82,10,-2,-2,9,5,4,27
-97,-21,4,7,-9,-7,-5,-58
11,-3,-6,-10,0,-3,1,8
9,2,1,0,2,10,-1,-1
6,5,0,-5,3,-10,-1,-2
14,9,5,-12,-11,6,1,20
11,-4,-14,11,-5,-8,-2,-7
-15,-30,-3,-2,4,1,-3,-7
-11,21,0,-4,3,2,-1,3
10,4,-13,-19,4,-5,-4,-7
-13,-10,13,14,10,6,-2,-1
9,4,-15,-2,-19,-7,0,-5
64,16,7,0,14,12,0,-2
-80,-25,-4,-11,-17,-12,3,6
-71,8,-10,3,-3,-12,-10,-15
6,8,1,-17,-7,2,-3,-14
-1,-6,5,11,3,9,0,-3
47,10,1,2,4,2,5,23
39,7,-7,-7,-1,-3,2,8
-24,-14,17,-1,-11,6,-2,2
-29,-5,-6,-6,3,-5,-4,-15
23,-4,-4,2,6,0,0,10
-7,-1,2,6,-5,-2,0,4
-9,20,-1,1,16,11,0,4
-44,-22,-4,-9,-7,-22,-3,-14
62,-3,10,6,-24,10,2,2
6,4,5,-32,-11,-6,-3,-3
59,17,0,24,9,9,-2,2
-68,-8,4,9,50,22,3,1
-5,-21,-17,-4,-26,-23,-5,7
37,2,-4,0,-28,-19,1,-5
-73,-14,-11,-30,-15,-4,1,-14
46,16,7,-5,1,0,-4,-5
37,8,7,27,11,1,-4,-2
11,-6,-1,3,15,23,5,17
-1,2,-4,-1,-4,-9,-1,14
-37,0,14,1,-19,-9,-4,-41
30,-6,-3,-18,23,4,1,12
13,-5,-13,-2,-24,-6,0,5
5,0,-2,26,19,3,2,14
-7,6,-10,-16,3,2,0,1
56,11,2,-4,-6,-11,0,1
-10,-11,5,11,40,40,-1,-1
-22,-15,-7,-12,-50,-23,-2,-13
25,-4,0,1,-3,0,-1,9
-48,9,-8,-4,4,-2,-3,-13
53,-2,-10,-6,16,-4,1,23
-41,5,21,4,20,13,-6,-30
32,7,2,11,-29,-12,0,13
-43,-5,-3,-13,2,3,-3,-20
13,11,0,9,-22,-11,0,1
25,-11,-2,-20,15,7,4,22
22,10,-8,13,9,18,0,1
-3,-18,1,15,-4,-30,0,27
-57,-8,2,4,33,16,1,-35
-42,-2,-6,-20,-50,-19,-9,-11
9,-3,-7,-1,-2,-1,1,8
11,2,1,-4,12,11,0,8
19,-5,0,2,-13,-12,1,3
-3,29,3,-4,26,-6,-1,-13
20,-11,-1,-7,-19,-3,1,11
-54,-5,-4,15,4,9,-5,-20
20,6,-6,-8,-7,-15,-2,-5
-24,-2,-4,-9,28,24,1,13
20,-4,-8,9,-34,-15,2,5
3,15,21,3,8,5,-1,-11
-32,-8,-7,0,-15,-7,-4,-14
58,6,-7,-5,5,-11,0,6
-31,-5,3,-6,58,50,-3,0
14,0,-5,-8,-73,-52,1,3
-17,3,13,12,24,6,-4,-6
-11,-9,4,2,-28,-17,4,-15
23,-7,-10,-5,11,-15,-6,9
-22,-3,-1,0,10,21,5,6
-53,-5,1,-19,-11,-10,-3,-18
89,5,-11,-9,8,0,0,12
-30,-13,5,47,5,-1,2,-8
13,2,-8,-9,13,4,-1,2
32,17,-9,2,-33,-1,0,14
-22,-11,16,-9,11,11,-2,6
-32,3,7,-22,-9,-19,-4,-12
23,1,-8,5,28,23,-4,-16
-8,-11,-1,3,-36,-19,3,11
66,2,-5,4,2,6,1,16
-107,-2,-2,-22,-10,-13,-4,-33
3,6,9,18,27,-11,1,6
14,-8,8,-4,47,37,1,5
