0,2,0,4,-6,0,-1,0
0,3,6,25,4,-1,-1,-1
-3,1,3,0,16,6,0,0
-4,-5,0,-25,-16,-7,-7,-3
0,-1,-36,-26,-9,0,3,2
3,5,35,46,11,1,-2,0
1,0,7,-19,0,-2,-1,0
-3,-8,-40,13,5,0,-1,-1
0,4,42,23,0,1,1,1
-3,-4,-24,-35,-8,-2,0,-3
3,8,0,37,14,4,3,3
-1,-1,9,-6,-1,2,2,1
-4,-7,0,-99,-24,-8,-6,-3
3,4,-12,37,6,-2,1,-1
0,6,38,20,5,-1,-4,-3
2,-1,-18,36,16,4,0,-3
-2,-7,-11,18,-9,2,3,-2
-7,-12,-26,-56,-6,-3,-2,-3
1,-4,-17,-38,-20,-3,3,1
1,5,3,-2,0,-2,0,1
1,8,21,57,15,2,-3,-1
0,2,6,-27,-3,0,-2,0
-4,-11,-20,4,-2,-2,0,-2
1,2,22,11,-4,-4,-1,0
-1,1,13,25,8,-2,-4,-2
-3,-5,-39,-11,-7,-2,-3,-3
0,3,3,-28,4,0,-3,-1
-3,-3,29,72,7,5,2,-2
-22,-15,-22,-40,-13,-2,-1,-2
8,16,4,-8,-19,-8,-5,-2
-2,-2,47,-36,-10,-18,-10,-5
4,-7,-45,-16,9,1,-1,-5
-6,0,-16,11,10,2,0,-2
7,-6,4,52,6,4,-1,1
-8,-10,1,14,1,7,0,-1
7,21,20,-27,-14,-5,-2,1
16,2,-11,-33,-2,0,3,2
-12,-10,16,12,-5,-6,-4,-2
6,10,0,60,13,5,1,1
-14,-11,-17,-48,-4,0,-2,-1
41,20,3,-1,-1,1,-1,2
-7,2,7,31,7,4,1,3
-7,-10,-29,-50,-15,-6,-2,-1
7,5,19,8,6,2,0,-2
-14,-12,-57,-29,-10,-7,-4,-4
-4,1,31,-11,-3,6,4,2
9,-12,-45,-10,-7,-5,-2,0
-13,3,34,42,6,-4,-3,-3
-3,-27,8,-3,2,4,-1,-2
-12,50,37,62,-13,-15,-7,-4
41,22,-22,-24,2,9,5,2
5,0,10,10,2,-2,-1,2
-22,-11,0,-53,-6,-3,-4,-4
41,6,6,14,13,4,0,-1
-17,0,19,-15,-7,-1,-1,-1
-5,-19,-60,-31,-13,-6,-4,-1
12,14,24,22,8,2,0,0
-13,-33,-19,-17,0,0,1,-4
-11,12,-9,3,3,3,1,-2
16,5,42,37,-1,-5,-4,9
-30,-20,-74,-21,-21,-1,0,-9
6,-13,-14,-13,8,2,4,14
25,21,15,38,1,-6,-5,-14
-11,0,-4,-40,-2,1,-2,-4
-8,-6,32,53,14,0,1,2
15,5,18,-5,3,3,-2,-6
23,3,-71,-73,-3,5,4,7
1,-16,20,59,-8,-1,-2,-1
11,28,31,15,6,-1,0,2
-14,-26,19,-39,-2,-2,-2,-3
-23,-16,-28,17,12,2,-1,3
6,7,23,-27,-5,3,0,-3
-14,-9,-14,63,1,-4,-5,0
-6,2,-21,-58,-8,1,2,0
-41,-12,47,71,15,2,0,-4
16,-1,-40,-15,-24,-7,-3,-4
7,11,16,16,2,-4,-2,-1
-5,7,-8,10,8,2,-2,-3
28,7,16,-18,-7,-4,-1,3
-10,-2,14,21,24,10,3,0
3,1,32,-4,-11,-4,0,8
1,-10,-42,-52,2,2,1,-10
-5,-45,-6,22,-7,-3,4,34
7,49,-61,-56,-11,-3,-10,-53
-8,8,26,16,-19,-12,-9,-8
-24,-6,-21,0,1,-1,-1,-2
-18,-21,12,11,2,-1,-2,-5
19,-3,-8,-44,15,9,11,23
-9,11,39,27,-9,-6,-5,-9
29,3,-26,-15,0,-1,-1,0
-3,16,31,-18,6,2,1,-7
-4,-9,14,57,1,-2,-2,6
13,-3,-19,-36,1,3,3,-2
-11,-2,39,14,-1,-4,-1,7
-4,-1,-41,-8,-1,0,-1,-8
22,4,-27,-62,-17,-5,-3,5
-2,-4,8,42,7,-2,-1,3
-6,3,-27,-18,-8,0,0,-4
-7,2,21,39,-6,-8,-10,-9
-20,-19,8,-46,1,0,-1,1
11,-4,-86,-42,5,8,5,11
-11,11,29,14,2,3,-1,-10
-7,-21,-10,-72,-43,-22,-13,-13
23,5,36,62,17,4,5,8
-22,2,-14,-46,6,1,2,3
67,-13,9,27,18,9,11,25
-65,3,6,60,-6,-9,-11,-25
-45,-30,-30,-52,-35,-11,-4,-4
-3,12,14,-16,17,8,1,-7
-5,-24,4,41,-3,-2,-4,0
13,6,-15,-26,8,9,8,8
11,8,34,-10,1,-5,-4,0
5,-7,-16,35,-5,2,3,3
-22,7,4,-16,0,-8,-5,-6
-18,-12,-31,44,-16,-6,-2,1
-23,15,12,-20,12,1,-3,-5
10,-19,22,17,2,1,-1,1
-20,-16,-2,68,-7,-6,-4,-8
3,57,25,47,17,7,3,-2
23,-14,-58,17,6,0,2,7
-12,2,38,-40,-32,-6,-3,-7
30,13,-42,-17,11,4,4,2
-24,-11,46,78,12,4,-2,-5
-10,-7,-6,-39,-5,-2,-1,-2
13,11,-10,18,15,3,1,1
-16,6,14,-32,-3,-2,-1,-3
102,-14,25,-3,-4,6,10,40
43,20,-69,-4,-1,-6,-9,-26
29,9,-14,-63,-22,-9,-4,0
-22,-9,12,46,9,-2,-4,-7
16,11,-15,-72,-8,-1,-4,0
-33,-31,51,21,8,5,6,9
-59,-26,-40,8,-8,-6,-1,-9
24,23,7,14,-9,-8,-7,2
-27,-24,-21,-7,0,0,-1,-8
-4,14,16,37,11,6,1,2
27,15,12,-53,1,4,0,-1
-14,-10,-53,-2,-20,-4,-2,0
4,-1,12,34,23,0,0,-7
-21,-6,-20,-47,-25,-1,3,2
14,6,29,96,29,-3,-5,0
-8,-10,24,-23,-9,0,-1,-4
-29,-9,-51,-30,-10,-5,-2,-5
20,2,-6,2,9,2,2,9
-10,-25,-12,14,-14,-6,-5,-11
-3,45,33,27,1,-6,-7,-5
-6,7,4,-79,-3,5,5,0
-20,-14,-7,-4,-3,-4,-4,-2
42,4,29,50,6,-1,2,4
-42,-41,-20,-13,-5,2,2,-9
15,3,-22,-34,-7,-5,-3,-5
-10,3,14,21,-2,-3,0,-1
37,-11,-38,-73,-11,-3,-1,14
-53,-16,5,-17,-13,-5,-5,-18
4,-3,11,23,12,0,0,2
4,-5,11,39,-4,0,-2,-3
-35,-39,-6,7,15,5,1,-2
71,77,5,1,2,2,5,18
-17,-10,16,63,-8,-6,-7,-9
-14,0,2,-24,-11,-10,-3,-2
8,21,34,-12,9,5,4,2
-6,-14,-1,14,6,2,2,1
8,-1,-31,-35,-2,1,-2,-3
6,14,19,-7,-11,-6,-3,0
-29,-4,3,-10,-8,-3,-4,-5
6,-17,1,3,2,1,-1,-1
32,20,16,-58,-1,-1,1,3
-6,-15,-24,49,5,-1,-1,-1
-19,6,21,-40,-8,-1,0,-3
0,-14,-54,34,1,-6,-7,-3
-13,-16,4,17,3,7,3,0
-18,-3,22,-34,-23,-11,-5,-7
9,6,-2,9,15,4,2,0
-6,-1,20,48,-16,-6,-3,-2
-21,-48,-14,17,-6,-3,-1,-3
10,60,34,3,10,2,1,4
15,15,-40,-53,-6,0,0,0
5,-17,6,-122,-36,-9,-3,0
-10,1,28,80,18,-1,-5,-7
14,3,12,18,4,1,3,-2
-10,-5,19,17,9,2,-1,-2
34,4,-11,-27,11,3,3,4
4,25,19,-9,-12,-1,4,5
-18,-26,-39,-39,-14,-6,-4,-2
-14,5,22,18,10,-2,-5,-6
-48,-56,-40,27,4,0,-2,-8
20,10,0,-17,0,1,4,21
9,-25,-21,-23,-7,2,-1,-13
-30,21,31,55,-14,-12,-6,-6
-31,-10,-30,-18,3,-2,-2,-2
11,-9,-12,-11,3,1,1,-1
-4,-1,14,-20,10,6,4,7
-2,-18,-29,-72,-21,-2,-1,-3
32,0,-40,58,-21,-11,-5,-2
-5,16,38,-3,-5,-8,-9,-12
12,-4,-21,11,8,1,-1,1
0,-7,9,19,-2,0,-2,-1
-4,16,25,-36,12,4,3,2
2,1,-5,-9,-7,2,1,0
-42,-19,-56,15,-5,-7,-3,-1
26,-19,4,-5,8,5,1,3
21,87,62,51,12,2,0,-9
3,-12,-39,-38,-11,-3,-3,-2
-7,-3,50,-7,10,5,3,3
-4,-3,-23,-3,3,1,0,-2
10,-6,18,14,-6,-4,1,4
-25,0,3,22,9,2,-4,-5
-4,-18,4,33,15,6,2,11
38,41,-19,-48,-37,-9,-4,-6
-1,-12,-1,0,17,5,0,0
-12,4,-7,32,8,1,1,-1
5,0,-5,-73,-2,-1,0,-3
-18,0,42,94,9,0,2,7
-7,-24,-16,-124,1,7,4,0
19,21,-16,80,-13,-8,-6,-3
9,3,-3,41,-1,-2,-1,2
-26,-22,-19,-8,3,1,0,-4
0,12,17,-24,-4,-4,0,0
-10,-21,12,-23,7,0,1,0
50,26,36,24,-1,-2,-4,-2
-5,8,13,39,2,-1,-1,-1
-10,-26,-54,12,0,1,-2,0
0,-15,23,11,11,5,4,2
-25,-1,-34,-63,-27,-8,-4,-5
-4,-7,-14,13,9,2,3,0
6,12,51,64,14,-3,-6,0
-16,-16,-45,-63,-31,-7,-4,-5
9,19,16,50,23,3,2,7
4,-36,-17,-32,-15,-3,-3,-4
-17,59,10,-23,-4,-1,3,0
-6,6,-2,42,6,3,3,1
11,-14,4,-36,-7,-4,-5,-7
15,-4,40,6,13,4,-1,-1
-27,-31,-90,-22,-20,-6,-3,2
-2,6,-9,-38,-7,-7,-7,-20
-18,9,17,50,14,8,4,-3
-1,-5,-15,-4,-12,-11,-2,4
16,-7,23,41,-2,3,1,0
0,6,-3,-68,0,0,-2,1
-1,-20,4,-12,-12,-7,-3,0
1,12,-62,-12,14,5,6,2
-4,-2,75,18,22,8,1,0
34,-20,-9,36,9,2,2,2
-3,37,11,-24,0,7,3,-1
34,-3,2,-3,7,-6,-6,2
-32,-15,13,40,-17,-5,-1,-6
-11,-29,7,-105,-6,-3,-1,6
-3,-10,-18,117,10,-3,-3,-2
0,12,9,-1,-5,2,0,-4
19,-7,-13,-23,5,3,1,4
-8,19,20,8,3,-2,-3,-5
-6,-18,-22,-6,-10,-2,1,-1
-39,-1,-23,-25,7,4,1,0
16,2,25,-9,5,1,-4,-5
1,10,-9,-40,-48,-13,-5,0
-17,0,13,-1,4,-1,0,-3
-28,-54,-38,5,-10,-5,-2,-5
-25,28,35,17,12,0,-1,-2
15,9,-71,-53,-21,-6,-6,-4
13,-12,19,21,10,1,0,4
-3,2,24,-3,-3,1,-1,-4
16,-19,-34,-28,-8,-2,2,1
24,-6,-2,19,20,5,4,20
-47,8,68,7,-8,0,-3,-17
-2,14,-46,6,5,-3,-2,0
16,3,5,25,4,2,3,2
-3,7,11,37,7,3,1,2
9,-4,-4,-17,-1,-5,-3,-2
-5,1,26,-20,-12,-3,-2,-2
-37,-43,-8,-9,-13,-8,-2,1
-14,61,9,19,17,5,3,-3
3,-19,-17,-29,-10,-3,-6,1
1,2,-7,-40,-7,-5,-6,-4
3,1,38,59,18,2,-2,-3
-6,-17,-25,-14,-13,1,2,-3
13,11,-21,45,10,2,3,1
-9,9,-7,-12,-21,-8,-2,0
9,-5,-11,-35,2,-2,-2,-4
-8,0,38,60,9,3,0,-3
20,-11,-29,-103,-11,-3,1,11
15,9,2,54,13,2,-3,-9
2,13,2,29,-16,-6,-1,0
-7,-29,18,38,13,4,3,-3
8,47,-3,-21,-14,-2,1,3
-28,-5,6,-33,3,-1,-1,1
30,-9,12,-21,-10,-2,-6,-2
-23,-12,-91,-4,-1,-1,-2,-4
-54,-30,40,-5,2,5,4,-1
37,42,-4,12,-1,3,2,4
-8,11,6,-7,7,3,1,-1
45,6,6,-53,-19,-7,-3,-3
-7,-13,-9,28,7,0,1,-2
17,8,12,3,-7,-2,0,-1
-19,-30,-10,-32,-2,-3,-3,-3
-2,-9,0,10,7,0,-2,-2
1,6,-1,23,5,0,-1,-2
29,-7,13,-35,-11,-2,-4,-3
18,52,-10,16,14,3,1,4
-23,-13,26,-66,-43,-12,-4,-4
10,4,25,-40,-6,-6,-3,-4
-21,-16,-21,8,6,1,2,0
-10,-15,24,41,2,-2,-3,-4
4,11,-17,77,34,11,3,-1
18,2,5,-41,-28,-3,-1,1
35,11,11,-2,-2,-1,3,9
-35,-26,-39,-50,0,3,1,-2
-5,6,72,98,15,-5,-6,-3
-17,-23,-44,-81,-12,-1,-1,-2
26,12,17,21,12,5,2,1
-36,-20,-20,-10,-11,-6,-3,-7
-4,-26,-1,-34,1,5,0,9
-17,52,-3,26,14,1,-3,-5
-21,-14,18,28,-11,-7,-6,-8
26,9,-10,-59,-9,-1,2,3
-21,-13,39,33,1,-4,-4,-4
44,25,-22,70,19,6,1,4
-20,-13,-18,-62,-20,-8,-8,-9
14,23,26,-1,2,1,4,4
-2,1,-7,27,-16,-8,-1,-3
-12,-13,-19,13,1,-4,-2,0
-14,6,21,36,20,9,0,1
-5,-13,-18,-45,-7,0,-1,1
4,4,-9,4,3,3,4,0
-2,-10,-6,-8,0,-2,1,-3
-6,-8,-19,15,2,-1,-1,1
-1,-2,5,34,-2,0,-2,-1
4,17,-23,-42,7,2,-1,-2
7,-7,31,25,-7,-5,-5,-3
-20,-8,25,10,19,2,2,3
41,18,-10,-32,-6,-4,-1,-2
2,12,23,-26,-9,-4,-4,-1
0,-15,-5,-17,-3,1,0,-1
-20,-12,-72,-25,-5,-4,-2,-2
-3,-3,14,13,-1,-6,-3,-5
14,12,10,40,0,0,6,19
23,-8,-34,0,-13,-5,-3,-12
-19,-9,-12,-44,-4,1,1,0
47,32,-26,27,-9,-6,-8,-2
14,0,2,-48,0,-1,-2,0
-26,-4,14,78,15,1,-3,1
-10,5,31,-9,-14,-4,0,-4
-21,-29,-54,-28,-5,-5,-1,-2
-8,0,-19,-57,0,0,2,-5
47,-5,22,28,3,0,-5,-2
8,-6,-27,-1,-6,-1,0,1
-16,-2,31,-4,-8,-1,-1,-1
0,3,-64,-18,9,2,1,-4
-23,-10,38,35,8,-1,0,-1
7,0,25,13,-4,-1,-1,2
-9,-15,-20,27,1,-3,-1,-3
-18,-14,9,-36,-7,-3,-3,-7
2,0,19,42,11,2,2,2
-8,4,-12,8,-17,-5,-5,-3
-5,-12,-6,-44,-7,-2,-1,-2
-17,-11,14,7,-5,1,0,-1
44,12,11,-19,-15,-11,-6,0
-8,4,-55,17,13,5,2,0
-6,11,40,-21,5,3,-1,-2
-6,-1,-5,-1,-6,-5,-5,-4
-5,-5,-7,3,6,2,5,5
-1,-2,30,-47,-7,-1,1,0
-5,-11,-50,7,-3,0,0,1
8,7,24,40,-1,-5,-4,-2
-14,2,-3,-14,7,4,1,0
9,6,17,-6,8,1,0,1
-14,-6,-3,-5,-6,-7,-7,-3
10,7,20,-9,8,1,-2,-1
-10,-9,-54,-28,-1,5,4,2
-64,-49,24,-2,-8,-1,1,-5
-2,16,1,23,-1,-5,-4,-3
-8,0,10,23,11,8,3,-3
0,-7,-2,-84,-24,-11,-7,-2
-17,-14,9,81,20,3,0,2
-13,2,27,-39,-8,-2,1,-8
-5,-13,-58,-22,-10,-7,-4,-4
-1,5,-3,7,6,2,1,5
53,23,18,29,-2,-3,-3,-4
-22,-27,21,12,6,2,1,-1
0,13,-11,-12,-8,-1,-4,-4
-29,-30,-12,-47,-10,-2,1,0
55,77,30,41,5,-3,-3,-2
10,6,15,13,1,-4,-2,1
-9,-29,-13,-9,-14,-3,0,-1
-11,13,-45,16,5,3,2,1
-10,-19,38,21,8,-2,-2,-1
12,3,-24,-9,13,11,6,4
-20,-3,26,-36,-28,-18,-7,-7
11,6,27,86,3,2,-1,-1
-4,-11,-32,-105,-5,-4,-1,1
25,10,-1,21,14,3,2,-4
2,-8,23,-34,6,5,1,4
-4,2,28,50,14,5,0,-2
0,-7,-22,-30,-12,-2,-2,-3
-5,-2,-23,-54,-6,0,1,4
10,13,42,106,8,0,-1,-2
-2,-16,11,-59,-11,-6,-1,-4
7,4,-29,30,5,2,0,4
-10,-45,3,-2,-16,-7,-5,0
-11,11,-24,5,-5,4,5,4
-4,3,-6,-11,4,-2,-4,-6
-11,-23,-21,23,-9,-8,-4,-3
0,-2,12,-30,5,5,1,0
9,0,-10,-3,9,-2,-2,1
-3,1,-4,33,-8,-1,-3,1
-19,10,8,-7,7,6,3,5
3,19,37,65,12,2,2,2
2,-17,-76,-103,-32,-7,-4,-6
20,23,7,26,-2,-6,-3,0
2,-6,3,-2,-4,-4,-3,-7
1,6,-10,29,5,0,1,2
2,6,9,9,19,8,1,1
-11,-17,-21,-79,-3,2,1,-2
1,0,27,45,-11,-2,-3,-2
-8,-26,-14,-12,-9,-9,-7,-2
9,11,22,24,10,1,-2,-3
-1,-10,-4,-4,4,2,1,1
8,7,-6,-5,-5,1,-1,-2
-10,-9,-6,-15,-11,1,0,-2
0,-7,-3,21,2,-2,1,1
-8,2,-5,7,-3,-5,-2,-4
-18,-8,-11,-29,12,7,4,1
-12,-7,26,31,-7,-2,0,1
-8,-6,9,24,-16,-14,-11,-9
-36,-3,-5,-41,1,1,-2,-2
-24,-17,-31,-13,-4,1,1,-6
31,-2,22,13,5,-4,-2,7
7,20,-7,-13,18,11,7,4
-15,-37,12,40,-8,-7,-5,-6
-7,15,7,-52,-27,-11,-9,-4
-1,17,-25,22,-2,0,-1,-1
-1,-3,4,-4,2,0,-1,-2
11,-1,10,-1,6,3,2,2
-12,-10,-6,2,1,0,1,2
33,10,-5,14,2,1,2,-1
-16,-10,2,-39,-11,0,-3,-4
13,33,-6,-11,-1,-2,-2,-1
43,-4,-25,-70,-8,0,1,7
-63,0,60,83,1,-6,-8,-22
11,-9,-43,-7,6,4,2,9
10,1,14,16,3,1,-1,-3
-3,2,16,-27,-1,-2,-3,-5
13,-7,-77,-110,-14,-2,2,5
14,9,73,87,21,2,2,3
-7,5,-8,-36,-27,-5,-2,-5
11,7,-4,68,11,3,3,5
-28,-28,-17,-73,10,10,6,4
12,29,21,21,-9,-6,-3,-7
3,-35,-35,6,7,1,-1,4
-7,-5,16,-7,-10,-5,-6,-7
29,8,-22,-38,-4,-2,-1,1
1,-5,2,66,19,6,4,1
0,18,12,-54,-6,-2,1,1
-1,-8,4,20,-4,-4,-3,-2
8,16,2,-16,-2,-1,1,-1
-36,-20,-20,-46,-7,-4,-2,0
-37,-11,4,17,7,5,0,1
11,-5,-21,18,-5,-4,-4,-4
-5,22,-13,-5,-7,-3,-3,-2
-11,-13,-7,10,-7,-6,-4,-5
-13,-5,43,-12,3,0,-3,-2
0,-5,-58,5,-8,0,2,-1
6,27,3,22,18,6,2,3
10,-2,15,52,-3,3,-1,2
55,24,6,-101,1,-5,-3,-3
5,5,24,96,1,-6,-2,-2
1,-7,24,-46,-18,-8,-5,-5
-6,-6,-26,-3,-3,-2,-2,-4
-1,9,-19,-14,5,1,-2,1
-11,-19,-5,26,23,9,7,13
-22,10,35,-17,-12,-2,-3,-15
5,4,7,-9,-9,-12,-8,-6
-8,-12,-10,60,0,0,-1,2
8,10,0,-32,4,0,-1,-10
-5,-14,-2,16,-13,-3,0,3
9,6,-2,-80,-11,-4,1,1
-4,6,-20,-7,-4,-2,-3,-4
-7,3,43,28,11,-2,-3,0
-1,-12,-28,3,1,1,0,-2
18,19,18,-14,6,4,4,1
-14,-25,-70,108,-21,-9,-2,1
2,4,24,-58,-5,2,1,1
3,-2,-33,-26,-5,-4,-1,2
-14,-13,23,80,24,7,-1,2
6,7,17,-31,-2,-4,0,-2
-5,25,12,18,9,4,0,1
-10,-14,5,35,3,4,-1,-1
-1,-8,-19,-90,-2,-1,0,-1
0,6,15,64,-4,-1,-1,-4
4,-8,3,41,10,-1,0,-1
6,-3,-2,-56,-17,-6,0,11
29,32,-40,-22,-7,-3,-1,-11
-15,-14,26,7,11,7,4,15
-21,-49,-40,-30,-5,-3,-6,-18
9,64,38,75,24,7,5,5
-9,-11,-28,-21,-27,-8,-7,-4
-12,-12,-6,-94,-15,-6,-5,-3
2,1,17,84,9,0,-1,0
-5,-14,-18,-14,10,0,-2,-4
-10,-8,33,9,-2,-1,1,-1
11,15,-12,-20,-1,1,0,-4
-5,2,24,-49,-9,-1,0,5
25,-5,-22,43,7,0,-4,-8
2,3,-4,9,1,1,0,6
-2,-8,30,39,-1,-1,-2,-5
11,12,-37,-66,-15,-3,0,3
26,-1,11,53,12,1,0,-3
-9,2,-4,-23,-2,2,-1,-2
-2,-17,2,-13,-7,-4,-3,-4
21,18,0,5,-5,-4,-4,11
11,9,-1,-41,-10,-3,-1,-3
-12,4,9,-6,16,8,3,1
24,-2,-42,15,-6,-3,-2,-1
-6,3,-34,-1,-6,-7,-5,-5
-18,-14,6,-25,-20,-4,-5,4
5,-16,-9,18,9,2,0,1
-26,9,27,35,12,4,-1,-3
-6,-16,-40,-59,-26,-5,-1,-3
-8,1,19,44,12,-1,-1,-1
45,7,-31,-55,-12,-4,-1,1
2,10,18,44,9,4,2,3
-7,1,15,-45,0,-1,-3,-5
-4,-33,-16,7,-8,-2,-3,4
16,20,31,2,-1,-1,-1,-4
1,10,-3,1,11,4,3,-1
-6,-1,25,5,9,6,5,1
-4,-4,1,-17,-14,-7,-3,-1
-31,-22,-8,40,9,0,3,5
7,8,21,8,-7,-6,-5,-5
-4,-9,-29,-2,15,4,-1,-3
-22,0,15,-18,-15,-1,1,-3
-17,-3,5,-21,-1,-3,-3,0
-9,-3,1,0,-7,-3,2,6
39,24,10,40,11,2,-1,-7
-7,-10,7,-57,-6,-5,-6,-1
-6,-10,-11,-68,-7,1,0,-3
4,12,-8,45,10,-2,-5,-1
-2,-9,38,-12,-2,0,2,5
8,11,-5,64,19,3,0,-2
-5,-1,4,55,12,5,3,-2
-2,-10,-9,-128,-36,-10,-4,-3
-16,-27,4,34,2,-1,0,-7
9,10,16,-22,11,7,5,3
-12,-15,-71,36,3,-3,-3,0
23,9,-12,-8,-3,5,4,3
13,4,0,-51,-19,-10,-7,-1
-23,-4,14,11,-8,-6,-6,-4
32,-1,20,38,7,4,0,1
-28,1,-7,3,12,3,2,-6
-5,7,-6,-8,0,0,0,-4
-6,-4,-20,-12,3,0,1,-1
-3,2,17,3,-11,-5,-3,0
6,-6,-4,-5,-2,-5,-2,-4
-20,-5,-2,-11,-4,0,0,3
13,7,21,17,6,0,2,8
-19,-22,-31,-9,-11,-7,-8,-7
-1,-3,-10,73,8,4,0,0
42,12,-29,-61,-7,-2,-2,6
17,54,9,25,11,1,-1,2
-20,-11,-15,-90,-38,-12,-3,-4
-9,0,46,75,23,5,1,1
14,8,-26,26,-16,-1,0,2
-7,-19,-26,-32,-5,-4,-3,-7
-1,12,49,24,7,4,2,3
0,-3,-16,-41,-5,0,0,-2
-18,-12,3,32,13,1,1,0
-7,1,9,4,-10,-2,0,1
-2,8,12,21,6,-2,-3,-7
0,-13,-18,-22,-2,-4,-3,-1
-33,-11,9,16,2,1,0,-2
2,-19,-17,-1,1,1,0,-2
9,14,16,0,-5,-3,-1,3
-5,-21,-30,-27,0,-3,-4,-1
3,46,1,-42,-1,1,2,16
18,16,-5,58,5,0,-5,-12
-6,-13,-11,14,1,-2,1,-1
-2,5,25,5,2,-1,-3,-3
-46,-25,-13,5,-22,-8,-4,-5
59,-18,-64,-25,1,1,0,14
-38,17,21,21,0,1,-1,-12
-2,-2,18,-2,2,1,0,-2
-15,-13,-19,-37,4,0,-1,-7
-13,-10,20,35,-8,-4,-1,0
3,-4,-51,21,3,0,1,2
16,4,7,-2,9,1,3,3
9,-6,-10,19,-5,0,-2,-2
-26,1,-17,-48,-3,-5,-3,-7
11,-19,16,22,9,4,1,6
-30,-11,-9,-39,-23,-4,0,1
47,22,36,75,19,2,-2,1
-28,-21,3,16,-5,-2,-4,-15
-1,0,11,-79,-11,-5,-5,-3
7,7,10,49,2,0,-2,0
-17,-27,6,-21,0,-5,-5,-8
-3,5,-4,39,-6,1,1,1
-1,-1,1,-65,-23,-10,-2,0
9,1,-12,-4,8,-2,-1,6
-4,7,-36,-14,5,3,1,-10
-17,-11,21,44,15,3,-1,-2
-28,-3,-14,-38,4,4,1,-1
38,4,25,-11,-17,-3,-4,-2
20,-22,4,38,-3,-6,-5,-2
-18,1,-46,-42,-15,-7,-3,-1
-2,-14,-11,17,0,0,0,-1
-1,8,-22,-22,-5,-3,-1,-4
-24,-14,30,-5,2,-1,-1,-1
19,8,24,24,9,3,3,1
22,11,7,-25,-2,0,-1,4
-33,-16,-29,-20,-5,-4,-2,-6
13,17,28,10,10,7,7,9
-7,-9,30,-4,-15,-10,-6,-1
4,0,-4,28,18,3,-1,-2
10,10,5,1,9,3,-1,-2
-11,5,4,7,2,2,0,0
0,-4,12,-43,0,1,0,0
0,-9,-35,-8,-3,2,2,2
-1,17,16,37,1,-3,-3,1
27,7,-23,-22,-7,-2,-1,2
-46,-23,19,33,8,6,2,-3
61,23,2,-14,-40,-19,-11,-13
-38,-6,-26,-3,-8,-3,-4,-9
-11,8,-5,5,2,-1,-1,-2
1,-6,5,-11,8,1,2,-2
0,1,21,56,15,5,3,8
9,8,-14,-48,-3,1,2,12
-16,-14,15,2,-9,-7,-5,-14
20,5,-37,-40,-3,3,5,5
15,-3,13,76,-4,-11,-9,-6
19,11,11,-14,-4,-2,-1,1
-4,-2,-30,17,-2,-2,-4,-2
7,6,7,-43,0,3,1,1
-25,-6,8,20,21,5,0,0
39,6,2,35,-10,0,-1,-3
-6,3,5,-68,-29,-11,-3,0
2,0,0,-42,-3,-5,-2,-3
-19,-41,-37,22,5,1,1,-3
-1,35,18,35,19,1,-1,-4
4,-14,22,15,1,3,2,0
8,-15,-36,5,-5,-4,-4,0
-24,-11,29,51,-13,-1,-1,0
-8,-22,-40,-91,-18,-7,-5,-4
10,6,-56,31,-1,2,1,10
-15,7,21,-38,0,-3,-4,-13
5,14,0,-16,15,5,2,3
-9,-12,5,-6,2,3,1,-4
-38,-10,17,11,1,-2,0,0
-5,-11,-26,36,9,1,1,2
8,3,16,-43,-3,4,2,-7
4,4,-5,-2,-8,-7,-4,1
-7,-9,29,26,7,0,-2,-5
-5,4,-7,20,-11,-5,-4,1
-5,-8,-3,-51,-3,0,-1,1
-4,26,18,43,10,4,3,0
8,6,-6,51,11,1,-1,-3
10,6,13,-61,-22,-7,-1,2
-33,5,-10,-22,3,1,-1,0
9,-31,-33,-51,-12,-2,-1,0
-6,11,19,8,0,-5,-5,-5
2,-3,-15,16,4,0,-2,-6
-7,-16,6,-75,8,0,-1,1
19,21,46,86,4,2,2,1
29,8,5,-68,0,3,3,21
-23,-14,-19,-38,-21,-9,-8,-39
20,18,31,-14,4,0,0,3
-18,-22,-22,23,11,1,-1,-3
27,-10,15,1,0,1,0,1
-6,11,12,7,3,3,0,12
-7,-4,-18,11,0,2,-2,1
-1,0,7,-10,-3,-2,-1,-6
-29,-23,-26,4,-2,-1,-3,-6
9,-10,2,21,1,-1,3,9
10,16,9,15,-2,-3,-2,-5
-23,-27,-25,2,-11,-6,-2,2
11,22,39,13,13,4,1,-3
9,2,-23,4,-6,1,0,3
-8,9,-6,-26,-8,-5,-4,-3
-1,-11,-9,-4,6,-2,-2,-2
-31,-1,-4,-12,-8,-1,1,-4
-28,-7,-6,-13,2,-2,-1,-1
5,-18,18,78,2,-3,0,1
-5,-15,-17,-39,-1,-1,-3,-4
-3,3,-19,-24,9,2,2,-5
2,-15,-2,79,8,3,3,7
3,-2,-10,-22,-11,-2,-1,-1
-6,2,25,-34,-13,-2,0,1
4,12,17,9,1,-3,-5,-4
-7,-16,-10,-4,16,3,0,4
-4,10,1,14,-2,5,2,-6
5,-12,-4,-33,-11,-5,-1,1
-2,-17,-29,-28,0,1,0,0
24,20,28,21,1,-1,-2,2
53,20,23,54,20,8,3,8
14,-6,-38,-50,-13,-5,-3,-1
-32,-15,-36,-16,-25,-12,-7,-12
7,14,22,22,0,-4,-3,-2
-1,3,-8,-3,-1,-1,-2,-2
-5,-8,28,25,2,4,2,-4
-12,-39,-12,-21,-14,-2,3,-3
34,74,0,-63,-13,-7,0,3
-49,-29,-4,-1,2,1,-2,-2
-2,-1,-14,-10,9,2,-2,-2
-1,3,37,24,7,2,-2,1
-8,-13,-11,23,2,1,0,1
4,10,25,-2,-9,-3,-3,2
-7,20,24,24,9,0,-3,-11
11,16,-29,32,18,3,1,1
32,0,2,2,-21,-4,-2,0
-2,6,-26,-89,-27,-11,-4,-2
-13,-16,16,8,4,1,0,2
24,6,-24,-37,1,1,-3,-1
-17,-9,-17,8,14,3,1,-1
-2,4,38,96,8,2,2,-1
1,9,-28,-66,1,1,-1,1
0,7,29,46,-11,-3,0,-3
-21,-33,1,20,13,4,0,3
13,12,-6,34,9,5,5,3
-12,-9,40,-39,-12,-4,-1,7
87,13,-63,-91,-7,-1,0,0
-53,-25,13,47,-1,-7,-10,-15
-3,-5,-31,-32,-13,-10,-4,-3
1,14,8,49,16,4,1,-5
-19,-13,4,2,-7,-1,-1,2
-17,-5,7,-31,0,2,2,-1
41,6,-26,-24,-3,-1,-1,1
-22,-1,6,18,6,2,2,2
-19,2,-9,20,-4,-6,-3,-3
6,5,14,49,18,5,1,0
-21,-6,-23,-90,-37,-7,-4,0
-8,-34,-19,18,5,0,0,-14
25,85,54,-2,-1,-3,0,0
15,8,-23,-48,-3,-1,-1,1
-9,-17,-8,35,6,0,-2,-2
1,-1,-25,5,-8,-1,1,1
23,9,20,3,2,-2,-1,1
3,-19,19,24,-3,0,-2,-3
0,16,10,-9,4,-5,-4,-1
8,3,-35,-26,-14,-5,-2,0
-34,-8,16,41,22,5,1,-4
8,3,-11,-58,-11,-2,0,1
-11,-15,18,2,-3,-5,-7,-6
-6,8,8,85,2,-2,-3,1
-20,-22,-11,-48,-24,-6,-5,-3
11,2,-17,-11,0,0,2,1
-12,-6,-11,-29,11,4,3,-2
1,13,18,45,10,0,-1,2
-1,-10,-6,6,-2,0,1,2
-15,-2,24,-7,0,0,0,-1
-4,-6,3,39,11,3,1,0
42,34,1,-49,-18,-7,-4,-6
-1,-21,-40,-28,-24,-5,-3,3
-12,-5,9,-1,0,-1,0,-11
39,23,-6,7,14,4,5,23
4,-26,9,67,5,-2,-9,-23
-64,-12,-43,-80,-18,-7,-6,-9
17,20,17,1,17,-1,-2,2
11,-10,-24,45,-8,7,6,3
-18,-3,-7,-47,-2,-3,-1,-2
3,-3,-6,22,15,2,2,1
14,-14,-17,-7,-13,-3,-3,1
-12,7,38,10,18,5,3,-5
-1,-10,-45,-9,-8,-4,-1,7
-6,-12,25,18,-1,1,0,-2
0,4,-12,-66,-2,-2,1,3
-13,-15,-25,-5,-7,-8,-7,-11
26,18,19,-10,1,3,3,6
-6,-45,-12,-25,-2,-1,-1,1
10,59,37,98,20,11,5,4
-6,-3,17,-55,-52,-24,-11,-7
-17,-3,-13,2,12,3,2,4
10,1,9,33,16,4,1,3
2,-15,-10,-12,-1,0,-3,-2
-39,-15,-8,-22,3,3,4,1
5,15,17,12,-5,-2,-1,-3
3,6,-1,6,6,3,1,0
49,-21,-16,-22,-16,-8,-1,24
-84,-6,7,47,24,5,-3,-33
2,-16,-18,-62,-50,-11,-5,5
2,10,25,-14,12,1,0,-6
-8,-8,-14,13,-1,-3,-2,-3
12,-29,-11,-18,2,0,-1,-8
-25,16,-11,-38,27,15,9,11
1,8,-13,16,-18,-11,-8,-8
-11,-7,0,1,-20,-11,-6,-9
19,4,54,33,13,4,-1,5
-20,-23,-24,-47,14,7,2,-4
13,13,57,62,0,-7,-3,4
-11,-7,-72,-83,-25,0,0,-7
15,10,-7,50,14,0,1,5
7,6,61,19,3,1,1,2
-1,8,47,-21,11,5,3,2
-8,-7,-15,15,-8,-4,-4,-5
10,17,-30,-62,-7,-1,-3,2
3,-17,12,67,3,-2,0,0
-1,-4,-17,-4,19,10,7,3
-58,-17,43,47,-3,-6,-1,22
-4,-4,-50,-39,-24,-7,-10,-19
-18,-37,-40,-13,7,-4,-5,-5
21,55,-17,-19,-3,3,0,0
-5,3,56,-22,14,7,5,0
9,-3,-71,-29,-20,-12,0,8
4,6,36,91,-2,-8,-7,-5
-15,-17,-11,-64,-5,-4,-3,-4
4,-3,-13,64,5,0,-5,-13
-7,2,16,3,9,6,8,11
-15,6,-3,-55,-10,-4,-3,-6
-12,-42,25,23,-2,0,-3,-4
11,-4,-28,34,8,2,-2,-2
-13,-8,7,-51,5,2,-2,-11
-5,0,-10,39,-21,-3,1,4
3,5,4,-44,-3,-3,-3,1
5,2,-5,57,12,-3,0,-3
6,-36,19,-16,-16,-4,-3,5
-14,58,7,-39,3,-1,2,4
5,12,-5,10,1,-3,-2,-4
21,6,-12,15,5,3,2,1
-1,19,55,98,10,3,-1,1
13,-5,-31,-87,5,4,4,2
-19,-20,32,119,-3,-5,-4,-4
5,10,10,-92,-11,-2,-3,-4
9,9,-10,-19,-9,-1,-1,5
1,-4,45,17,9,4,-1,-4
-2,-31,-66,9,-7,-6,-4,1
25,9,-4,14,-1,4,5,2
6,9,19,-28,2,-3,-4,0
16,-2,-8,13,10,1,3,12
13,7,12,-26,12,3,0,-9
-10,-42,11,-2,-23,-4,1,-1
-16,55,20,31,-5,-7,-1,-6
30,-10,-3,-1,10,4,3,3
-6,9,20,60,1,1,2,5
-10,-12,-37,-50,-1,-2,-4,-7
-9,-22,8,-21,4,3,3,-1
-50,-31,-9,56,-1,-3,-5,-6
-33,4,-1,-75,-4,6,2,-5
-11,-2,5,-5,-18,-12,-8,-8
-1,-17,-7,28,5,-4,-3,0
2,10,22,61,11,6,0,-4
9,-7,-12,-21,-6,0,-3,-1
17,23,11,-16,-2,-1,-3,19
-12,-4,6,-6,-1,-3,-3,-10
18,-4,-14,-44,-5,-4,-1,1
1,7,8,41,8,2,0,1
-2,6,10,10,-12,-8,-5,-3
26,-14,1,21,10,3,0,5
-12,-5,-25,-28,-4,-4,-5,-9
73,27,-11,9,2,-3,-1,4
-27,4,5,-2,7,6,3,-7
10,-15,-31,-35,-5,-2,-4,-3
1,-8,7,13,-16,-9,-5,-6
-16,-2,-3,-25,-1,0,2,6
-12,-13,0,39,15,0,0,-7
16,20,-2,13,-2,1,-1,1
-5,-1,18,-37,10,8,4,2
-1,-3,-52,63,-30,-15,-2,11
10,24,4,3,12,-2,-5,-35
-16,-14,-21,-69,-10,-4,0,4
14,27,37,75,19,6,1,1
-9,-16,0,-25,-8,-4,-3,-5
6,-32,-3,-17,0,5,3,9
31,33,-7,-49,-2,-1,-1,-3
-4,-21,-57,44,-19,-4,-3,-7
-2,-5,-2,-41,-1,-4,-3,-2
-2,-3,17,33,9,4,-1,7
23,7,10,-14,-3,2,1,4
-32,-13,-4,-64,-18,-10,-3,-6
-26,-11,-17,20,-14,-7,-4,-10
-7,9,7,-13,9,1,0,2
-3,-1,-13,61,11,4,2,-1
11,20,32,-29,0,2,-1,4
-6,-16,-23,-41,-7,-3,2,4
-2,11,-12,22,7,0,-3,-5
-14,-4,3,-3,-1,0,1,3
-15,-10,17,23,8,-2,-2,-8
32,35,31,-7,1,3,2,2
3,21,28,-77,-34,-5,2,5
-12,-23,-39,68,5,-4,-5,-5
4,13,-2,-3,4,1,0,0
-5,-9,8,24,12,4,0,0
37,17,-5,-25,-9,-4,-1,2
-5,4,7,0,-1,2,2,1
1,-15,-10,-17,-6,-9,-3,-1
-13,5,-4,18,11,5,0,-3
-13,-16,-21,-19,-21,-9,-5,-5
-29,-10,13,-1,13,5,1,0
62,8,2,27,-8,-1,-1,8
2,2,-8,-39,-1,-2,-4,-18
-26,-22,-12,-33,-4,-1,1,-3
-2,2,5,2,-2,-1,-2,1
-3,-24,-6,22,-7,0,-2,-1
5,2,21,27,4,-3,-4,1
-4,-8,-22,-26,3,3,3,1
21,-5,-9,8,-10,-6,-3,3
-10,6,4,-13,10,2,-2,-7
-10,-13,-13,21,3,0,-2,-2
6,-5,-10,-60,-36,-12,-5,6
-16,1,33,60,12,3,3,-5
-5,6,-22,3,-4,-4,-3,-2
-6,6,16,4,16,5,0,2
-8,1,26,36,20,4,0,3
53,20,-46,-33,-24,-5,0,1
11,13,-23,-70,-1,-3,-2,3
1,4,24,46,-2,-1,-1,5
-30,-46,-3,52,32,7,-1,-13
23,41,33,6,-22,-5,-2,2
-28,6,-12,-45,-20,-10,-1,-4
4,-12,-15,-29,0,-2,-1,3
0,0,-11,23,8,-2,-4,-5
-4,-19,10,-24,5,6,2,11
-15,12,9,74,-2,-6,-4,-8
-26,-42,-1,-10,-10,-1,0,-3
8,20,17,1,5,1,0,2
-14,-13,-25,-6,6,-1,-2,-5
0,-8,-10,-26,1,4,2,3
-10,0,0,4,3,3,2,0
4,1,12,-5,9,-3,-2,-1
-3,10,-7,-9,-19,-1,0,9
-9,-1,23,-32,6,1,-6,-24
2,17,31,85,11,-2,-3,-2
7,8,-15,-9,-9,-2,0,2
-55,-32,-13,-17,6,-4,-1,-9
15,10,31,43,5,-1,-2,5
7,7,-8,-20,-7,4,4,-1
-9,-10,-46,-66,-12,-5,-4,-5
-9,-13,30,21,11,1,-2,-2
-5,2,-28,14,-6,0,0,-8
5,-6,-11,-32,3,-1,0,1
1,7,6,15,-4,-1,0,5
1,8,0,20,1,-2,-2,-6
0,-8,-56,-79,-16,-4,-3,5
34,44,58,25,18,5,3,4
4,-3,3,44,-23,1,0,-1
3,3,-27,-22,11,-2,-6,-6
-11,-39,30,41,15,6,2,2
36,47,-21,-7,5,1,1,3
33,17,9,0,1,3,3,-2
-5,2,2,65,-4,-7,-5,-3
-22,-17,3,-50,-11,0,1,0
-20,-11,-28,-22,-9,-8,-4,2
-21,-1,4,-11,2,-1,-5,-16
12,4,-14,12,-2,4,1,-1
6,5,-7,-14,0,-3,-1,1
-13,-23,-11,-22,-7,-3,-4,-1
3,5,-1,-3,4,1,-1,3
-5,-9,16,-7,-1,2,2,-1
37,23,3,45,3,0,2,5
25,4,-15,-42,-17,-4,-5,-9
-6,-9,-9,-6,-3,-5,-3,-1
-7,-11,19,-8,11,4,3,-2
-10,-29,-4,-7,-8,-2,0,7
-12,49,-11,-15,-21,-9,-4,-10
32,34,14,23,17,-1,-1,6
6,-1,-6,19,-2,-5,-1,2
-5,-2,-12,29,7,3,1,1
-12,-25,10,-18,5,3,0,-2
-18,-12,-17,-4,2,-1,-1,-1
3,7,22,-20,-1,4,6,17
-32,4,7,-26,-6,-1,-2,-13
-9,-24,-34,-39,-6,-4,-3,0
-22,-18,-21,-9,-10,-5,-1,-5
29,4,33,15,16,4,0,2
-3,5,-24,-11,1,-2,-3,-3
-14,-34,4,84,11,5,1,3
-13,38,1,-90,-37,-11,-7,-2
-26,-5,11,17,-4,-9,-7,-11
61,1,-21,-47,-5,0,2,4
-32,15,31,43,1,-7,-5,-9
4,-25,-39,29,-1,0,1,2
-17,-15,-22,-29,-7,-3,-1,-7
5,19,22,-44,-14,-6,-8,-2
2,-26,-5,18,1,2,1,2
4,-2,8,10,10,3,2,0
-24,11,-5,39,9,1,-2,-2
-25,-28,-7,-38,-34,-8,-2,-4
1,-23,-45,-95,-17,-4,-1,-1
-1,2,67,68,19,3,-1,9
6,9,-86,-29,5,0,-3,-8
38,30,38,73,24,8,4,16
-22,-2,6,8,-14,-6,-3,-12
8,3,2,11,4,-1,-2,2
1,-39,-8,-18,-3,2,1,2
1,6,-11,0,10,4,2,13
-24,-1,35,-25,-21,-10,-5,-6
16,0,-57,-29,14,7,3,3
31,6,1,-17,-22,-6,-1,2
-34,2,-13,26,11,2,0,-8
6,10,39,17,-7,-1,0,4
-14,-19,-18,-14,-1,0,-1,-8
10,15,19,21,0,-2,-3,-1
-11,-13,-7,-73,-9,-6,-5,-7
12,-1,-23,-15,3,2,3,4
-6,2,38,76,-1,1,-1,-3
-1,-4,-20,-24,-3,-4,-3,-4
-1,6,20,18,17,7,2,-1
-5,-2,6,53,2,-1,-3,-1
-9,-34,-27,-74,-13,-8,-4,-8
-10,9,36,26,10,5,0,-5
-7,-15,8,-20,-10,-5,-3,-8
