(-0.0479125977, 0.0934448242, 0.559814453, 0.8218994)
(-0.0479125977, 0.0934448242, 0.559814453, 0.8218994)
(-0.0480957031, 0.09350586, 0.5595093, 0.8220825)
(-0.0480957031, 0.09350586, 0.5595093, 0.8220825)
(-0.04815674, 0.09338379, 0.5592041, 0.8222656)
(-0.04815674, 0.09338379, 0.5592041, 0.8222656)
(-0.04840088, 0.09320068, 0.559021, 0.8223877)
(-0.04864502, 0.09307861, 0.558959961, 0.82244873)
(-0.04864502, 0.09307861, 0.558959961, 0.82244873)
(-0.0487060547, 0.09313965, 0.558959961, 0.82244873)
(-0.0487060547, 0.09313965, 0.558959961, 0.82244873)
(-0.04876709, 0.09313965, 0.558959961, 0.82244873)
(-0.04876709, 0.09313965, 0.558959961, 0.82244873)
(-0.04876709, 0.09320068, 0.558959961, 0.82244873)
(-0.04876709, 0.09320068, 0.558959961, 0.82244873)
(-0.04876709, 0.09320068, 0.558959961, 0.82244873)
(-0.04876709, 0.09338379, 0.559021, 0.8223877)
(-0.04876709, 0.09338379, 0.559021, 0.8223877)
(-0.048828125, 0.0936889648, 0.559082031, 0.82232666)
(-0.048828125, 0.0936889648, 0.559082031, 0.82232666)
(-0.048828125, 0.09375, 0.559082031, 0.8222656)
(-0.048828125, 0.09375, 0.559082031, 0.8222656)
(-0.04876709, 0.0940551758, 0.5588379, 0.82244873)
(-0.04815674, 0.0947876, 0.55859375, 0.8225708)
(-0.04815674, 0.0947876, 0.55859375, 0.8225708)
(-0.04815674, 0.0947876, 0.55859375, 0.8225708)
(-0.0477294922, 0.09552002, 0.558410645, 0.8225708)
(-0.0480957031, 0.09552002, 0.5584717, 0.8225708)
(-0.0480957031, 0.09552002, 0.5584717, 0.8225708)
(-0.0470581055, 0.0955810547, 0.5584717, 0.8225708)
(-0.0470581055, 0.0955810547, 0.5584717, 0.8225708)
(-0.0463256836, 0.09631348, 0.5587158, 0.8223877)
(-0.0463256836, 0.09631348, 0.5587158, 0.8223877)
(-0.04522705, 0.09661865, 0.559082031, 0.8222046)
(-0.0454101563, 0.09667969, 0.5596924, 0.821777344)
(-0.0454101563, 0.09667969, 0.5596924, 0.821777344)
(-0.0454101563, 0.0970459, 0.560180664, 0.8213501)
(-0.0454101563, 0.0970459, 0.560180664, 0.8213501)
(-0.04522705, 0.09777832, 0.5605469, 0.8210449)
(-0.0443115234, 0.09851074, 0.5609741, 0.820739746)
(-0.0443115234, 0.09851074, 0.5609741, 0.820739746)
(-0.0439453125, 0.09844971, 0.561706543, 0.820251465)
(-0.0439453125, 0.09844971, 0.561706543, 0.820251465)
(-0.0440673828, 0.09857178, 0.5623169, 0.8197632)
(-0.0440673828, 0.09857178, 0.5623169, 0.8197632)
(-0.0443115234, 0.09863281, 0.5626221, 0.819519043)
(-0.0443115234, 0.09863281, 0.5626221, 0.819519043)
(-0.0437011719, 0.0992431641, 0.5626221, 0.819519043)
(-0.0437011719, 0.0992431641, 0.5626221, 0.819519043)
(-0.04333496, 0.0997314453, 0.5625, 0.8195801)
(-0.0432739258, 0.09967041, 0.5625, 0.8195801)
(-0.0432739258, 0.09967041, 0.5625, 0.8195801)
(-0.04333496, 0.09967041, 0.5625, 0.8195801)
(-0.04333496, 0.09967041, 0.5625, 0.8195801)
(-0.04333496, 0.09967041, 0.5625, 0.8195801)
(-0.04309082, 0.099609375, 0.5621948, 0.8197632)
(-0.0426635742, 0.09967041, 0.562072754, 0.819885254)
(-0.0426635742, 0.09967041, 0.562072754, 0.819885254)
(-0.04296875, 0.09942627, 0.562255859, 0.8198242)
(-0.04296875, 0.09942627, 0.562255859, 0.8198242)
(-0.0432739258, 0.09918213, 0.562561035, 0.8195801)
(-0.0436401367, 0.09887695, 0.562744141, 0.819519043)
(-0.0436401367, 0.09887695, 0.562744141, 0.819519043)
(-0.0438842773, 0.09869385, 0.5628662, 0.819397)
(-0.0438842773, 0.09869385, 0.5628662, 0.819397)
(-0.0439453125, 0.09844971, 0.5630493, 0.8192749)
(-0.0440063477, 0.0980834961, 0.5633545, 0.819152832)
(-0.0440063477, 0.0980834961, 0.5633545, 0.819152832)
(-0.0441894531, 0.09765625, 0.5637207, 0.8189087)
(-0.0441894531, 0.09765625, 0.5637207, 0.8189087)
(-0.04437256, 0.0975952148, 0.564209, 0.8186035)
(-0.04437256, 0.0975952148, 0.564209, 0.8186035)
(-0.04473877, 0.0974731445, 0.56451416, 0.8183594)
(-0.04473877, 0.0974731445, 0.56451416, 0.8183594)
(-0.0451660156, 0.0972290039, 0.564697266, 0.8182373)
(-0.0451660156, 0.0972290039, 0.564697266, 0.8182373)
(-0.0454101563, 0.09729004, 0.564697266, 0.8182373)
(-0.0458374023, 0.0972290039, 0.564697266, 0.8182373)
(-0.0458374023, 0.0972290039, 0.564697266, 0.8182373)
(-0.0462036133, 0.09741211, 0.564697266, 0.81817627)
(-0.0462036133, 0.09741211, 0.564697266, 0.81817627)
(-0.04663086, 0.09765625, 0.5645752, 0.81817627)
(-0.04711914, 0.09814453, 0.564331055, 0.8182373)
(-0.04711914, 0.09814453, 0.564331055, 0.8182373)
(-0.0476074219, 0.09887695, 0.5639038, 0.8184204)
(-0.0476074219, 0.09887695, 0.5639038, 0.8184204)
(-0.048034668, 0.09942627, 0.563476563, 0.818664551)
(-0.048034668, 0.09942627, 0.563476563, 0.818664551)
(-0.04840088, 0.100097656, 0.5629883, 0.8189087)
(-0.04840088, 0.100097656, 0.5629883, 0.8189087)
(-0.04901123, 0.100646973, 0.5625, 0.819152832)
(-0.04901123, 0.100646973, 0.5625, 0.819152832)
(-0.0496826172, 0.101379395, 0.5620117, 0.819335938)
(-0.0507202148, 0.102111816, 0.561401367, 0.8195801)
(-0.0507202148, 0.102111816, 0.561401367, 0.8195801)
(-0.0515136719, 0.1027832, 0.5605469, 0.820068359)
(-0.0515136719, 0.1027832, 0.5605469, 0.820068359)
(-0.051940918, 0.10345459, 0.5597534, 0.8204956)
(-0.05218506, 0.104003906, 0.5592041, 0.8208008)
(-0.05218506, 0.104003906, 0.5592041, 0.8208008)
(-0.05218506, 0.104003906, 0.5592041, 0.8208008)
(-0.0520019531, 0.104431152, 0.5588379, 0.8209839)
(-0.0520019531, 0.104431152, 0.5588379, 0.8209839)
(-0.0518188477, 0.104492188, 0.5586548, 0.821105957)
(-0.0514526367, 0.104248047, 0.558776855, 0.821105957)
(-0.0514526367, 0.104248047, 0.558776855, 0.821105957)
(-0.05114746, 0.103881836, 0.559021, 0.8209839)
(-0.05114746, 0.103881836, 0.559021, 0.8209839)
(-0.0509643555, 0.103515625, 0.559448242, 0.820739746)
(-0.0509643555, 0.103515625, 0.559448242, 0.820739746)
(-0.05090332, 0.10333252, 0.5598755, 0.8204956)
(-0.0508422852, 0.103393555, 0.560302734, 0.8201904)
(-0.0508422852, 0.103393555, 0.560302734, 0.8201904)
(-0.0509643555, 0.103515625, 0.5606079, 0.8199463)
(-0.0509643555, 0.103515625, 0.5606079, 0.8199463)
(-0.0509643555, 0.1038208, 0.560668945, 0.819885254)
(-0.0509643555, 0.1038208, 0.560668945, 0.819885254)
(-0.0507202148, 0.104187012, 0.5605469, 0.8199463)
(-0.0507202148, 0.104187012, 0.5605469, 0.8199463)
(-0.05041504, 0.104431152, 0.5604248, 0.8199463)
(-0.05041504, 0.104431152, 0.5604248, 0.8199463)
(-0.0499267578, 0.104553223, 0.56048584, 0.8200073)
(-0.0498657227, 0.104492188, 0.56048584, 0.8200073)
(-0.0498657227, 0.104492188, 0.56048584, 0.8200073)
(-0.0496826172, 0.104003906, 0.5606079, 0.8199463)
(-0.0496826172, 0.104003906, 0.5606079, 0.8199463)
(-0.049621582, 0.103210449, 0.560852051, 0.819885254)
(-0.04949951, 0.102355957, 0.5611572, 0.8198242)
(-0.04949951, 0.102355957, 0.5611572, 0.8198242)
(-0.04937744, 0.101501465, 0.5614624, 0.819702148)
(-0.04937744, 0.101501465, 0.5614624, 0.819702148)
(-0.04925537, 0.100769043, 0.5617676, 0.8195801)
(-0.04925537, 0.100769043, 0.5617676, 0.8195801)
(-0.04901123, 0.100158691, 0.5620117, 0.819519043)
(-0.04901123, 0.100158691, 0.5620117, 0.819519043)
(-0.04876709, 0.099609375, 0.5621948, 0.819458)
(-0.04876709, 0.099609375, 0.5621948, 0.819458)
(-0.0485839844, 0.0992431641, 0.562438965, 0.819397)
(-0.04840088, 0.09857178, 0.5626221, 0.819335938)
(-0.04840088, 0.09857178, 0.5626221, 0.819335938)
(-0.04840088, 0.09857178, 0.5626221, 0.819335938)
(-0.048034668, 0.0979614258, 0.562927246, 0.819213867)
(-0.0479736328, 0.0972290039, 0.5631714, 0.819152832)
(-0.0479736328, 0.0972290039, 0.5631714, 0.819152832)
(-0.0479736328, 0.0972290039, 0.5631714, 0.819152832)
(-0.0477294922, 0.09649658, 0.5635376, 0.819030762)
(-0.0474243164, 0.0960083, 0.5638428, 0.818847656)
(-0.0474243164, 0.0960083, 0.5638428, 0.818847656)
(-0.04736328, 0.09527588, 0.56427, 0.818664551)
(-0.04736328, 0.09527588, 0.56427, 0.818664551)
(-0.04724121, 0.09466553, 0.5647583, 0.8183594)
(-0.04724121, 0.09423828, 0.5651245, 0.81817627)
(-0.04724121, 0.09423828, 0.5651245, 0.81817627)
(-0.04724121, 0.09399414, 0.565185547, 0.81817627)
(-0.04724121, 0.09399414, 0.565185547, 0.81817627)
(-0.04724121, 0.09399414, 0.565185547, 0.81817627)
(-0.04724121, 0.09399414, 0.565185547, 0.81817627)
(-0.04711914, 0.09399414, 0.5649414, 0.8183594)
(-0.04711914, 0.09399414, 0.5649414, 0.8183594)
(-0.04663086, 0.09399414, 0.5644531, 0.818664551)
(-0.04663086, 0.09399414, 0.5644531, 0.818664551)
(-0.0458984375, 0.09387207, 0.563964844, 0.8190918)
(-0.04534912, 0.09338379, 0.563476563, 0.819519043)
(-0.04534912, 0.09338379, 0.563476563, 0.819519043)
(-0.04534912, 0.09338379, 0.563476563, 0.819519043)
(-0.0446167, 0.09088135, 0.5631714, 0.820068359)
(-0.0446167, 0.09088135, 0.5631714, 0.820068359)
(-0.0440673828, 0.0895385742, 0.5634155, 0.820068359)
(-0.0440673828, 0.0895385742, 0.5634155, 0.820068359)
(-0.0440673828, 0.0895385742, 0.5634155, 0.820068359)
(-0.0440673828, 0.0895385742, 0.5634155, 0.820068359)
(-0.0431518555, 0.08691406, 0.56463623, 0.8195801)
(-0.0431518555, 0.08691406, 0.56463623, 0.8195801)
(-0.04260254, 0.08605957, 0.5652466, 0.8192749)
(-0.04260254, 0.08605957, 0.5652466, 0.8192749)
(-0.04260254, 0.08605957, 0.5652466, 0.8192749)
(-0.0419311523, 0.08581543, 0.565856934, 0.8189087)
(-0.0411376953, 0.08581543, 0.566223145, 0.818664551)
(-0.04046631, 0.0859985352, 0.56640625, 0.8186035)
(-0.04046631, 0.0859985352, 0.56640625, 0.8186035)
(-0.0399780273, 0.0861206055, 0.56640625, 0.8186035)
(-0.03967285, 0.0859985352, 0.566223145, 0.8187256)
(-0.03967285, 0.0859985352, 0.566223145, 0.8187256)
(-0.0392456055, 0.0861206055, 0.566040039, 0.8189087)
(-0.0392456055, 0.0861206055, 0.566040039, 0.8189087)
(-0.03894043, 0.0859985352, 0.565917969, 0.8189697)
(-0.0385131836, 0.0859985352, 0.565917969, 0.819030762)
(-0.0385131836, 0.0859985352, 0.565917969, 0.819030762)
(-0.0385131836, 0.0859985352, 0.565917969, 0.819030762)
(-0.0380859375, 0.08605957, 0.565856934, 0.8190918)
(-0.0380859375, 0.08605957, 0.565856934, 0.8190918)
(-0.03778076, 0.0861206055, 0.5657959, 0.8190918)
(-0.03741455, 0.08630371, 0.565856934, 0.8190918)
(-0.03741455, 0.08630371, 0.565856934, 0.8190918)
(-0.0369873047, 0.08654785, 0.565979, 0.8189697)
(-0.0369873047, 0.08654785, 0.565979, 0.8189697)
(-0.0368042, 0.08660889, 0.5661011, 0.8189087)
(-0.0368042, 0.08660889, 0.5661011, 0.8189087)
(-0.03656006, 0.08679199, 0.566223145, 0.8187866)
(-0.03656006, 0.08679199, 0.566223145, 0.8187866)
(-0.03643799, 0.0869751, 0.5662842, 0.8187256)
(-0.03656006, 0.08709717, 0.5663452, 0.818664551)
(-0.03656006, 0.08709717, 0.5663452, 0.818664551)
(-0.0363769531, 0.08721924, 0.5665283, 0.8185425)
(-0.0363769531, 0.08721924, 0.5665283, 0.8185425)
(-0.0361328125, 0.0871582, 0.5668335, 0.8183594)
(-0.0361328125, 0.0871582, 0.5668335, 0.8183594)
(-0.0358886719, 0.08666992, 0.5675659, 0.8179321)
(-0.03564453, 0.08581543, 0.5685425, 0.8173218)
(-0.03564453, 0.08581543, 0.5685425, 0.8173218)
(-0.03564453, 0.08581543, 0.5685425, 0.8173218)
(-0.03515625, 0.0848999, 0.5695801, 0.816772461)
(-0.0345459, 0.08392334, 0.5704956, 0.816223145)
(-0.0345459, 0.08392334, 0.5704956, 0.816223145)
(-0.0345459, 0.08392334, 0.5704956, 0.816223145)
(-0.033203125, 0.0822143555, 0.572509766, 0.8150635)
(-0.033203125, 0.0822143555, 0.572509766, 0.8150635)
(-0.03265381, 0.08154297, 0.573669434, 0.814331055)
(-0.03265381, 0.08154297, 0.573669434, 0.814331055)
(-0.032043457, 0.08099365, 0.5748291, 0.8135376)
(-0.032043457, 0.08099365, 0.5748291, 0.8135376)
(-0.03149414, 0.0805664063, 0.57611084, 0.812744141)
(-0.03149414, 0.0805664063, 0.57611084, 0.812744141)
(-0.0308837891, 0.0803222656, 0.5772095, 0.8120117)
(-0.0308837891, 0.0803222656, 0.5772095, 0.8120117)
(-0.0306396484, 0.0799560547, 0.578186035, 0.811340332)
(-0.0305175781, 0.07940674, 0.579101563, 0.81073)
(-0.0305175781, 0.07940674, 0.579101563, 0.81073)
(-0.030456543, 0.07897949, 0.579834, 0.8102417)
(-0.030456543, 0.07897949, 0.579834, 0.8102417)
(-0.0305786133, 0.07861328, 0.5803833, 0.8099365)
(-0.0308227539, 0.0783081055, 0.580627441, 0.8097534)
(-0.0308227539, 0.0783081055, 0.580627441, 0.8097534)
(-0.0308227539, 0.0783081055, 0.580627441, 0.8097534)
(-0.03100586, 0.078125, 0.580810547, 0.809631348)
(-0.03100586, 0.078125, 0.580810547, 0.809631348)
(-0.0309448242, 0.0783081055, 0.580810547, 0.809631348)
(-0.03100586, 0.07867432, 0.5807495, 0.809631348)
(-0.03100586, 0.07867432, 0.5807495, 0.809631348)
(-0.03100586, 0.07867432, 0.5807495, 0.809631348)
(-0.0311889648, 0.07891846, 0.5807495, 0.8095703)
(-0.03125, 0.07922363, 0.5807495, 0.8095703)
(-0.03112793, 0.07965088, 0.5807495, 0.8095093)
(-0.03112793, 0.07965088, 0.5807495, 0.8095093)
(-0.0310668945, 0.08001709, 0.5807495, 0.8095093)
(-0.0310668945, 0.08001709, 0.5807495, 0.8095093)
(-0.0308227539, 0.08026123, 0.5806885, 0.8095093)
(-0.0308227539, 0.08026123, 0.5806885, 0.8095093)
(-0.0306396484, 0.08050537, 0.5805664, 0.8095703)
(-0.0306396484, 0.08050537, 0.5805664, 0.8095703)
(-0.0307006836, 0.0805664063, 0.5805664, 0.8095703)
(-0.0307006836, 0.0805664063, 0.5805664, 0.8095703)
(-0.0307617188, 0.0805664063, 0.5805664, 0.8095703)
(-0.0307617188, 0.0805664063, 0.5805664, 0.8095703)
(-0.0310668945, 0.08093262, 0.5803833, 0.8096924)
(-0.03149414, 0.0814209, 0.579895, 0.8099365)
(-0.03149414, 0.0814209, 0.579895, 0.8099365)
(-0.0322875977, 0.08178711, 0.5794678, 0.810180664)
(-0.033203125, 0.08215332, 0.5789795, 0.81048584)
(-0.033203125, 0.08215332, 0.5789795, 0.81048584)
(-0.0338134766, 0.0826416, 0.578552246, 0.810668945)
(-0.0338134766, 0.0826416, 0.578552246, 0.810668945)
(-0.033996582, 0.08331299, 0.5783081, 0.810791)
(-0.033996582, 0.08331299, 0.5783081, 0.810791)
(-0.0342407227, 0.0837402344, 0.578369141, 0.810668945)
(-0.0342407227, 0.0837402344, 0.578369141, 0.810668945)
(-0.0346069336, 0.0837402344, 0.578552246, 0.8105469)
(-0.0346069336, 0.0837402344, 0.578552246, 0.8105469)
(-0.0346069336, 0.0837402344, 0.578552246, 0.8105469)
(-0.03503418, 0.083984375, 0.5787964, 0.810302734)
(-0.03527832, 0.08441162, 0.578918457, 0.810180664)
(-0.0353393555, 0.08502197, 0.578918457, 0.8101196)
(-0.0353393555, 0.08502197, 0.578918457, 0.8101196)
(-0.03552246, 0.08569336, 0.578735352, 0.8101196)
(-0.03552246, 0.08569336, 0.578735352, 0.8101196)
(-0.03564453, 0.08642578, 0.578552246, 0.8102417)
(-0.035949707, 0.08728027, 0.578186035, 0.81036377)
(-0.035949707, 0.08728027, 0.578186035, 0.81036377)
(-0.035949707, 0.08728027, 0.578186035, 0.81036377)
(-0.036315918, 0.08795166, 0.5777588, 0.8106079)
(-0.03668213, 0.08850098, 0.5770874, 0.8109741)
(-0.03668213, 0.08850098, 0.5770874, 0.8109741)
(-0.0368652344, 0.08868408, 0.576477051, 0.811401367)
(-0.0368652344, 0.08868408, 0.576477051, 0.811401367)
(-0.03704834, 0.08856201, 0.5758667, 0.8118286)
(-0.03704834, 0.08856201, 0.5758667, 0.8118286)
(-0.03704834, 0.08843994, 0.5753174, 0.812255859)
(-0.0369873047, 0.08831787, 0.574707031, 0.8126831)
(-0.0369873047, 0.08831787, 0.574707031, 0.8126831)
(-0.0369873047, 0.0881958, 0.57421875, 0.8130493)
(-0.0369873047, 0.0881958, 0.57421875, 0.8130493)
(-0.03717041, 0.0881347656, 0.5737915, 0.8133545)
(-0.03717041, 0.0881347656, 0.5737915, 0.8133545)
(-0.03729248, 0.0880126953, 0.573364258, 0.813659668)
(-0.03729248, 0.0880126953, 0.573364258, 0.813659668)
(-0.0374755859, 0.08782959, 0.572814941, 0.8140259)
(-0.0377197266, 0.0876464844, 0.57232666, 0.8143921)
(-0.0377197266, 0.0876464844, 0.57232666, 0.8143921)
(-0.037902832, 0.0875244141, 0.5718994, 0.814697266)
(-0.037902832, 0.0875244141, 0.5718994, 0.814697266)
(-0.0379638672, 0.08734131, 0.571472168, 0.8150635)
(-0.0379638672, 0.08734131, 0.571472168, 0.8150635)
(-0.0380249023, 0.0874023438, 0.5710449, 0.8153076)
(-0.0380249023, 0.0874023438, 0.5710449, 0.8153076)
(-0.0380859375, 0.0876464844, 0.570556641, 0.8156128)
(-0.038269043, 0.08782959, 0.570068359, 0.815979)
(-0.038269043, 0.08782959, 0.570068359, 0.815979)
(-0.038269043, 0.08807373, 0.5695801, 0.8162842)
(-0.038269043, 0.08807373, 0.5695801, 0.8162842)
(-0.0383911133, 0.0882568359, 0.569152832, 0.8165283)
(-0.0383911133, 0.0882568359, 0.569152832, 0.8165283)
(-0.03857422, 0.08850098, 0.568847656, 0.8167114)
(-0.03857422, 0.08850098, 0.568847656, 0.8167114)
(-0.03857422, 0.08850098, 0.568847656, 0.8167114)
(-0.0388793945, 0.08898926, 0.568664551, 0.816772461)
(-0.0388793945, 0.08898926, 0.568664551, 0.816772461)
(-0.03918457, 0.08935547, 0.5685425, 0.816772461)
(-0.03918457, 0.08935547, 0.5685425, 0.816772461)
(-0.03918457, 0.08935547, 0.5685425, 0.816772461)
(-0.0396118164, 0.09051514, 0.56817627, 0.816894531)
(-0.0396118164, 0.09051514, 0.56817627, 0.816894531)
(-0.0397338867, 0.09088135, 0.56817627, 0.8168335)
(-0.0397338867, 0.09088135, 0.56817627, 0.8168335)
(-0.0397338867, 0.09088135, 0.56817627, 0.8168335)
(-0.03967285, 0.09118652, 0.5682373, 0.816772461)
(-0.03930664, 0.0916748047, 0.5683594, 0.8166504)
(-0.03930664, 0.0916748047, 0.5683594, 0.8166504)
(-0.0391235352, 0.0921630859, 0.5684204, 0.816589355)
(-0.0391235352, 0.0921630859, 0.5684204, 0.816589355)
(-0.0390014648, 0.09265137, 0.5684204, 0.8165283)
(-0.0390014648, 0.09307861, 0.56829834, 0.816589355)
(-0.0390014648, 0.09307861, 0.56829834, 0.816589355)
(-0.0390014648, 0.09307861, 0.56829834, 0.816589355)
(-0.0390014648, 0.09350586, 0.568115234, 0.8166504)
(-0.0393676758, 0.0935668945, 0.5679321, 0.816772461)
(-0.03930664, 0.0938110352, 0.567688, 0.816894531)
(-0.03930664, 0.0938110352, 0.567688, 0.816894531)
(-0.03930664, 0.0938110352, 0.567688, 0.816894531)
(-0.03930664, 0.0938110352, 0.567688, 0.816894531)
(-0.03894043, 0.0940551758, 0.5675049, 0.8170166)
(-0.0388793945, 0.0941772461, 0.5673828, 0.817077637)
(-0.0387573242, 0.09436035, 0.5673218, 0.817077637)
(-0.0387573242, 0.09436035, 0.5673218, 0.817077637)
(-0.0387573242, 0.09442139, 0.567260742, 0.8171387)
(-0.0387573242, 0.09442139, 0.567260742, 0.8171387)
(-0.0386352539, 0.09454346, 0.567260742, 0.8171387)
(-0.038269043, 0.09466553, 0.5673828, 0.8170166)
(-0.038269043, 0.09466553, 0.5673828, 0.8170166)
(-0.038269043, 0.09466553, 0.5673828, 0.8170166)
(-0.038269043, 0.09466553, 0.5673828, 0.8170166)
(-0.03717041, 0.09484863, 0.567810059, 0.816772461)
(-0.03717041, 0.09484863, 0.567810059, 0.816772461)
(-0.03692627, 0.09484863, 0.5680542, 0.8166504)
(-0.03692627, 0.09484863, 0.5680542, 0.8166504)
(-0.03692627, 0.09490967, 0.5680542, 0.8166504)
(-0.03692627, 0.09490967, 0.5680542, 0.8166504)
(-0.0368652344, 0.09509277, 0.567993164, 0.8166504)
(-0.0367431641, 0.09539795, 0.5679321, 0.8166504)
(-0.0367431641, 0.09539795, 0.5679321, 0.8166504)
(-0.03668213, 0.09564209, 0.5678711, 0.8166504)
(-0.03668213, 0.09564209, 0.5678711, 0.8166504)
(-0.0366210938, 0.09588623, 0.567749, 0.8167114)
(-0.0366210938, 0.09588623, 0.567749, 0.8167114)
(-0.03643799, 0.09625244, 0.5675659, 0.816772461)
(-0.036315918, 0.09643555, 0.5673828, 0.816894531)
(-0.036315918, 0.09643555, 0.5673828, 0.816894531)
(-0.0363769531, 0.09637451, 0.5673828, 0.816955566)
(-0.0363769531, 0.09637451, 0.5673828, 0.816955566)
(-0.0363769531, 0.09637451, 0.5673828, 0.816955566)
(-0.0363769531, 0.09637451, 0.5673828, 0.816955566)
(-0.03643799, 0.09637451, 0.5673828, 0.816955566)
(-0.03643799, 0.09637451, 0.5673828, 0.816955566)
(-0.03643799, 0.09637451, 0.5673828, 0.816955566)
(-0.03643799, 0.09637451, 0.5673828, 0.816955566)
(-0.0362548828, 0.09637451, 0.5675049, 0.8168335)
(-0.0360717773, 0.09643555, 0.567688, 0.816772461)
(-0.0360717773, 0.09643555, 0.567688, 0.816772461)
(-0.0360717773, 0.09643555, 0.567688, 0.816772461)
(-0.0360717773, 0.09643555, 0.567688, 0.816772461)
(-0.0357666, 0.09674072, 0.567443848, 0.816894531)
(-0.0357666, 0.09674072, 0.567443848, 0.816894531)
(-0.0361328125, 0.09674072, 0.567260742, 0.8170166)
(-0.0361328125, 0.09674072, 0.567260742, 0.8170166)
(-0.0363769531, 0.09674072, 0.5670166, 0.8171387)
(-0.0362548828, 0.09698486, 0.566772461, 0.817260742)
(-0.0362548828, 0.09698486, 0.566772461, 0.817260742)
(-0.0361938477, 0.09710693, 0.566589355, 0.8173828)
(-0.0361938477, 0.09710693, 0.566589355, 0.8173828)
(-0.0361938477, 0.09710693, 0.566589355, 0.8173828)
(-0.0362548828, 0.09710693, 0.566589355, 0.8173828)
(-0.0362548828, 0.09710693, 0.5665283, 0.817443848)
(-0.0361328125, 0.09716797, 0.566589355, 0.817443848)
(-0.0361328125, 0.09716797, 0.566589355, 0.817443848)
(-0.0360107422, 0.0972290039, 0.566589355, 0.817443848)
(-0.0360107422, 0.0972290039, 0.566589355, 0.817443848)
(-0.0360717773, 0.09729004, 0.5665283, 0.817443848)
(-0.0360717773, 0.09729004, 0.5665283, 0.817443848)
(-0.0360717773, 0.09729004, 0.5665283, 0.817443848)
(-0.0360717773, 0.09729004, 0.5665283, 0.817443848)
(-0.0361328125, 0.09729004, 0.5665283, 0.817443848)
(-0.0361328125, 0.09729004, 0.5665283, 0.817443848)
(-0.0360717773, 0.09753418, 0.5665283, 0.817443848)
(-0.0360717773, 0.09753418, 0.5665283, 0.817443848)
(-0.0360107422, 0.0978393555, 0.5664673, 0.8173828)
(-0.0360107422, 0.0980834961, 0.5665283, 0.8173218)
(-0.0360107422, 0.0980834961, 0.5665283, 0.8173218)
(-0.035949707, 0.09832764, 0.566589355, 0.817260742)
(-0.035949707, 0.09832764, 0.566589355, 0.817260742)
(-0.035949707, 0.09832764, 0.566589355, 0.817260742)
(-0.0357666, 0.09863281, 0.5665283, 0.817260742)
(-0.0357666, 0.09863281, 0.5665283, 0.817260742)
(-0.0357666, 0.09857178, 0.5665283, 0.817260742)
(-0.0357666, 0.09857178, 0.5665283, 0.817260742)
(-0.0358276367, 0.09857178, 0.5665283, 0.817260742)
(-0.0358276367, 0.09857178, 0.5665283, 0.817260742)
(-0.03564453, 0.09857178, 0.5663452, 0.817443848)
(-0.03564453, 0.09857178, 0.5663452, 0.817443848)
(-0.03564453, 0.09857178, 0.5663452, 0.817443848)
(-0.03564453, 0.09838867, 0.5661011, 0.817626953)
(-0.0358276367, 0.0980834961, 0.565917969, 0.817749)
(-0.035949707, 0.0978393555, 0.565856934, 0.817810059)
(-0.035949707, 0.0978393555, 0.565856934, 0.817810059)
(-0.035949707, 0.0978393555, 0.565856934, 0.817810059)
(-0.035949707, 0.0978393555, 0.565856934, 0.817810059)
(-0.0360107422, 0.0978393555, 0.565856934, 0.817810059)
(-0.0360107422, 0.0978393555, 0.565856934, 0.817810059)
(-0.0360107422, 0.0978393555, 0.565856934, 0.817810059)
(-0.0360107422, 0.0978393555, 0.565856934, 0.817810059)
(-0.0360717773, 0.0978393555, 0.565856934, 0.817810059)
(-0.0360717773, 0.0978393555, 0.565856934, 0.817810059)
(-0.0360717773, 0.0978393555, 0.565856934, 0.817810059)
(-0.0361328125, 0.0978393555, 0.565856934, 0.817810059)
(-0.0361328125, 0.0978393555, 0.565856934, 0.817810059)
(-0.0361328125, 0.0978393555, 0.565856934, 0.817810059)
(-0.0361938477, 0.0978393555, 0.565856934, 0.817810059)
(-0.0361938477, 0.0978393555, 0.565856934, 0.817810059)
(-0.0361938477, 0.0978393555, 0.565856934, 0.8178711)
(-0.0361938477, 0.0978393555, 0.565856934, 0.8178711)
(-0.0361938477, 0.0978393555, 0.565856934, 0.8178711)
(-0.0361938477, 0.0978393555, 0.565856934, 0.8178711)
(-0.0362548828, 0.0978393555, 0.565856934, 0.8178711)
(-0.0362548828, 0.0978393555, 0.565856934, 0.8178711)
(-0.0362548828, 0.0978393555, 0.565856934, 0.8178711)
(-0.0364990234, 0.0975952148, 0.565856934, 0.817810059)
(-0.0367431641, 0.09729004, 0.565917969, 0.817810059)
(-0.0367431641, 0.09729004, 0.565917969, 0.817810059)
(-0.03692627, 0.0970459, 0.565856934, 0.8178711)
(-0.03692627, 0.0970459, 0.565856934, 0.8178711)
