(-0.05041504, 0.03491211, 0.691894531, 0.7192993)
(-0.05041504, 0.03491211, 0.691894531, 0.7192993)
(-0.05041504, 0.03491211, 0.691894531, 0.7192993)
(-0.05041504, 0.03491211, 0.691894531, 0.7192993)
(-0.05041504, 0.03491211, 0.691894531, 0.7192993)
(-0.05053711, 0.03491211, 0.6917114, 0.7194824)
(-0.05053711, 0.03491211, 0.6917114, 0.7194824)
(-0.0507202148, 0.03491211, 0.691589355, 0.7196045)
(-0.0509643555, 0.0348510742, 0.6914673, 0.719726563)
(-0.0509643555, 0.0348510742, 0.6914673, 0.719726563)
(-0.0509643555, 0.0348510742, 0.6914673, 0.719726563)
(-0.05102539, 0.03479004, 0.6913452, 0.719848633)
(-0.05102539, 0.03479004, 0.6913452, 0.719848633)
(-0.05102539, 0.03491211, 0.6911621, 0.7199707)
(-0.0510864258, 0.0350952148, 0.691040039, 0.7200928)
(-0.0510864258, 0.0350952148, 0.691040039, 0.7200928)
(-0.0510864258, 0.0350952148, 0.691040039, 0.7200928)
(-0.0513916, 0.03503418, 0.690917969, 0.720214844)
(-0.0516357422, 0.03515625, 0.690734863, 0.720397949)
(-0.0518188477, 0.03540039, 0.6904297, 0.7206421)
(-0.0518188477, 0.03540039, 0.6904297, 0.7206421)
(-0.0518188477, 0.03540039, 0.6904297, 0.7206421)
(-0.051940918, 0.0355834961, 0.690185547, 0.7208252)
(-0.051940918, 0.0355834961, 0.690185547, 0.7208252)
(-0.0520019531, 0.0357055664, 0.6899414, 0.721069336)
(-0.0520019531, 0.0357055664, 0.6899414, 0.721069336)
(-0.0520019531, 0.03564453, 0.68963623, 0.7213135)
(-0.051940918, 0.0357055664, 0.689331055, 0.721618652)
(-0.051940918, 0.0357055664, 0.689331055, 0.721618652)
(-0.0516357422, 0.0358886719, 0.688964844, 0.721984863)
(-0.0516357422, 0.0358886719, 0.688964844, 0.721984863)
(-0.0512084961, 0.0360717773, 0.6882324, 0.7227173)
(-0.05053711, 0.035949707, 0.6871948, 0.7237549)
(-0.05053711, 0.035949707, 0.6871948, 0.7237549)
(-0.0510864258, 0.0338134766, 0.686218262, 0.7247925)
(-0.0510864258, 0.0338134766, 0.686218262, 0.7247925)
(-0.0551147461, 0.0277099609, 0.685791, 0.7251587)
(-0.0551147461, 0.0277099609, 0.685791, 0.7251587)
(-0.06530762, 0.0148925781, 0.6871338, 0.723327637)
(-0.06530762, 0.0148925781, 0.6871338, 0.723327637)
(-0.08746338, -0.006958008, 0.6921997, 0.7163086)
(-0.08746338, -0.006958008, 0.6921997, 0.7163086)
(-0.119262695, -0.03741455, 0.6994629, 0.7036133)
(-0.156188965, -0.06964111, 0.7067261, 0.6864624)
(-0.156188965, -0.06964111, 0.7067261, 0.6864624)
(-0.184814453, -0.0914917, 0.7121582, 0.6710205)
(-0.184814453, -0.0914917, 0.7121582, 0.6710205)
(-0.19744873, -0.09643555, 0.7163086, 0.662231445)
(-0.191040039, -0.08215332, 0.719848633, 0.6621704)
(-0.191040039, -0.08215332, 0.719848633, 0.6621704)
(-0.18347168, -0.06341553, 0.7214966, 0.6646118)
(-0.18347168, -0.06341553, 0.7214966, 0.6646118)
(-0.187072754, -0.0581665039, 0.722167969, 0.6633911)
(-0.187072754, -0.0581665039, 0.722167969, 0.6633911)
(-0.1965332, -0.06347656, 0.7223511, 0.6599121)
(-0.1965332, -0.06347656, 0.7223511, 0.6599121)
(-0.203125, -0.06756592, 0.722229, 0.6576538)
(-0.203125, -0.06756592, 0.722229, 0.6576538)
(-0.2029419, -0.0667114258, 0.7229004, 0.657043457)
(-0.200927734, -0.0648193359, 0.723938, 0.656677246)
(-0.200927734, -0.0648193359, 0.723938, 0.656677246)
(-0.201965332, -0.06500244, 0.724914551, 0.655273438)
(-0.201965332, -0.06500244, 0.724914551, 0.655273438)
(-0.2052002, -0.0668334961, 0.725585938, 0.653381348)
(-0.2078247, -0.0682373047, 0.726318359, 0.6516113)
(-0.2078247, -0.0682373047, 0.726318359, 0.6516113)
(-0.2078247, -0.0682373047, 0.726318359, 0.6516113)
(-0.208984375, -0.06781006, 0.7272949, 0.6501465)
(-0.209533691, -0.06652832, 0.7285156, 0.6487427)
(-0.209533691, -0.06652832, 0.7285156, 0.6487427)
(-0.210510254, -0.06524658, 0.729797363, 0.647155762)
(-0.210510254, -0.06524658, 0.729797363, 0.647155762)
(-0.211669922, -0.06463623, 0.731140137, 0.6453247)
(-0.211669922, -0.06463623, 0.731140137, 0.6453247)
(-0.212585449, -0.06414795, 0.7324219, 0.6436157)
(-0.2131958, -0.0635376, 0.733398438, 0.642334)
(-0.2131958, -0.0635376, 0.733398438, 0.642334)
(-0.213684082, -0.0628051758, 0.734130859, 0.641418457)
(-0.213684082, -0.0628051758, 0.734130859, 0.641418457)
(-0.213989258, -0.0623168945, 0.7347412, 0.640625)
(-0.213989258, -0.0623168945, 0.7347412, 0.640625)
(-0.214660645, -0.061706543, 0.7350464, 0.6400757)
(-0.214660645, -0.061706543, 0.7350464, 0.6400757)
(-0.215393066, -0.06109619, 0.735351563, 0.6395874)
(-0.215515137, -0.0601806641, 0.735534668, 0.6394043)
(-0.215515137, -0.0601806641, 0.735534668, 0.6394043)
(-0.215515137, -0.0592041, 0.735473633, 0.6395874)
(-0.215515137, -0.0592041, 0.735473633, 0.6395874)
(-0.215271, -0.05883789, 0.7352295, 0.6399536)
(-0.215271, -0.05883789, 0.7352295, 0.6399536)
(-0.214904785, -0.0587768555, 0.7348633, 0.640563965)
(-0.21496582, -0.0592041, 0.7344971, 0.6409302)
(-0.21496582, -0.0592041, 0.7344971, 0.6409302)
(-0.215698242, -0.05999756, 0.7340698, 0.641052246)
(-0.215698242, -0.05999756, 0.7340698, 0.641052246)
(-0.216430664, -0.0606689453, 0.733764648, 0.641052246)
(-0.216430664, -0.0606689453, 0.733764648, 0.641052246)
(-0.21673584, -0.0607910156, 0.7336426, 0.6411133)
(-0.21673584, -0.0607910156, 0.7336426, 0.6411133)
(-0.217041016, -0.06060791, 0.7336426, 0.641052246)
(-0.217041016, -0.06060791, 0.7336426, 0.641052246)
(-0.217590332, -0.06036377, 0.7336426, 0.640869141)
(-0.218200684, -0.0600585938, 0.7336426, 0.640686035)
(-0.218200684, -0.0600585938, 0.7336426, 0.640686035)
(-0.218811035, -0.0596313477, 0.7334595, 0.6407471)
(-0.218811035, -0.0596313477, 0.7334595, 0.6407471)
(-0.21887207, -0.0591430664, 0.733215332, 0.641052246)
(-0.219238281, -0.0586547852, 0.732910156, 0.6412964)
(-0.219238281, -0.0586547852, 0.732910156, 0.6412964)
(-0.2199707, -0.0586547852, 0.7322998, 0.641723633)
(-0.2199707, -0.0586547852, 0.7322998, 0.641723633)
(-0.220581055, -0.0584106445, 0.7315674, 0.642334)
(-0.220581055, -0.0584106445, 0.7315674, 0.642334)
(-0.22064209, -0.05810547, 0.730957031, 0.6430664)
(-0.22064209, -0.05810547, 0.730957031, 0.6430664)
(-0.22064209, -0.05810547, 0.730957031, 0.6430664)
(-0.220214844, -0.05810547, 0.7305298, 0.6437378)
(-0.220336914, -0.0585327148, 0.729980469, 0.6442871)
(-0.2211914, -0.0595703125, 0.7293701, 0.6445923)
(-0.2211914, -0.0595703125, 0.7293701, 0.6445923)
(-0.221618652, -0.06036377, 0.7289429, 0.644897461)
(-0.221435547, -0.0609130859, 0.728759766, 0.645019531)
(-0.2210083, -0.0615234375, 0.7290039, 0.644897461)
(-0.2210083, -0.0615234375, 0.7290039, 0.644897461)
(-0.2210083, -0.0615234375, 0.7290039, 0.644897461)
(-0.221313477, -0.0625, 0.729248047, 0.6444092)
(-0.221313477, -0.0625, 0.729248047, 0.6444092)
(-0.222229, -0.06378174, 0.7295532, 0.6436157)
(-0.222106934, -0.06427002, 0.729980469, 0.6430664)
(-0.222106934, -0.06427002, 0.729980469, 0.6430664)
(-0.221313477, -0.06378174, 0.7304077, 0.642944336)
(-0.221313477, -0.06378174, 0.7304077, 0.642944336)
(-0.2211914, -0.06335449, 0.730834961, 0.6425171)
(-0.221313477, -0.06329346, 0.7312622, 0.6420288)
(-0.221313477, -0.06329346, 0.7312622, 0.6420288)
(-0.221496582, -0.06274414, 0.731506348, 0.641723633)
(-0.221496582, -0.06274414, 0.731506348, 0.641723633)
(-0.221557617, -0.06225586, 0.7316284, 0.641601563)
(-0.221557617, -0.06225586, 0.7316284, 0.641601563)
(-0.221557617, -0.061706543, 0.7316284, 0.641723633)
(-0.221557617, -0.061706543, 0.7316284, 0.641723633)
(-0.221557617, -0.061340332, 0.7314453, 0.6419678)
(-0.221557617, -0.061340332, 0.7314453, 0.6419678)
(-0.221679688, -0.06097412, 0.7312622, 0.6421509)
(-0.221679688, -0.06097412, 0.7312622, 0.6421509)
(-0.221740723, -0.0606689453, 0.7310791, 0.642334)
(-0.221435547, -0.06036377, 0.730896, 0.64263916)
(-0.221435547, -0.06036377, 0.730896, 0.64263916)
(-0.221374512, -0.0601806641, 0.7307129, 0.6428833)
(-0.221374512, -0.0601806641, 0.7307129, 0.6428833)
(-0.221374512, -0.06036377, 0.7305908, 0.6430664)
(-0.221374512, -0.06048584, 0.73046875, 0.6431885)
(-0.221374512, -0.06048584, 0.73046875, 0.6431885)
(-0.221069336, -0.0604248047, 0.73046875, 0.643310547)
(-0.221069336, -0.0604248047, 0.73046875, 0.643310547)
(-0.220581055, -0.0604248047, 0.7305298, 0.6434326)
(-0.220581055, -0.0604248047, 0.7305298, 0.6434326)
(-0.22064209, -0.0607910156, 0.73046875, 0.6434326)
(-0.22064209, -0.0607910156, 0.73046875, 0.6434326)
(-0.22088623, -0.0614013672, 0.7303467, 0.6433716)
(-0.22088623, -0.0614013672, 0.7303467, 0.6433716)
(-0.22064209, -0.0615234375, 0.730285645, 0.6435547)
(-0.219909668, -0.0612792969, 0.730285645, 0.643859863)
(-0.219909668, -0.0612792969, 0.730285645, 0.643859863)
(-0.219909668, -0.0612792969, 0.730285645, 0.643859863)
(-0.219909668, -0.0612792969, 0.730285645, 0.643859863)
(-0.22052002, -0.0616455078, 0.730102539, 0.6437378)
(-0.22052002, -0.0616455078, 0.730102539, 0.6437378)
(-0.220336914, -0.0619506836, 0.7302246, 0.6437378)
(-0.219055176, -0.06188965, 0.73046875, 0.643859863)
(-0.217956543, -0.0619506836, 0.730651855, 0.643981934)
(-0.217956543, -0.0619506836, 0.730651855, 0.643981934)
(-0.2177124, -0.0626831055, 0.7307129, 0.6439209)
(-0.2177124, -0.0626831055, 0.7307129, 0.6439209)
(-0.217407227, -0.06329346, 0.7305908, 0.644104)
(-0.217407227, -0.06329346, 0.7305908, 0.644104)
(-0.2164917, -0.06365967, 0.73046875, 0.64453125)
(-0.215698242, -0.06402588, 0.7304077, 0.644897461)
(-0.2154541, -0.0646972656, 0.7303467, 0.6449585)
(-0.2154541, -0.0646972656, 0.7303467, 0.6449585)
(-0.215515137, -0.06524658, 0.7303467, 0.6448364)
(-0.215515137, -0.06524658, 0.7303467, 0.6448364)
(-0.215148926, -0.06518555, 0.7305298, 0.6447754)
(-0.215148926, -0.06518555, 0.7305298, 0.6447754)
(-0.214782715, -0.0645751953, 0.7307739, 0.6446533)
(-0.214782715, -0.0645751953, 0.7307739, 0.6446533)
(-0.214782715, -0.0642089844, 0.730957031, 0.6444702)
(-0.21472168, -0.0639648438, 0.7310791, 0.644348145)
(-0.21472168, -0.0639648438, 0.7310791, 0.644348145)
(-0.214782715, -0.06402588, 0.7310791, 0.644348145)
(-0.214782715, -0.06402588, 0.7310791, 0.644348145)
(-0.214782715, -0.06402588, 0.7310791, 0.644348145)
(-0.21484375, -0.0640869141, 0.7310791, 0.644348145)
(-0.21484375, -0.0640869141, 0.7310791, 0.644348145)
(-0.214599609, -0.06427002, 0.7310791, 0.6444092)
(-0.214599609, -0.06427002, 0.7310791, 0.6444092)
(-0.214599609, -0.06427002, 0.7310791, 0.6444092)
(-0.214599609, -0.0648193359, 0.731140137, 0.6442871)
(-0.214355469, -0.06536865, 0.7312622, 0.644165039)
(-0.214355469, -0.06536865, 0.7312622, 0.644165039)
(-0.214355469, -0.0657959, 0.731323242, 0.644042969)
(-0.214355469, -0.0657959, 0.731323242, 0.644042969)
(-0.2144165, -0.0662231445, 0.731323242, 0.643981934)
(-0.2144165, -0.0664672852, 0.7314453, 0.643859863)
(-0.2144165, -0.0664672852, 0.7314453, 0.643859863)
(-0.2140503, -0.0665893555, 0.7316284, 0.6437378)
(-0.2140503, -0.0665893555, 0.7316284, 0.6437378)
(-0.213745117, -0.06665039, 0.731872559, 0.6435547)
(-0.213623047, -0.06707764, 0.7319336, 0.643493652)
(-0.213623047, -0.06707764, 0.7319336, 0.643493652)
(-0.213623047, -0.06707764, 0.7319336, 0.643493652)
(-0.213562012, -0.06762695, 0.731872559, 0.643493652)
(-0.213562012, -0.06762695, 0.731872559, 0.643493652)
(-0.213439941, -0.0681152344, 0.7318115, 0.6436157)
(-0.213256836, -0.0687255859, 0.731689453, 0.6437378)
(-0.213256836, -0.0687255859, 0.731689453, 0.6437378)
(-0.213134766, -0.06964111, 0.7314453, 0.6439209)
(-0.213134766, -0.06964111, 0.7314453, 0.6439209)
(-0.212768555, -0.07043457, 0.7310791, 0.6444092)
(-0.212768555, -0.07043457, 0.7310791, 0.6444092)
(-0.212097168, -0.0703735352, 0.7305298, 0.645202637)
(-0.211730957, -0.0703125, 0.729980469, 0.6459961)
(-0.211730957, -0.0703125, 0.729980469, 0.6459961)
(-0.211791992, -0.07043457, 0.7293701, 0.6466675)
(-0.211791992, -0.07043457, 0.7293701, 0.6466675)
(-0.2121582, -0.0707397461, 0.7289429, 0.646972656)
(-0.2121582, -0.0707397461, 0.7289429, 0.646972656)
(-0.212219238, -0.07116699, 0.7286377, 0.6472168)
(-0.212219238, -0.07116699, 0.7286377, 0.6472168)
(-0.211914063, -0.07098389, 0.7283325, 0.6477051)
(-0.211914063, -0.07098389, 0.7283325, 0.6477051)
(-0.2119751, -0.07080078, 0.728027344, 0.6480713)
(-0.212463379, -0.07086182, 0.727539063, 0.648376465)
(-0.212463379, -0.07086182, 0.727539063, 0.648376465)
(-0.212646484, -0.07080078, 0.7271118, 0.648864746)
(-0.212646484, -0.07080078, 0.7271118, 0.648864746)
(-0.212402344, -0.07055664, 0.7267456, 0.649353)
(-0.212036133, -0.0703125, 0.7264404, 0.6498413)
(-0.212036133, -0.0703125, 0.7264404, 0.6498413)
(-0.211486816, -0.0700073242, 0.7260742, 0.65045166)
(-0.211486816, -0.0700073242, 0.7260742, 0.65045166)
(-0.211242676, -0.07006836, 0.725647, 0.651001)
(-0.211242676, -0.07006836, 0.725647, 0.651001)
(-0.210998535, -0.07055664, 0.7252197, 0.6515503)
(-0.210998535, -0.07055664, 0.7252197, 0.6515503)
(-0.210632324, -0.07098389, 0.7246094, 0.6522827)
(-0.210632324, -0.07098389, 0.7246094, 0.6522827)
(-0.210205078, -0.07141113, 0.723938, 0.6531372)
(-0.209960938, -0.0717773438, 0.723327637, 0.6538696)
(-0.209960938, -0.0717773438, 0.723327637, 0.6538696)
(-0.209838867, -0.0721435547, 0.7227783, 0.65448)
(-0.209838867, -0.0721435547, 0.7227783, 0.65448)
(-0.209838867, -0.0725097656, 0.7223511, 0.6549072)
(-0.209838867, -0.0725097656, 0.7223511, 0.6549072)
(-0.209472656, -0.0727539063, 0.7220459, 0.655273438)
(-0.209472656, -0.0727539063, 0.7220459, 0.655273438)
(-0.20892334, -0.0726318359, 0.7219238, 0.6555786)
(-0.20892334, -0.0726318359, 0.7219238, 0.6555786)
(-0.208618164, -0.0726318359, 0.7219238, 0.6557617)
(-0.208435059, -0.07281494, 0.7219238, 0.6557007)
(-0.208435059, -0.07281494, 0.7219238, 0.6557007)
(-0.208129883, -0.07281494, 0.722106934, 0.655639648)
(-0.208129883, -0.07281494, 0.722106934, 0.655639648)
(-0.208068848, -0.0725708, 0.722290039, 0.655456543)
(-0.208435059, -0.0721435547, 0.7225342, 0.655151367)
(-0.208435059, -0.0721435547, 0.7225342, 0.655151367)
(-0.2088623, -0.0715332, 0.7227783, 0.654785156)
(-0.2088623, -0.0715332, 0.7227783, 0.654785156)
(-0.20880127, -0.0704956055, 0.723022461, 0.6546631)
(-0.20880127, -0.0704956055, 0.723022461, 0.6546631)
(-0.208740234, -0.0692749, 0.723144531, 0.6546631)
(-0.208740234, -0.0692749, 0.723144531, 0.6546631)
(-0.2088623, -0.06829834, 0.723144531, 0.654785156)
(-0.2088623, -0.06829834, 0.723144531, 0.654785156)
(-0.20904541, -0.06762695, 0.7227783, 0.655151367)
(-0.2086792, -0.06695557, 0.7224121, 0.6557617)
(-0.2086792, -0.06695557, 0.7224121, 0.6557617)
(-0.2084961, -0.06652832, 0.722229, 0.6560669)
(-0.2084961, -0.06652832, 0.722229, 0.6560669)
(-0.2084961, -0.0664672852, 0.722290039, 0.656005859)
(-0.208618164, -0.06640625, 0.7224121, 0.655822754)
(-0.208618164, -0.06640625, 0.7224121, 0.655822754)
(-0.208557129, -0.0662231445, 0.722473145, 0.6557617)
(-0.2086792, -0.06585693, 0.722473145, 0.6557617)
(-0.2086792, -0.06585693, 0.722473145, 0.6557617)
(-0.2086792, -0.06585693, 0.722473145, 0.6557617)
(-0.209228516, -0.06585693, 0.7225342, 0.6555176)
(-0.209228516, -0.06585693, 0.7225342, 0.6555176)
(-0.210021973, -0.0659790039, 0.722473145, 0.6553955)
(-0.210021973, -0.0659790039, 0.722473145, 0.6553955)
(-0.210632324, -0.06585693, 0.722290039, 0.6553345)
(-0.210632324, -0.06585693, 0.722290039, 0.6553345)
(-0.210998535, -0.06549072, 0.722229, 0.6553345)
(-0.210998535, -0.06549072, 0.722229, 0.6553345)
(-0.211242676, -0.06500244, 0.722290039, 0.655273438)
(-0.211242676, -0.06500244, 0.722290039, 0.655273438)
(-0.211486816, -0.0645751953, 0.7223511, 0.655151367)
(-0.2119751, -0.06427002, 0.7224121, 0.654968262)
(-0.2119751, -0.06427002, 0.7224121, 0.654968262)
(-0.212585449, -0.0640869141, 0.7224121, 0.654785156)
(-0.212585449, -0.0640869141, 0.7224121, 0.654785156)
(-0.212890625, -0.0637207, 0.7224121, 0.6547241)
(-0.212768555, -0.06311035, 0.7223511, 0.6548462)
(-0.212768555, -0.06311035, 0.7223511, 0.6548462)
(-0.212646484, -0.0626831055, 0.722167969, 0.655151367)
(-0.212646484, -0.0626831055, 0.722167969, 0.655151367)
(-0.212402344, -0.0624389648, 0.7218628, 0.6555786)
(-0.212402344, -0.0624389648, 0.7218628, 0.6555786)
(-0.211914063, -0.06213379, 0.7213745, 0.656311035)
(-0.211914063, -0.06213379, 0.7213745, 0.656311035)
(-0.211486816, -0.0621948242, 0.72076416, 0.6571045)
(-0.211486816, -0.0621948242, 0.72076416, 0.6571045)
(-0.211547852, -0.0628051758, 0.7200928, 0.6577759)
(-0.211669922, -0.06329346, 0.7194824, 0.6583252)
(-0.211669922, -0.06329346, 0.7194824, 0.6583252)
(-0.211791992, -0.0637207, 0.7190552, 0.658752441)
(-0.211791992, -0.0637207, 0.7190552, 0.658752441)
(-0.211730957, -0.0639648438, 0.7188721, 0.6589966)
(-0.211730957, -0.0639648438, 0.7188721, 0.6589966)
(-0.211608887, -0.06414795, 0.7189331, 0.658935547)
(-0.2119751, -0.0642089844, 0.7191162, 0.6586304)
(-0.2119751, -0.0642089844, 0.7191162, 0.6586304)
(-0.212463379, -0.0642089844, 0.7194214, 0.658081055)
(-0.212463379, -0.0642089844, 0.7194214, 0.658081055)
(-0.212463379, -0.06384277, 0.719848633, 0.6576538)
(-0.212463379, -0.06384277, 0.719848633, 0.6576538)
(-0.212463379, -0.06384277, 0.719848633, 0.6576538)
(-0.212097168, -0.06329346, 0.7203369, 0.657348633)
(-0.211547852, -0.0629272461, 0.72088623, 0.6569214)
(-0.210876465, -0.06274414, 0.7215576, 0.6564331)
(-0.210876465, -0.06274414, 0.7215576, 0.6564331)
(-0.210021973, -0.06274414, 0.722229, 0.656005859)
(-0.209106445, -0.0629272461, 0.7227783, 0.655639648)
(-0.209106445, -0.0629272461, 0.7227783, 0.655639648)
(-0.208190918, -0.06311035, 0.7232666, 0.6553345)
(-0.208190918, -0.06311035, 0.7232666, 0.6553345)
(-0.207397461, -0.06329346, 0.7236328, 0.655151367)
(-0.207397461, -0.06329346, 0.7236328, 0.655151367)
(-0.206481934, -0.06329346, 0.724060059, 0.6550293)
(-0.206481934, -0.06329346, 0.724060059, 0.6550293)
(-0.2053833, -0.06311035, 0.72442627, 0.654968262)
(-0.204406738, -0.06304932, 0.7246704, 0.654968262)
(-0.204406738, -0.06304932, 0.7246704, 0.654968262)
(-0.203552246, -0.06323242, 0.7249756, 0.6549072)
(-0.203552246, -0.06323242, 0.7249756, 0.6549072)
(-0.202880859, -0.06341553, 0.725097656, 0.654968262)
(-0.202514648, -0.06359863, 0.7252197, 0.654968262)
(-0.202514648, -0.06359863, 0.7252197, 0.654968262)
(-0.202331543, -0.0635376, 0.725280762, 0.654968262)
(-0.202331543, -0.0635376, 0.725280762, 0.654968262)
(-0.202026367, -0.06311035, 0.7252197, 0.655151367)
(-0.202026367, -0.06311035, 0.7252197, 0.655151367)
(-0.201965332, -0.0623168945, 0.7251587, 0.6553345)
(-0.201965332, -0.0623168945, 0.7251587, 0.6553345)
(-0.202148438, -0.0614013672, 0.7250366, 0.655456543)
(-0.202148438, -0.0614013672, 0.7250366, 0.655456543)
(-0.202392578, -0.06048584, 0.724914551, 0.6555786)
(-0.202392578, -0.0596313477, 0.724731445, 0.6558838)
(-0.202392578, -0.0596313477, 0.724731445, 0.6558838)
(-0.2020874, -0.0588989258, 0.72442627, 0.6563721)
(-0.2020874, -0.0588989258, 0.72442627, 0.6563721)
(-0.202209473, -0.05859375, 0.723999, 0.656860352)
(-0.202697754, -0.05883789, 0.7233887, 0.657348633)
(-0.202697754, -0.05883789, 0.7233887, 0.657348633)
(-0.202697754, -0.05883789, 0.7233887, 0.657348633)
(-0.202880859, -0.0591430664, 0.7227783, 0.657897949)
(-0.202636719, -0.05895996, 0.7223511, 0.6585083)
(-0.202636719, -0.05895996, 0.7223511, 0.6585083)
(-0.202636719, -0.0588989258, 0.722106934, 0.6588135)
(-0.202697754, -0.0588989258, 0.7220459, 0.658752441)
(-0.202697754, -0.0588989258, 0.7220459, 0.658752441)
(-0.202880859, -0.0588989258, 0.722167969, 0.658569336)
(-0.202880859, -0.0585327148, 0.7223511, 0.658447266)
(-0.202880859, -0.0585327148, 0.7223511, 0.658447266)
(-0.202880859, -0.0580444336, 0.7227173, 0.658081055)
(-0.202880859, -0.0580444336, 0.7227173, 0.658081055)
(-0.202636719, -0.0574951172, 0.723205566, 0.657714844)
(-0.202636719, -0.0574951172, 0.723205566, 0.657714844)
(-0.202514648, -0.0569458, 0.723510742, 0.6574707)
(-0.202514648, -0.0569458, 0.723510742, 0.6574707)
(-0.202514648, -0.0568847656, 0.723510742, 0.6574707)
(-0.202514648, -0.0568847656, 0.723510742, 0.6574707)
(-0.202148438, -0.05682373, 0.7234497, 0.6576538)
(-0.202148438, -0.05682373, 0.7234497, 0.6576538)
(-0.201538086, -0.05682373, 0.7232666, 0.657959)
(-0.20123291, -0.0572509766, 0.7230835, 0.65826416)
(-0.20123291, -0.0572509766, 0.7230835, 0.65826416)
(-0.20098877, -0.0580444336, 0.722839355, 0.6585083)
(-0.200622559, -0.0586547852, 0.7227783, 0.6586914)
(-0.200622559, -0.0586547852, 0.7227783, 0.6586914)
(-0.200256348, -0.0592651367, 0.7227783, 0.6586914)
(-0.200256348, -0.0592651367, 0.7227783, 0.6586914)
(-0.200256348, -0.0596923828, 0.7227783, 0.6586914)
(-0.200256348, -0.0596923828, 0.7227783, 0.6586914)
(-0.200622559, -0.06011963, 0.7227783, 0.658569336)
(-0.200622559, -0.06011963, 0.7227783, 0.658569336)
(-0.200622559, -0.06011963, 0.7227783, 0.658569336)
(-0.200622559, -0.06011963, 0.7227783, 0.658569336)
(-0.200500488, -0.059387207, 0.72265625, 0.658752441)
(-0.200744629, -0.05883789, 0.722473145, 0.658935547)
(-0.200744629, -0.05883789, 0.722473145, 0.658935547)
(-0.20123291, -0.05883789, 0.722229, 0.6590576)
(-0.20123291, -0.05883789, 0.722229, 0.6590576)
(-0.201416016, -0.05883789, 0.722106934, 0.6591797)
(-0.201416016, -0.05883789, 0.722106934, 0.6591797)
(-0.201171875, -0.05871582, 0.7219238, 0.6594238)
(-0.200927734, -0.0586547852, 0.721801758, 0.659667969)
(-0.200927734, -0.0586547852, 0.721801758, 0.659667969)
(-0.200927734, -0.0586547852, 0.721801758, 0.659667969)
(-0.20098877, -0.0586547852, 0.7215576, 0.6599121)
(-0.201171875, -0.0587768555, 0.7213135, 0.6600952)
(-0.201171875, -0.0587768555, 0.7213135, 0.6600952)
(-0.201293945, -0.05883789, 0.721069336, 0.660339355)
(-0.201293945, -0.05871582, 0.72088623, 0.660522461)
(-0.201293945, -0.05871582, 0.72088623, 0.660522461)
(-0.201293945, -0.05871582, 0.72088623, 0.660522461)
(-0.20135498, -0.05871582, 0.72088623, 0.660522461)
(-0.20135498, -0.05871582, 0.72088623, 0.660522461)
(-0.201416016, -0.05871582, 0.72088623, 0.6604614)
(-0.201416016, -0.05871582, 0.72088623, 0.6604614)
(-0.201477051, -0.05859375, 0.7210083, 0.660339355)
(-0.201538086, -0.0585327148, 0.7210083, 0.660339355)
(-0.201538086, -0.0585327148, 0.7210083, 0.660339355)
(-0.202148438, -0.05847168, 0.721069336, 0.6600342)
(-0.202148438, -0.05847168, 0.721069336, 0.6600342)
(-0.202514648, -0.05834961, 0.721252441, 0.659790039)
(-0.202514648, -0.05834961, 0.721252441, 0.659790039)
(-0.202697754, -0.057800293, 0.7213745, 0.659667969)
(-0.202575684, -0.05718994, 0.721435547, 0.659667969)
(-0.202575684, -0.05718994, 0.721435547, 0.659667969)
(-0.202453613, -0.05670166, 0.7213745, 0.659790039)
(-0.202453613, -0.05670166, 0.7213745, 0.659790039)
(-0.202453613, -0.05657959, 0.7211304, 0.6600342)
(-0.202453613, -0.05657959, 0.7211304, 0.6600342)
(-0.202575684, -0.05682373, 0.7208252, 0.660339355)
(-0.202575684, -0.05682373, 0.7208252, 0.660339355)
(-0.202758789, -0.05706787, 0.720459, 0.660705566)
(-0.202697754, -0.05718994, 0.7202759, 0.6609497)
(-0.202209473, -0.0571289063, 0.7202759, 0.661010742)
(-0.202209473, -0.0571289063, 0.7202759, 0.661010742)
(-0.201721191, -0.0571289063, 0.720459, 0.661010742)
(-0.201721191, -0.0571289063, 0.720459, 0.661010742)
(-0.201477051, -0.0575561523, 0.7206421, 0.660827637)
