(-0.121154785, 0.09991455, 0.89630127, 0.414672852)
(-0.121398926, 0.100097656, 0.8961792, 0.414794922)
(-0.121398926, 0.100097656, 0.8961792, 0.414794922)
(-0.121398926, 0.100097656, 0.8961792, 0.414794922)
(-0.121887207, 0.09991455, 0.895874, 0.415344238)
(-0.121887207, 0.09991455, 0.895874, 0.415344238)
(-0.121948242, 0.100036621, 0.8956909, 0.4156494)
(-0.121948242, 0.100036621, 0.8956909, 0.4156494)
(-0.121887207, 0.0998535156, 0.8956909, 0.415771484)
(-0.121887207, 0.0998535156, 0.8956909, 0.415771484)
(-0.1217041, 0.09954834, 0.8956909, 0.415893555)
(-0.1217041, 0.09954834, 0.8956909, 0.415893555)
(-0.121582031, 0.0992431641, 0.8956299, 0.4161377)
(-0.121459961, 0.09893799, 0.895568848, 0.4163208)
(-0.121459961, 0.09893799, 0.895568848, 0.4163208)
(-0.121459961, 0.09887695, 0.895568848, 0.416381836)
(-0.121459961, 0.09887695, 0.895568848, 0.416381836)
(-0.121520996, 0.09869385, 0.895568848, 0.416442871)
(-0.121520996, 0.09869385, 0.895568848, 0.416442871)
(-0.121582031, 0.09869385, 0.895568848, 0.416442871)
(-0.121520996, 0.09869385, 0.895568848, 0.416442871)
(-0.121520996, 0.09869385, 0.895568848, 0.416442871)
(-0.121520996, 0.09869385, 0.895568848, 0.416442871)
(-0.121582031, 0.09869385, 0.895568848, 0.416442871)
(-0.121582031, 0.09869385, 0.8955078, 0.416442871)
(-0.121582031, 0.09869385, 0.8955078, 0.416442871)
(-0.121643066, 0.09869385, 0.8955078, 0.416442871)
(-0.121643066, 0.09869385, 0.8955078, 0.416442871)
(-0.121887207, 0.09832764, 0.8956299, 0.41619873)
(-0.121887207, 0.09832764, 0.8956299, 0.41619873)
(-0.121948242, 0.0977172852, 0.895813, 0.4159546)
(-0.121337891, 0.09741211, 0.895935059, 0.4159546)
(-0.121337891, 0.09741211, 0.895935059, 0.4159546)
(-0.120300293, 0.09661865, 0.8960571, 0.41607666)
(-0.117736816, 0.09661865, 0.896606445, 0.4156494)
(-0.117736816, 0.09661865, 0.896606445, 0.4156494)
(-0.115478516, 0.0974731445, 0.8969116, 0.415405273)
(-0.114746094, 0.100646973, 0.8964844, 0.41583252)
(-0.114746094, 0.100646973, 0.8964844, 0.41583252)
(-0.112426758, 0.103515625, 0.8963623, 0.416015625)
(-0.112426758, 0.103515625, 0.8963623, 0.416015625)
(-0.110839844, 0.104614258, 0.896789551, 0.415344238)
(-0.110839844, 0.104614258, 0.896789551, 0.415344238)
(-0.111083984, 0.104370117, 0.897277832, 0.4142456)
(-0.111755371, 0.104125977, 0.897583, 0.4133911)
(-0.111755371, 0.104125977, 0.897583, 0.4133911)
(-0.112243652, 0.104797363, 0.8977661, 0.412719727)
(-0.112243652, 0.104797363, 0.8977661, 0.412719727)
(-0.112182617, 0.105163574, 0.8979492, 0.41229248)
(-0.112182617, 0.105163574, 0.8979492, 0.41229248)
(-0.112060547, 0.105102539, 0.8981323, 0.411865234)
(-0.112060547, 0.105102539, 0.8981323, 0.411865234)
(-0.112121582, 0.104370117, 0.8984375, 0.411438)
(-0.112060547, 0.103759766, 0.898681641, 0.4111328)
(-0.112060547, 0.103759766, 0.898681641, 0.4111328)
(-0.111938477, 0.103637695, 0.8988037, 0.410827637)
(-0.111938477, 0.103637695, 0.8988037, 0.410827637)
(-0.111999512, 0.103149414, 0.8989868, 0.410522461)
(-0.112365723, 0.102661133, 0.8989868, 0.410522461)
(-0.112365723, 0.102661133, 0.8989868, 0.410522461)
(-0.112365723, 0.102661133, 0.8989868, 0.410522461)
(-0.112731934, 0.102233887, 0.899047852, 0.410461426)
(-0.112854004, 0.1027832, 0.8989258, 0.410522461)
(-0.112854004, 0.1027832, 0.8989258, 0.410522461)
(-0.113037109, 0.102722168, 0.899047852, 0.41027832)
(-0.113037109, 0.102722168, 0.899047852, 0.41027832)
(-0.11340332, 0.1026001, 0.8991699, 0.409851074)
(-0.11340332, 0.1026001, 0.8991699, 0.409851074)
(-0.113647461, 0.102233887, 0.899292, 0.409667969)
(-0.1138916, 0.102233887, 0.899292, 0.409606934)
(-0.1138916, 0.102233887, 0.899292, 0.409606934)
(-0.114074707, 0.102111816, 0.8991699, 0.409790039)
(-0.114074707, 0.102111816, 0.8991699, 0.409790039)
(-0.114135742, 0.102111816, 0.8991699, 0.409790039)
(-0.114135742, 0.102111816, 0.8991699, 0.409790039)
(-0.114135742, 0.101989746, 0.899414063, 0.4093628)
(-0.114135742, 0.101989746, 0.899414063, 0.4093628)
(-0.114135742, 0.101501465, 0.899597168, 0.409057617)
(-0.114135742, 0.101501465, 0.899597168, 0.409057617)
(-0.114013672, 0.101074219, 0.8997803, 0.408813477)
(-0.113830566, 0.100891113, 0.8999634, 0.408447266)
(-0.113830566, 0.100891113, 0.8999634, 0.408447266)
(-0.113830566, 0.100891113, 0.8999634, 0.408447266)
(-0.113586426, 0.100708008, 0.9002075, 0.40802002)
(-0.113525391, 0.1003418, 0.90045166, 0.407592773)
(-0.113525391, 0.100036621, 0.900634766, 0.407226563)
(-0.113525391, 0.100036621, 0.900634766, 0.407226563)
(-0.113586426, 0.09991455, 0.900939941, 0.4066162)
(-0.113586426, 0.09991455, 0.900939941, 0.4066162)
(-0.113830566, 0.0993652344, 0.901306152, 0.405944824)
(-0.113830566, 0.0993652344, 0.901306152, 0.405944824)
(-0.114013672, 0.09893799, 0.9015503, 0.4053955)
(-0.114013672, 0.09893799, 0.9015503, 0.4053955)
(-0.113830566, 0.09906006, 0.9016113, 0.4052124)
(-0.113830566, 0.09906006, 0.9016113, 0.4052124)
(-0.113830566, 0.0991210938, 0.9016113, 0.4052124)
(-0.113769531, 0.0991210938, 0.901672363, 0.4052124)
(-0.113769531, 0.0991210938, 0.901672363, 0.4052124)
(-0.113769531, 0.0991210938, 0.901672363, 0.4052124)
(-0.113769531, 0.0991210938, 0.901672363, 0.4052124)
(-0.1138916, 0.0993042, 0.901672363, 0.405151367)
(-0.1138916, 0.0993042, 0.901672363, 0.405151367)
(-0.114013672, 0.0994873047, 0.9016113, 0.405151367)
(-0.114135742, 0.099609375, 0.901489258, 0.4053955)
(-0.114135742, 0.099609375, 0.901489258, 0.4053955)
(-0.114379883, 0.0994873047, 0.901306152, 0.405761719)
(-0.114379883, 0.0994873047, 0.901306152, 0.405761719)
(-0.114379883, 0.0994873047, 0.901306152, 0.405761719)
(-0.114685059, 0.0993652344, 0.9011841, 0.405944824)
(-0.11505127, 0.0994873047, 0.901123047, 0.405944824)
(-0.11505127, 0.0994873047, 0.901123047, 0.405944824)
(-0.115600586, 0.0997314453, 0.901123047, 0.405761719)
(-0.116088867, 0.09967041, 0.901123047, 0.4055786)
(-0.116088867, 0.09967041, 0.901123047, 0.4055786)
(-0.116333008, 0.0997314453, 0.901123047, 0.405517578)
(-0.116333008, 0.0997314453, 0.901123047, 0.405517578)
(-0.116333008, 0.09979248, 0.901123047, 0.405517578)
(-0.116333008, 0.09979248, 0.901123047, 0.405517578)
(-0.116271973, 0.0999755859, 0.901001, 0.405700684)
(-0.116271973, 0.0999755859, 0.901001, 0.405700684)
(-0.116088867, 0.09991455, 0.900939941, 0.4058838)
(-0.116088867, 0.09991455, 0.900939941, 0.4058838)
(-0.115844727, 0.09967041, 0.900939941, 0.406005859)
(-0.115661621, 0.099609375, 0.9008789, 0.406188965)
(-0.115661621, 0.099609375, 0.9008789, 0.406188965)
(-0.115478516, 0.09918213, 0.9008789, 0.40637207)
(-0.115478516, 0.09918213, 0.9008789, 0.40637207)
(-0.11517334, 0.09887695, 0.9008789, 0.406494141)
(-0.1149292, 0.09857178, 0.9008789, 0.406677246)
(-0.1149292, 0.09857178, 0.9008789, 0.406677246)
(-0.114624023, 0.09857178, 0.9008179, 0.4069214)
(-0.114624023, 0.09857178, 0.9008179, 0.4069214)
(-0.114379883, 0.09832764, 0.900756836, 0.407165527)
(-0.114379883, 0.09832764, 0.900756836, 0.407165527)
(-0.114318848, 0.0980834961, 0.9006958, 0.407348633)
(-0.114318848, 0.0980834961, 0.9006958, 0.407348633)
(-0.114501953, 0.09765625, 0.900634766, 0.407592773)
(-0.114501953, 0.09765625, 0.900634766, 0.407592773)
(-0.114868164, 0.0973510742, 0.9003906, 0.40802002)
(-0.11529541, 0.0975952148, 0.9000244, 0.408752441)
(-0.11529541, 0.0975952148, 0.9000244, 0.408752441)
(-0.116027832, 0.0978393555, 0.8994751, 0.409667969)
(-0.116027832, 0.0978393555, 0.8994751, 0.409667969)
(-0.116821289, 0.0980834961, 0.898864746, 0.410705566)
(-0.116821289, 0.0980834961, 0.898864746, 0.410705566)
(-0.117797852, 0.0980834961, 0.8983154, 0.411682129)
(-0.117797852, 0.0980834961, 0.8983154, 0.411682129)
(-0.118469238, 0.0980834961, 0.8977661, 0.4126587)
(-0.119140625, 0.09814453, 0.897277832, 0.413574219)
(-0.119140625, 0.09814453, 0.897277832, 0.413574219)
(-0.119812012, 0.09820557, 0.896789551, 0.414367676)
(-0.119812012, 0.09820557, 0.896789551, 0.414367676)
(-0.120544434, 0.09820557, 0.896240234, 0.4152832)
(-0.120544434, 0.09820557, 0.896240234, 0.4152832)
(-0.12121582, 0.0977172852, 0.895874, 0.41607666)
(-0.121459961, 0.09710693, 0.8956909, 0.416564941)
(-0.121459961, 0.09710693, 0.8956909, 0.416564941)
(-0.121337891, 0.09643555, 0.8956299, 0.416870117)
(-0.121337891, 0.09643555, 0.8956299, 0.416870117)
(-0.12109375, 0.0955810547, 0.8956909, 0.4169922)
(-0.12109375, 0.0955810547, 0.8956909, 0.4169922)
(-0.120666504, 0.09460449, 0.895935059, 0.416748047)
(-0.120666504, 0.09460449, 0.895935059, 0.416748047)
(-0.120361328, 0.09362793, 0.89630127, 0.4163208)
(-0.120361328, 0.09362793, 0.89630127, 0.4163208)
(-0.120239258, 0.09320068, 0.896606445, 0.415771484)
(-0.120422363, 0.09289551, 0.896972656, 0.415039063)
(-0.120422363, 0.09289551, 0.896972656, 0.415039063)
(-0.120849609, 0.09301758, 0.897277832, 0.41418457)
(-0.120849609, 0.09301758, 0.897277832, 0.41418457)
(-0.121276855, 0.09301758, 0.897522, 0.413513184)
(-0.121276855, 0.09301758, 0.897522, 0.413513184)
(-0.121459961, 0.09283447, 0.8977661, 0.412902832)
(-0.121459961, 0.0925293, 0.8980713, 0.412414551)
(-0.121459961, 0.0925293, 0.8980713, 0.412414551)
(-0.121398926, 0.0921630859, 0.8981323, 0.412353516)
(-0.121398926, 0.0921630859, 0.8981323, 0.412353516)
(-0.121398926, 0.0916748047, 0.898010254, 0.412719727)
(-0.121398926, 0.0916748047, 0.898010254, 0.412719727)
(-0.121459961, 0.09136963, 0.897827148, 0.413146973)
(-0.121459961, 0.09136963, 0.897827148, 0.413146973)
(-0.121765137, 0.09106445, 0.897644043, 0.413574219)
(-0.121765137, 0.09106445, 0.897644043, 0.413574219)
(-0.122070313, 0.09088135, 0.897460938, 0.41394043)
(-0.122436523, 0.09057617, 0.897277832, 0.414306641)
(-0.122436523, 0.09057617, 0.897277832, 0.414306641)
(-0.12286377, 0.0901489258, 0.8970947, 0.414672852)
(-0.12286377, 0.0901489258, 0.8970947, 0.414672852)
(-0.12310791, 0.09008789, 0.896972656, 0.414855957)
(-0.123291016, 0.0901489258, 0.8969116, 0.414917)
(-0.123291016, 0.0901489258, 0.8969116, 0.414917)
(-0.123596191, 0.09020996, 0.896972656, 0.4147339)
(-0.123596191, 0.09020996, 0.896972656, 0.4147339)
(-0.123535156, 0.0904541, 0.897155762, 0.4142456)
(-0.123535156, 0.0904541, 0.897155762, 0.4142456)
(-0.123535156, 0.09063721, 0.897460938, 0.413513184)
(-0.123535156, 0.09063721, 0.897460938, 0.413513184)
(-0.123535156, 0.09088135, 0.8979492, 0.4124756)
(-0.123535156, 0.09088135, 0.8979492, 0.4124756)
(-0.123352051, 0.09112549, 0.8984375, 0.411315918)
(-0.123413086, 0.09136963, 0.899047852, 0.409973145)
(-0.123413086, 0.09136963, 0.899047852, 0.409973145)
(-0.123535156, 0.0914306641, 0.8996582, 0.408569336)
(-0.123535156, 0.0914306641, 0.8996582, 0.408569336)
(-0.123596191, 0.0919189453, 0.9002075, 0.407165527)
(-0.123596191, 0.0919189453, 0.9002075, 0.407165527)
(-0.123901367, 0.0922851563, 0.9006958, 0.405944824)
(-0.123901367, 0.0922851563, 0.9006958, 0.405944824)
(-0.124328613, 0.0925293, 0.901123047, 0.4048462)
(-0.124328613, 0.0925293, 0.901123047, 0.4048462)
(-0.124755859, 0.09277344, 0.901489258, 0.403747559)
(-0.12512207, 0.09307861, 0.9019165, 0.4025879)
(-0.12512207, 0.09307861, 0.9019165, 0.4025879)
(-0.1251831, 0.09326172, 0.9024048, 0.401489258)
(-0.1251831, 0.09326172, 0.9024048, 0.401489258)
(-0.125, 0.09338379, 0.9029541, 0.4003296)
(-0.125, 0.09338379, 0.9029541, 0.4003296)
(-0.124572754, 0.0934448242, 0.903564453, 0.3991089)
(-0.124145508, 0.0935668945, 0.90411377, 0.397888184)
(-0.124145508, 0.0935668945, 0.90411377, 0.397888184)
(-0.123840332, 0.09350586, 0.9046631, 0.396789551)
(-0.123840332, 0.09350586, 0.9046631, 0.396789551)
(-0.123535156, 0.09375, 0.905090332, 0.395874023)
(-0.123535156, 0.09375, 0.905090332, 0.395874023)
(-0.12322998, 0.09423828, 0.9053345, 0.3953247)
(-0.12322998, 0.09423828, 0.9053345, 0.3953247)
(-0.12298584, 0.09484863, 0.905456543, 0.394897461)
(-0.12286377, 0.09503174, 0.9055176, 0.39465332)
(-0.12286377, 0.09503174, 0.9055176, 0.39465332)
(-0.122558594, 0.09515381, 0.905639648, 0.3945923)
(-0.122558594, 0.09515381, 0.905639648, 0.3945923)
(-0.122070313, 0.09539795, 0.905639648, 0.3945923)
(-0.122070313, 0.09539795, 0.905639648, 0.3945923)
(-0.121582031, 0.0954589844, 0.9057617, 0.3944702)
(-0.121276855, 0.09509277, 0.9058838, 0.394348145)
(-0.121276855, 0.09509277, 0.9058838, 0.394348145)
(-0.12097168, 0.09484863, 0.906005859, 0.394348145)
(-0.12097168, 0.09484863, 0.906005859, 0.394348145)
(-0.120666504, 0.09490967, 0.906005859, 0.394348145)
(-0.120666504, 0.09490967, 0.906005859, 0.394348145)
(-0.120422363, 0.0949707, 0.906005859, 0.394348145)
(-0.120422363, 0.0949707, 0.906005859, 0.394348145)
(-0.120178223, 0.09490967, 0.9060669, 0.39440918)
(-0.119995117, 0.09472656, 0.9060669, 0.3944702)
(-0.119995117, 0.09472656, 0.9060669, 0.3944702)
(-0.119873047, 0.09460449, 0.9060669, 0.3944702)
(-0.119873047, 0.09460449, 0.9060669, 0.3944702)
(-0.119689941, 0.09429932, 0.906188965, 0.394348145)
(-0.119689941, 0.09429932, 0.906188965, 0.394348145)
(-0.119567871, 0.0939331055, 0.9064331, 0.393981934)
(-0.119567871, 0.0939331055, 0.9064331, 0.393981934)
(-0.119567871, 0.09375, 0.9066162, 0.3935547)
(-0.119567871, 0.09375, 0.9066162, 0.3935547)
(-0.119812012, 0.0934448242, 0.9067993, 0.393188477)
(-0.120117188, 0.09338379, 0.9067993, 0.393005371)
(-0.120117188, 0.09338379, 0.9067993, 0.393005371)
(-0.120117188, 0.09338379, 0.9067993, 0.393005371)
(-0.120117188, 0.09338379, 0.9067993, 0.393005371)
(-0.120117188, 0.0934448242, 0.9067993, 0.393005371)
(-0.120117188, 0.09338379, 0.9067993, 0.393005371)
(-0.120117188, 0.09338379, 0.9067993, 0.393005371)
(-0.120117188, 0.09338379, 0.9067993, 0.393005371)
(-0.120117188, 0.09338379, 0.9067993, 0.393005371)
(-0.120239258, 0.0934448242, 0.9069214, 0.3927002)
(-0.120239258, 0.0934448242, 0.9069214, 0.3927002)
(-0.120422363, 0.09362793, 0.907043457, 0.39239502)
(-0.120422363, 0.09362793, 0.907043457, 0.39239502)
(-0.120544434, 0.0939331055, 0.907043457, 0.392272949)
(-0.120544434, 0.0939331055, 0.907043457, 0.392272949)
(-0.1204834, 0.09454346, 0.907043457, 0.392150879)
(-0.1204834, 0.09454346, 0.907043457, 0.392150879)
(-0.1204834, 0.09454346, 0.907043457, 0.392150879)
(-0.119262695, 0.09576416, 0.907226563, 0.391784668)
(-0.119262695, 0.09576416, 0.907226563, 0.391784668)
(-0.118164063, 0.09613037, 0.907409668, 0.391540527)
(-0.118164063, 0.09613037, 0.907409668, 0.391540527)
(-0.116577148, 0.0961914063, 0.907714844, 0.391357422)
(-0.1149292, 0.0961914063, 0.907959, 0.391235352)
(-0.1149292, 0.0961914063, 0.907959, 0.391235352)
(-0.113769531, 0.0958251953, 0.908081055, 0.391418457)
(-0.113769531, 0.0958251953, 0.908081055, 0.391418457)
(-0.11315918, 0.09527588, 0.908081055, 0.391723633)
(-0.11315918, 0.09527588, 0.908081055, 0.391723633)
(-0.11315918, 0.0952148438, 0.9078369, 0.392272949)
(-0.11315918, 0.0952148438, 0.9078369, 0.392272949)
(-0.113525391, 0.0954589844, 0.9074707, 0.392944336)
(-0.113952637, 0.09576416, 0.9071045, 0.393615723)
(-0.113952637, 0.09576416, 0.9071045, 0.393615723)
(-0.114074707, 0.0960083, 0.9067993, 0.394226074)
(-0.114074707, 0.0960083, 0.9067993, 0.394226074)
(-0.113952637, 0.09625244, 0.9065552, 0.3947754)
(-0.113952637, 0.09625244, 0.9065552, 0.3947754)
(-0.113525391, 0.0960693359, 0.906494141, 0.395080566)
(-0.113525391, 0.0960693359, 0.906494141, 0.395080566)
(-0.112854004, 0.09552002, 0.9066162, 0.3951416)
(-0.112243652, 0.09484863, 0.9067993, 0.3949585)
(-0.112243652, 0.09484863, 0.9067993, 0.3949585)
(-0.111694336, 0.0939331055, 0.907226563, 0.3944702)
(-0.111694336, 0.0939331055, 0.907226563, 0.3944702)
(-0.11114502, 0.09259033, 0.9075928, 0.394042969)
(-0.11114502, 0.09259033, 0.9075928, 0.394042969)
(-0.110534668, 0.0914306641, 0.9078369, 0.3939209)
(-0.109741211, 0.09100342, 0.9077759, 0.394348145)
(-0.109741211, 0.09100342, 0.9077759, 0.394348145)
(-0.109069824, 0.0914306641, 0.907531738, 0.395019531)
(-0.109069824, 0.0914306641, 0.907531738, 0.395019531)
(-0.109069824, 0.0914306641, 0.907531738, 0.395019531)
(-0.108886719, 0.0914306641, 0.907348633, 0.3955078)
(-0.109130859, 0.09088135, 0.9072876, 0.395629883)
(-0.109130859, 0.09088135, 0.9072876, 0.395629883)
(-0.109130859, 0.09088135, 0.9072876, 0.395629883)
(-0.109130859, 0.09088135, 0.9072876, 0.395629883)
(-0.109191895, 0.09136963, 0.907226563, 0.395629883)
(-0.109191895, 0.0914306641, 0.907226563, 0.395629883)
(-0.109191895, 0.0914306641, 0.907226563, 0.395629883)
(-0.10925293, 0.0913085938, 0.907226563, 0.395690918)
(-0.10925293, 0.0913085938, 0.907226563, 0.395690918)
(-0.109313965, 0.0913085938, 0.9071045, 0.395935059)
(-0.109313965, 0.0913085938, 0.9071045, 0.395935059)
(-0.109436035, 0.09088135, 0.9069824, 0.396240234)
(-0.109436035, 0.09088135, 0.9069824, 0.396240234)
(-0.10949707, 0.09088135, 0.9069824, 0.396240234)
(-0.10949707, 0.09088135, 0.9069824, 0.396240234)
(-0.10949707, 0.09088135, 0.9069824, 0.396240234)
(-0.109741211, 0.09063721, 0.9069824, 0.396240234)
(-0.109741211, 0.09063721, 0.9069824, 0.396240234)
(-0.109741211, 0.09069824, 0.9069824, 0.396240234)
(-0.109741211, 0.09069824, 0.9069824, 0.396240234)
(-0.109741211, 0.09069824, 0.9069824, 0.396240234)
(-0.109741211, 0.09069824, 0.9069824, 0.396240234)
(-0.109802246, 0.09075928, 0.9069824, 0.396240234)
(-0.110046387, 0.09075928, 0.9069824, 0.3961792)
(-0.110046387, 0.09075928, 0.9069824, 0.3961792)
(-0.110473633, 0.09057617, 0.9069824, 0.396057129)
(-0.110473633, 0.09057617, 0.9069824, 0.396057129)
(-0.110900879, 0.09063721, 0.9071045, 0.395629883)
(-0.110900879, 0.09063721, 0.9071045, 0.395629883)
(-0.111083984, 0.09069824, 0.907226563, 0.395263672)
(-0.111083984, 0.09063721, 0.9074707, 0.3947754)
(-0.111083984, 0.09063721, 0.9074707, 0.3947754)
(-0.110839844, 0.09082031, 0.9078369, 0.394042969)
(-0.110839844, 0.09082031, 0.9078369, 0.394042969)
(-0.110473633, 0.09094238, 0.9081421, 0.393310547)
(-0.110473633, 0.09094238, 0.9081421, 0.393310547)
(-0.110046387, 0.09112549, 0.908447266, 0.3927002)
(-0.110046387, 0.09112549, 0.908447266, 0.3927002)
(-0.10949707, 0.0913085938, 0.908752441, 0.392150879)
(-0.109069824, 0.0915527344, 0.908935547, 0.391723633)
(-0.109069824, 0.0915527344, 0.908935547, 0.391723633)
(-0.108581543, 0.0919189453, 0.9090576, 0.391540527)
(-0.108581543, 0.0919189453, 0.9090576, 0.391540527)
(-0.108215332, 0.09259033, 0.908935547, 0.391723633)
(-0.108215332, 0.09259033, 0.908935547, 0.391723633)
(-0.107849121, 0.0935668945, 0.9088135, 0.391967773)
(-0.107849121, 0.0935668945, 0.9088135, 0.391967773)
(-0.107666016, 0.09436035, 0.908752441, 0.391967773)
(-0.107666016, 0.09436035, 0.908752441, 0.391967773)
(-0.107543945, 0.0954589844, 0.9086914, 0.3918457)
(-0.107849121, 0.09625244, 0.9085083, 0.391967773)
(-0.107849121, 0.09625244, 0.9085083, 0.391967773)
(-0.108093262, 0.09680176, 0.9083252, 0.3922119)
(-0.108093262, 0.09680176, 0.9083252, 0.3922119)
(-0.108398438, 0.09716797, 0.9082031, 0.392333984)
(-0.108398438, 0.09716797, 0.9082031, 0.392333984)
(-0.108459473, 0.0977172852, 0.9081421, 0.392272949)
(-0.108459473, 0.09838867, 0.908081055, 0.3922119)
(-0.108459473, 0.09838867, 0.908081055, 0.3922119)
(-0.108581543, 0.09851074, 0.907959, 0.392456055)
(-0.108581543, 0.09851074, 0.907959, 0.392456055)
(-0.108703613, 0.09857178, 0.9077759, 0.392822266)
(-0.108703613, 0.09857178, 0.9077759, 0.392822266)
(-0.108703613, 0.09906006, 0.907531738, 0.3932495)
(-0.108703613, 0.09906006, 0.907531738, 0.3932495)
(-0.108764648, 0.099609375, 0.9072876, 0.393676758)
(-0.109008789, 0.09967041, 0.9071045, 0.394042969)
(-0.109008789, 0.09967041, 0.9071045, 0.394042969)
(-0.109130859, 0.09979248, 0.906860352, 0.3944702)
(-0.109130859, 0.09979248, 0.906860352, 0.3944702)
(-0.109191895, 0.100097656, 0.9066162, 0.395019531)
(-0.109191895, 0.100097656, 0.9066162, 0.395019531)
(-0.109191895, 0.100585938, 0.9063721, 0.3955078)
(-0.109191895, 0.100585938, 0.9063721, 0.3955078)
(-0.109191895, 0.100830078, 0.9061279, 0.395874023)
(-0.109130859, 0.101074219, 0.9059448, 0.39630127)
(-0.109130859, 0.101074219, 0.9059448, 0.39630127)
(-0.108947754, 0.101196289, 0.9057617, 0.396728516)
(-0.108947754, 0.101196289, 0.9057617, 0.396728516)
(-0.108642578, 0.101257324, 0.905639648, 0.3970337)
(-0.108642578, 0.101257324, 0.905639648, 0.3970337)
(-0.108398438, 0.101318359, 0.9055786, 0.397338867)
(-0.108581543, 0.101196289, 0.9053345, 0.3977661)
(-0.108581543, 0.101196289, 0.9053345, 0.3977661)
(-0.108764648, 0.101135254, 0.905151367, 0.398193359)
(-0.108764648, 0.101135254, 0.905151367, 0.398193359)
(-0.109008789, 0.100830078, 0.904968262, 0.3986206)
(-0.109008789, 0.100830078, 0.904968262, 0.3986206)
(-0.109130859, 0.100708008, 0.904785156, 0.399047852)
(-0.109130859, 0.100708008, 0.904785156, 0.399047852)
(-0.109191895, 0.100769043, 0.904602051, 0.399414063)
(-0.109191895, 0.100769043, 0.904602051, 0.399414063)
(-0.10925293, 0.100830078, 0.90448, 0.3996582)
(-0.109130859, 0.1005249, 0.90448, 0.399719238)
(-0.109130859, 0.1005249, 0.90448, 0.399719238)
(-0.109008789, 0.100219727, 0.904541, 0.399780273)
(-0.109008789, 0.100219727, 0.904541, 0.399780273)
(-0.108764648, 0.0999755859, 0.904541, 0.399963379)
(-0.108764648, 0.0999755859, 0.904541, 0.399963379)
(-0.108520508, 0.0997314453, 0.904541, 0.4000244)
(-0.108520508, 0.0997314453, 0.904541, 0.4000244)
(-0.1081543, 0.09967041, 0.904541, 0.400085449)
(-0.1081543, 0.0992431641, 0.904541, 0.40020752)
(-0.1081543, 0.0992431641, 0.904541, 0.40020752)
(-0.1081543, 0.09918213, 0.904541, 0.40020752)
(-0.1081543, 0.09918213, 0.904541, 0.40020752)
(-0.108215332, 0.09881592, 0.904541, 0.4003296)
(-0.108215332, 0.09881592, 0.904541, 0.4003296)
(-0.108398438, 0.09832764, 0.904541, 0.400390625)
(-0.108398438, 0.09832764, 0.904541, 0.400390625)
(-0.108459473, 0.0982666, 0.9046631, 0.400146484)
(-0.108398438, 0.09814453, 0.904785156, 0.399902344)
(-0.108398438, 0.09814453, 0.904785156, 0.399902344)
(-0.107910156, 0.09844971, 0.9050293, 0.399353027)
(-0.107910156, 0.09844971, 0.9050293, 0.399353027)
(-0.10723877, 0.09881592, 0.905456543, 0.39855957)
(-0.10723877, 0.09881592, 0.905456543, 0.39855957)
(-0.106689453, 0.09893799, 0.905822754, 0.397705078)
(-0.106445313, 0.0992431641, 0.9061279, 0.397094727)
(-0.106445313, 0.0992431641, 0.9061279, 0.397094727)
(-0.106506348, 0.09979248, 0.906311035, 0.3965454)
(-0.106506348, 0.09979248, 0.906311035, 0.3965454)
(-0.106811523, 0.100097656, 0.906311035, 0.3963623)
(-0.106811523, 0.100097656, 0.906311035, 0.3963623)
(-0.107299805, 0.100402832, 0.9061279, 0.3965454)
(-0.107727051, 0.100830078, 0.9058838, 0.396911621)
(-0.107727051, 0.100830078, 0.9058838, 0.396911621)
(-0.107971191, 0.101013184, 0.9055786, 0.3973999)
(-0.107971191, 0.101013184, 0.9055786, 0.3973999)
(-0.1081543, 0.100646973, 0.905456543, 0.397827148)
(-0.1081543, 0.100646973, 0.905456543, 0.397827148)
(-0.1081543, 0.100097656, 0.9053345, 0.398193359)
(-0.1081543, 0.100097656, 0.9053345, 0.398193359)
(-0.108093262, 0.09942627, 0.9053345, 0.3984375)
(-0.108093262, 0.09942627, 0.9053345, 0.3984375)
(-0.107788086, 0.09899902, 0.905273438, 0.398742676)
(-0.107299805, 0.09832764, 0.9053345, 0.398864746)
(-0.107299805, 0.09832764, 0.9053345, 0.398864746)
(-0.106872559, 0.0973510742, 0.9055176, 0.398864746)
(-0.106872559, 0.0973510742, 0.9055176, 0.398864746)
