(0, 0, 0, 0)
(0.7484708, -0.0340638347, 0.005126926, 0.6622725)
(0.739444137, -0.0393355265, 0.00084408914, 0.672067165)
(0.7343553, -0.0523570068, -0.0107187321, 0.6766582)
(0.7404538, -0.0402812622, -0.000119885837, 0.670899034)
(0.749651432, -0.03721284, 0.001988144, 0.660782933)
(0.7400982, -0.0403945372, -0.000785271637, 0.671284)
(0.7316575, -0.0470125563, -0.00895453151, 0.6799903)
(0.7254741, -0.0437958129, -0.008900632, 0.6867969)
(0.7353773, -0.0230752937, 0.009475767, 0.6771985)
(0.7614981, -0.010945837, 0.0186998341, 0.6478049)
(0.791202366, -0.000265903538, 0.0299661029, 0.6108197)
(0.8224537, 0.0126229227, 0.0459858179, 0.5668297)
(0.837683, 0.02816243, 0.06294625, 0.5417856)
(0.850776732, 0.0128384866, 0.0539799519, 0.5225901)
(0.858317256, -0.000633405638, 0.0374297574, 0.511751831)
(0.8615265, -0.0114555843, 0.0219723713, 0.5071077)
(0.859708846, 0.00675554527, 0.0279644188, 0.509973645)
(0.8652697, 0.02009305, 0.036064174, 0.499603927)
(0.8684583, 0.005115617, 0.0283672959, 0.4949235)
(0.8594338, 0.0070946333, 0.028193064, 0.510419667)
(0.8500707, 0.0139744524, 0.03010869, 0.525621533)
(0.8415992, 0.0194762237, 0.0322750062, 0.538785458)
(0.835809469, 0.009854315, 0.0255911779, 0.5483343)
(0.840880752, -0.00315994164, 0.0167503953, 0.540951967)
(0.8450964, 0.009876929, 0.0242869444, 0.5339706)
(0.83789, 0.00133040617, 0.017798543, 0.545547247)
(0.8457974, 0.0009852152, 0.01754085, 0.533214748)
(0.8474673, -0.0161305722, 0.006658278, 0.5305608)
(0.845108, -0.0002930902, 0.016171582, 0.534351051)
(0.8484008, -0.0158432536, 0.00584066147, 0.5290851)
(0.846796155, 0.000564887654, 0.0156078441, 0.5316883)
(0.8542846, -0.00381652126, 0.01280828, 0.5196338)
(0.84637773, -0.00236538728, 0.0134834722, 0.532407165)
(0.844074845, 0.0140855508, 0.0235267729, 0.535523951)
(0.841412544, -0.00171443692, 0.0130358757, 0.540233433)
(0.84661293, 0.0101036988, 0.0204656, 0.5317193)
(0.8428491, -0.00478210067, 0.0105471332, 0.5380255)
(0.842581451, 0.0121462587, 0.0210966878, 0.5380185)
(0.8416326, -0.00427244836, 0.0103213219, 0.539934933)
(0.8447813, 0.0111957276, 0.02003072, 0.5346195)
(0.841088057, -0.00362084038, 0.010352456, 0.5407869)
(0.847858369, 0.004543136, 0.0154319638, 0.5299786)
(0.839789867, 0.00217139954, 0.01346333, 0.5427402)
(0.8469427, 0.007117617, 0.016762495, 0.5313722)
(0.8390462, 0.002971926, 0.0140809324, 0.5438699)
(0.846992552, 0.000677096134, 0.0131268967, 0.5314424)
(0.840406954, -0.008554565, 0.007331764, 0.5418387)
(0.847532749, -0.00245768367, 0.01100283, 0.5306233)
(0.8401989, 0.0047818874, 0.0155270221, 0.542035)
(0.843038857, -0.0110250311, 0.00567297172, 0.5377098)
(0.84517324, 0.005346209, 0.0163110327, 0.534216642)
(0.838215232, -0.00357217947, 0.010503117, 0.5452267)
(0.844755769, 0.00476916134, 0.0159983952, 0.534891546)
(0.840495348, -0.009607079, 0.00682059, 0.5416907)
(0.846584141, 0.0004513486, 0.01336848, 0.532086849)
(0.839518, -0.008912095, 0.007743495, 0.5432035)
(0.8448333, 0.002753955, 0.0156306252, 0.534794152)
(0.837128162, -0.00300269271, 0.012069162, 0.5468653)
(0.843971133, 0.004040199, 0.0170970857, 0.5361009)
(0.8367359, -0.003534953, 0.0124418382, 0.547453761)
(0.84475106, -0.00259171519, 0.0134735256, 0.5349835)
(0.8383671, -0.012772439, 0.00728122657, 0.544907749)
(0.844947934, -0.00361263263, 0.0132074561, 0.5346732)
(0.8367279, -0.00476029469, 0.0122602731, 0.547461)
(0.8438926, 0.002267315, 0.01702721, 0.5362371)
(0.8386438, -0.0102876192, 0.009085168, 0.544507444)
(0.842414856, 0.00447185151, 0.0187117271, 0.538486)
(0.84080714, -0.0118842572, 0.008230048, 0.5411417)
(0.8432864, 0.0039985464, 0.0184068978, 0.5371342)
(0.83690244, -0.006337915, 0.0117297964, 0.5471898)
(0.8437941, 0.00192730781, 0.0173340775, 0.536383569)
(0.838580251, -0.01051269, 0.009433062, 0.544595063)
(0.845034, -0.00120678311, 0.0154726133, 0.5344872)
(0.8401734, -0.0149182733, 0.006867739, 0.5420691)
(0.8442626, -0.0006677309, 0.0161811337, 0.5356851)
(0.8383733, -0.0118450038, 0.009151475, 0.544891)
(0.844773233, -0.00188103924, 0.0155876623, 0.5348941)
(0.8370038, -0.00695442455, 0.0122280363, 0.547016263)
(0.8436469, 0.00181846984, 0.01802222, 0.5365927)
(0.837985635, -0.009613554, 0.0107482076, 0.545501769)
(0.845792949, -0.00609597331, 0.0130375065, 0.5333172)
(0.837698638, -0.004357118, 0.0140489088, 0.5459347)
(0.843897343, 0.00579444, 0.0206919517, 0.536074162)
(0.839523554, -0.007925228, 0.0118403072, 0.5431365)
(0.8472994, -0.009903691, 0.0105278166, 0.5309189)
(0.8391161, -0.007610833, 0.0119022857, 0.5437688)
(0.8398502, 0.009034452, 0.0225558225, 0.542274058)
(0.8386789, -0.00737444265, 0.01185376, 0.544447243)
(0.8421749, 0.007629724, 0.0215969775, 0.538717747)
(0.8392373, -0.00774584431, 0.0115472889, 0.5435876)
(0.8385346, 0.009166731, 0.0223185979, 0.544313848)
(0.8404447, -0.007125602, 0.0116393864, 0.5417255)
(0.8456815, 0.00527790142, 0.01938702, 0.5333096)
(0.8398189, -0.00592822442, 0.0119570065, 0.542702556)
(0.846826136, 0.00157217565, 0.0167678166, 0.5316032)
(0.83946985, -0.004586419, 0.0125729581, 0.5432414)
(0.8456302, 0.00542003335, 0.0189350378, 0.5334057)
(0.8388804, -0.0028094, 0.0135331722, 0.5441403)
(0.8456554, -0.0121298768, 0.007578136, 0.5335377)
(0.841041267, 0.00206904719, 0.0164638385, 0.5407164)
(0.833424747, -0.00430287234, 0.0120665133, 0.5524846)
(0.840787053, 0.00227387622, 0.0163813364, 0.5411134)
(0.843162, -0.0136427628, 0.00606526854, 0.5374523)
(0.8385458, 0.0002451278, 0.014854582, 0.5446285)
(0.84382695, -0.0126884477, 0.00648544775, 0.5364261)
(0.840068161, 0.002090924, 0.01597364, 0.542241633)
(0.840878665, -0.0145580992, 0.0051603294, 0.5410031)
(0.8388178, 0.00189242768, 0.0155947041, 0.5441857)
(0.8436266, -0.0113133378, 0.007001086, 0.5367654)
(0.838325262, 0.00118304882, 0.0150510194, 0.544961333)
(0.839968443, -0.0153953386, 0.004397581, 0.542399049)
(0.8413097, 0.00132304989, 0.0150434207, 0.540342331)
(0.8422262, -0.01525647, 0.0042625675, 0.538891435)
(0.8395045, 0.0006283878, 0.0144408559, 0.5431606)
(0.8343653, -0.0116134156, 0.00628615636, 0.551053762)
(0.8417467, -0.00396772474, 0.0110797938, 0.5397445)
(0.834923863, 0.00549609726, 0.01702148, 0.5500747)
(0.8414448, -0.004709551, 0.0106163314, 0.5402183)
(0.8361177, 0.008434665, 0.0190810915, 0.5481533)
(0.841763854, -0.00327365077, 0.0114034349, 0.5397154)
(0.8349001, 0.00677368976, 0.0175381, 0.550080359)
(0.8415046, -0.00280925981, 0.0113611724, 0.540123343)
(0.8489763, 0.00276374165, 0.0150206061, 0.528210163)
(0.8425035, -0.00620252732, 0.009302022, 0.538574934)
(0.8471484, 0.00737530459, 0.0177936219, 0.531007)
(0.8400742, -0.000121152982, 0.0126167089, 0.5423247)
(0.8328962, 0.008443275, 0.0178995281, 0.553075254)
(0.83996594, 5.3395037E-05, 0.0124920495, 0.5424953)
(0.8443696, -0.013568487, 0.003715649, 0.535576344)
(0.8400108, 0.0008296807, 0.01313988, 0.542409837)
(0.834562659, -0.0115979156, 0.0054399264, 0.5507642)
(0.8418323, -0.00413826434, 0.0104350587, 0.5396223)
(0.8425706, 0.0126733994, 0.0210239161, 0.538026154)
(0.840379536, -0.0033868074, 0.0105062695, 0.5418859)
(0.8422777, 0.0128737427, 0.0210200939, 0.53848)
(0.8426705, -0.00387056381, 0.0103321662, 0.5383166)
(0.8362492, 0.00661205128, 0.01695272, 0.5480476)
(0.843173444, -0.00227852678, 0.0112754786, 0.537518561)
(0.837174356, 0.00913598947, 0.0185895525, 0.5465436)
(0.8423176, -0.00442007463, 0.010157357, 0.5388676)
(0.8349636, 0.00163079146, 0.0141379274, 0.5501212)
(0.8426198, -0.004692306, 0.0101287095, 0.538393259)
(0.8352732, 0.00255838642, 0.014746815, 0.549631357)
(0.842671454, -0.004592123, 0.0102443425, 0.5383111)
(0.836210549, 0.00534764072, 0.0165289789, 0.5481333)
(0.8422637, -0.00608348846, 0.009229549, 0.53895247)
(0.8342385, -0.0030437978, 0.0111846831, 0.551281869)
(0.842322, -0.00263312482, 0.0114495028, 0.5388466)
(0.834464669, -0.005034719, 0.009795004, 0.5509514)
(0.842587233, -0.0048224926, 0.009716274, 0.5384507)
(0.835546732, 0.00383631373, 0.0149124889, 0.5492037)
(0.8428431, -0.003635757, 0.009861447, 0.538056731)
(0.850188136, -0.00977528, 0.0058021103, 0.5263562)
(0.843446136, -0.000570184668, 0.0113853011, 0.5370927)
(0.8353161, 0.00228791917, 0.0129544716, 0.549612463)
(0.8433018, 0.00118681777, 0.0124007054, 0.5372959)
(0.8428374, -0.0156691186, 0.00162862963, 0.53793776)
(0.8416173, 0.000951613067, 0.0122893369, 0.5399336)
(0.834673941, -0.00724694226, 0.006874498, 0.550653756)
(0.8424011, -0.002201282, 0.010002193, 0.5387536)
(0.8501276, -0.00284019671, 0.009453278, 0.5264842)
(0.842257261, -0.00213135313, 0.009697671, 0.5389843)
(0.8499177, 0.00281994324, 0.0128203724, 0.526751935)
(0.842579663, -0.00268727518, 0.009178128, 0.5384869)
(0.8377272, -0.0164132677, 0.000299507, 0.54584223)
(0.841622, -0.00180701341, 0.009662247, 0.5399775)
(0.8366361, 0.0116328429, 0.0182903018, 0.547330141)
(0.841134548, -0.00288876076, 0.009047796, 0.5407425)
(0.8462552, -0.0156352837, 0.0008162131, 0.5325476)
(0.8415574, -0.00194852788, 0.009432287, 0.5400819)
(0.8338604, -0.007257423, 0.005904811, 0.551896)
(0.841991246, -0.005807628, 0.00681840768, 0.5394169)
(0.8459142, -0.02008751, -0.002442924, 0.532934964)
(0.8413845, -0.005978556, 0.00639810739, 0.5403661)
(0.8370954, 0.008774038, 0.0157403536, 0.5467599)
(0.84076643, -0.00617051, 0.005980268, 0.541329861)
(0.8391423, 0.0104383314, 0.01643611, 0.543563366)
(0.843218744, -0.00408844464, 0.006897283, 0.5375107)
(0.8475285, 0.009695467, 0.0154932886, 0.530435)
(0.8419261, -0.0018978758, 0.007914512, 0.5395315)
(0.8381193, 0.013237807, 0.0174650941, 0.545046568)
(0.842107356, -0.00155426154, 0.007825143, 0.53925097)
(0.8426374, -0.0181717072, -0.00303678284, 0.538166)
(0.8423087, -0.00120521768, 0.00769549049, 0.538939059)
(0.834813237, 0.00574456435, 0.0121936584, 0.550368369)
(0.841135561, -0.00498643657, 0.00529878354, 0.5407755)
(0.8357373, 0.007942176, 0.0134692118, 0.5489068)
(0.840981364, -0.00436479365, 0.005268715, 0.5410207)
(0.8382863, 0.01183106, 0.01556859, 0.5448797)
(0.843344569, -0.00154630828, 0.00703540444, 0.537324965)
(0.8504542, -0.008934892, 0.00221001, 0.5259684)
(0.8437145, 0.0001669733, 0.00766827958, 0.536737561)
(0.836200953, 0.00674712425, 0.0117675764, 0.5482553)
(0.843346357, -0.00151102152, 0.006587538, 0.5373278)
(0.851200759, -0.00207209634, 0.0061966, 0.5247995)
(0.843265, -0.00116700493, 0.006676497, 0.5374553)
(0.835245, -0.00228414126, 0.005940278, 0.5498411)
(0.843387067, -0.00287895137, 0.00553335575, 0.5372702)
(0.83539474, -0.000147336978, 0.007174071, 0.5496036)
(0.8434468, -0.00182723638, 0.005973272, 0.5371763)
(0.8354926, -0.002220664, 0.0055061616, 0.5494697)
(0.843525648, -0.00169265456, 0.00557898264, 0.5370573)
(0.835355, -0.00114092464, 0.005696058, 0.5496801)
(0.8433275, -0.0005452144, 0.00615191646, 0.5373644)
(0.8353418, 0.00062451663, 0.006998265, 0.5496859)
(0.8433674, -0.00133549632, 0.005789781, 0.537304461)
(0.8352073, 0.000958519, 0.00695293164, 0.5498905)
(0.843077064, 0.0016266139, 0.00716808625, 0.537742555)
(0.8351304, -0.0006141807, 0.00559373433, 0.5500233)
(0.843225241, 0.001757872, 0.0071011954, 0.5375106)
(0.8505477, -0.0042809085, 0.003104606, 0.525871456)
(0.8431599, 0.002179505, 0.00698330952, 0.537613034)
(0.8351205, 0.00302228727, 0.007471317, 0.550008)
(0.843238831, 0.00142016914, 0.00670417957, 0.537495434)
(0.8370714, -0.009172272, -2.91647175E-05, 0.547016859)
(0.843925834, -0.000382935861, 0.005482252, 0.5364318)
(0.835768044, -0.002560081, 0.00390088, 0.549062848)
(0.8424602, 0.00640483247, 0.009771013, 0.538632)
(0.8406146, -0.009767345, -0.0006295251, 0.5415454)
(0.847133338, -0.000214196436, 0.00524053443, 0.5313546)
(0.838995636, 0.000384545216, 0.005467702, 0.544110537)
(0.8469775, -1.63429268E-05, 0.005345251, 0.5316018)
(0.83920604, 0.00138341438, 0.006358273, 0.5437747)
(0.846996069, -0.00223559025, 0.00408828957, 0.531578839)
(0.839288, 0.00228558248, 0.00663624844, 0.543641865)
(0.8456779, -0.008067122, -0.000120029908, 0.533632755)
(0.8402737, 0.004156096, 0.007645953, 0.5420926)
(0.8452244, -0.008848607, -0.0007335972, 0.5343378)
(0.840055645, 0.00436413661, 0.007568651, 0.5424299)
(0.842236, -0.0117176175, -0.00287620118, 0.538974)
(0.8401033, 0.00445682835, 0.00742252776, 0.5423574)
(0.8426952, -0.011429322, -0.00289296545, 0.5382618)
(0.8426364, 0.005598673, 0.007708081, 0.538398564)
(0.840090156, -0.0103517855, -0.00274030655, 0.542341053)
(0.840631664, 0.00651601935, 0.00819347147, 0.5415059)
(0.8429861, -0.009428594, -0.00215760944, 0.5378484)
(0.84114486, 0.00710392371, 0.008116894, 0.5407023)
(0.840056, -0.009541988, -0.002892463, 0.5424081)
(0.843887866, 0.00526051363, 0.006408463, 0.5364556)
(0.8479961, -0.008994355, -0.00280745374, 0.5299188)
(0.842505455, 0.00339443423, 0.0048789, 0.5386551)
(0.834460258, 0.00366724259, 0.00491363, 0.551034033)
(0.8424149, 0.000106061845, 0.002652681, 0.53882277)
(0.8343134, -0.00220807036, 0.00106316153, 0.5512851)
(0.842124, 0.00144492614, 0.00339847035, 0.5392713)
(0.834044456, 0.00291867135, 0.00414476171, 0.5516739)
(0.8420937, 0.00169055932, 0.00336632738, 0.5393181)
(0.8339658, 0.00221438939, 0.00361503451, 0.551799834)
(0.8418362, -0.000168375132, 0.00198156154, 0.539729357)
(0.849366665, 0.004378063, 0.00491342973, 0.5277623)
(0.842174232, -0.001834065, 0.00108240137, 0.5392013)
(0.849897742, 0.00270700851, 0.00406360347, 0.526925147)
(0.8421507, -0.00121474836, 0.00136837643, 0.539239168)
(0.8351492, 0.008154753, 0.00733047444, 0.549914062)
(0.8428792, 0.002796015, 0.00400971249, 0.538080633)
(0.8423359, -0.0140484329, -0.006585566, 0.5387295)
(0.8467325, 0.000229711455, 0.002466726, 0.5320132)
(0.8386141, -0.0006528391, 0.00170183333, 0.5447228)
