(0, 0, 0, 0)
(0.325832665, 0.5512404, -0.5545809, 0.531420052)
(0.323694736, 0.5594707, -0.543857455, 0.535194635)
(0.329727829, 0.5699197, -0.532191634, 0.532205939)
(0.329351574, 0.559653044, -0.5450711, 0.5302955)
(0.3422808, 0.5594624, -0.5477334, 0.519455254)
(0.328480184, 0.556645453, -0.5480986, 0.530880868)
(0.3372474, 0.567108333, -0.537015736, 0.525610566)
(0.3244082, 0.5573267, -0.5466043, 0.534200549)
(0.338316172, 0.5640639, -0.541366756, 0.523732841)
(0.3245286, 0.5558904, -0.5487331, 0.5334408)
(0.335350752, 0.554555058, -0.5530846, 0.523551345)
(0.32354477, 0.5564751, -0.548646152, 0.533518136)
(0.33559218, 0.566147, -0.5399207, 0.5247295)
(0.322585583, 0.5571138, -0.5488613, 0.5332111)
(0.336762667, 0.5634905, -0.5445959, 0.5220007)
(0.322641283, 0.556121, -0.551286757, 0.5317095)
(0.335911423, 0.5594276, -0.5509324, 0.520267069)
(0.320890725, 0.5551386, -0.5534937, 0.5315025)
(0.334533423, 0.560067356, -0.551089764, 0.5203)
(0.320495844, 0.557721257, -0.55123806, 0.531381369)
(0.334083885, 0.5599402, -0.551872, 0.5198964)
(0.321355253, 0.5594066, -0.5500841, 0.5302853)
(0.334519237, 0.5609883, -0.551484764, 0.5188966)
(0.319899231, 0.5562261, -0.5546453, 0.5297599)
(0.333851427, 0.561735749, -0.5516688, 0.518322051)
(0.322143883, 0.5519408, -0.561468542, 0.5256784)
(0.333669215, 0.562275052, -0.551951051, 0.5175534)
(0.319344372, 0.5555281, -0.5573698, 0.5279645)
(0.327623725, 0.5667526, -0.5458009, 0.5230253)
(0.3160456, 0.5569042, -0.555694461, 0.5302608)
(0.328133732, 0.566824257, -0.546491146, 0.521906)
(0.314015955, 0.5646651, -0.546493769, 0.5328152)
(0.3267956, 0.5654355, -0.548839867, 0.521787465)
(0.315687239, 0.555447936, -0.559047639, 0.5284741)
(0.328072339, 0.565322638, -0.550339341, 0.519524157)
(0.3284319, 0.5566819, -0.561516941, 0.516658962)
(0.325124174, 0.5655825, -0.550710738, 0.520699859)
(0.321386725, 0.5740999, -0.5400111, 0.524888456)
(0.327836066, 0.5682294, -0.5490982, 0.5178128)
(0.327320039, 0.5588444, -0.5606074, 0.516017258)
(0.32166037, 0.5662978, -0.5505548, 0.5222362)
(0.327780217, 0.560777545, -0.5590832, 0.5152811)
(0.322094858, 0.5679527, -0.549582958, 0.521194041)
(0.333400071, 0.566365, -0.5541447, 0.5108804)
(0.3229233, 0.5689647, -0.54904, 0.5201489)
(0.3153678, 0.5582447, -0.5607211, 0.5239253)
(0.320464462, 0.569564164, -0.5483463, 0.5217427)
(0.334154367, 0.572699666, -0.5475084, 0.5104807)
(0.320715, 0.571063459, -0.5469388, 0.521427333)
(0.33288914, 0.570352554, -0.5501786, 0.511063755)
(0.320334524, 0.5704581, -0.5475247, 0.521708667)
(0.333209336, 0.571460664, -0.5490934, 0.510784447)
(0.319780529, 0.5706842, -0.547589064, 0.5217339)
(0.333335757, 0.5728628, -0.54769516, 0.510632455)
(0.319687, 0.570857048, -0.547332466, 0.5218714)
(0.331439078, 0.5805201, -0.5374734, 0.514068961)
(0.319707, 0.5707514, -0.547356248, 0.5219495)
(0.3280811, 0.5816482, -0.5354595, 0.517040849)
(0.320820481, 0.5709853, -0.547396541, 0.520967364)
(0.3314118, 0.5812499, -0.536590755, 0.5141839)
(0.319498867, 0.57172966, -0.546270549, 0.5221439)
(0.3136539, 0.5611169, -0.5583257, 0.524444044)
(0.319642425, 0.5721916, -0.546193838, 0.52162987)
(0.331768334, 0.581812143, -0.536692142, 0.5132115)
(0.320182621, 0.5721534, -0.5465435, 0.5209739)
(0.324053735, 0.5827285, -0.5339292, 0.519938767)
(0.320140779, 0.572380245, -0.54612124, 0.521193266)
(0.321813673, 0.5639368, -0.5569363, 0.517912269)
(0.321012527, 0.5733895, -0.5451741, 0.5205388)
(0.3286925, 0.568291962, -0.553104, 0.5129146)
(0.3206065, 0.5732784, -0.545412838, 0.5206613)
(0.3197019, 0.56354636, -0.5573078, 0.519243836)
(0.324488074, 0.5744062, -0.5450143, 0.5174209)
(0.319705129, 0.563775837, -0.5570635, 0.5192548)
(0.324613661, 0.5746015, -0.544694543, 0.517462134)
(0.316309422, 0.563718259, -0.5563271, 0.5221784)
(0.324089944, 0.5744363, -0.544630468, 0.518040836)
(0.311932266, 0.564749658, -0.553948343, 0.5262103)
(0.325083435, 0.5735335, -0.5458366, 0.5171484)
(0.312874436, 0.5639353, -0.5549769, 0.525440037)
(0.3250635, 0.573589861, -0.5455478, 0.5174032)
(0.310875118, 0.5678349, -0.5494914, 0.52818507)
(0.3244601, 0.5763314, -0.5416326, 0.5188467)
(0.315524131, 0.565533638, -0.5530517, 0.524166)
(0.328313231, 0.5746445, -0.544346, 0.515442967)
(0.31434086, 0.5672066, -0.5505431, 0.5257079)
(0.32697162, 0.5765345, -0.541572869, 0.5171039)
(0.312820733, 0.569951, -0.546920657, 0.5274247)
(0.327475, 0.574105, -0.544812441, 0.516084254)
(0.3149335, 0.5649569, -0.5534912, 0.524679065)
(0.328197926, 0.5736563, -0.5455401, 0.5153547)
(0.313969672, 0.5667936, -0.551048636, 0.5258456)
(0.328333139, 0.5732357, -0.5462043, 0.515033066)
(0.313887537, 0.568579733, -0.5490106, 0.526098132)
(0.3279902, 0.571761549, -0.5481646, 0.514807463)
(0.3146203, 0.570487857, -0.5470212, 0.525666833)
(0.328359932, 0.572559, -0.547451556, 0.5144441)
(0.314291269, 0.569942, -0.547946751, 0.5254918)
(0.328545451, 0.5741409, -0.545944035, 0.5141646)
(0.314611882, 0.5720573, -0.5458988, 0.525132537)
(0.327491224, 0.572728634, -0.548115, 0.51410234)
(0.31412068, 0.5718502, -0.5467531, 0.524763465)
(0.327162981, 0.5728358, -0.548550665, 0.513727367)
(0.312924147, 0.5699636, -0.5493567, 0.524811566)
(0.327139467, 0.5743513, -0.5471998, 0.513490736)
(0.313485771, 0.566409, -0.554452538, 0.5229625)
(0.3275147, 0.574183464, -0.548198044, 0.512373269)
(0.313242525, 0.5682416, -0.5528401, 0.5228272)
(0.327117383, 0.576062, -0.5463191, 0.5125253)
(0.313083768, 0.568548, -0.5528064, 0.522625)
(0.327350169, 0.573991, -0.549202263, 0.5116182)
(0.3127634, 0.5688054, -0.5526632, 0.522688031)
(0.326565474, 0.5765475, -0.546092749, 0.512572467)
(0.3121594, 0.5722117, -0.5486202, 0.52358973)
(0.326622963, 0.5767515, -0.5460883, 0.5123112)
(0.313120216, 0.568166554, -0.553992867, 0.521760941)
(0.325870335, 0.5769934, -0.5459931, 0.5126195)
(0.311163485, 0.570426464, -0.551352859, 0.5232599)
(0.3251034, 0.5776382, -0.5454348, 0.5129745)
(0.3114032, 0.569345236, -0.552848756, 0.5227163)
(0.3238156, 0.578540564, -0.5440403, 0.514251232)
(0.3098794, 0.5703915, -0.5513679, 0.5240436)
(0.3232885, 0.5784795, -0.544333339, 0.514341533)
(0.308420748, 0.573678, -0.547598243, 0.525267839)
(0.322744936, 0.5780973, -0.5454635, 0.513915241)
(0.3095063, 0.5692473, -0.5538716, 0.5228668)
(0.322469056, 0.5779727, -0.5460038, 0.5136546)
(0.3101327, 0.5683148, -0.555534542, 0.5217446)
(0.323482722, 0.5764857, -0.548482358, 0.5120453)
(0.3093877, 0.5688259, -0.5551428, 0.5220468)
(0.3232582, 0.576509, -0.5487991, 0.51182127)
(0.312389731, 0.566185653, -0.559305131, 0.5186754)
(0.323580652, 0.5763705, -0.5493918, 0.511137366)
(0.314957529, 0.5655616, -0.561030567, 0.515932739)
(0.3233775, 0.5763806, -0.5497402, 0.5108798)
(0.312538356, 0.5659347, -0.5603414, 0.517740369)
(0.320151955, 0.5766539, -0.5488811, 0.5135199)
(0.3086958, 0.566411138, -0.559135, 0.520819843)
(0.321212739, 0.5756687, -0.550556839, 0.512167)
(0.308733761, 0.5660905, -0.559766948, 0.520467)
(0.320042133, 0.5760463, -0.5501687, 0.5128918)
(0.306383848, 0.574432433, -0.549499, 0.5236479)
(0.319150358, 0.574499369, -0.552503943, 0.5126721)
(0.309581548, 0.5638379, -0.563722432, 0.518134356)
(0.318316728, 0.5747617, -0.5525614, 0.512834549)
(0.3038057, 0.5706264, -0.55468297, 0.5238458)
(0.317942142, 0.5738126, -0.5541447, 0.5124212)
(0.3092224, 0.578271449, -0.546829343, 0.5205394)
(0.31731385, 0.57357496, -0.554663, 0.5125159)
(0.328034282, 0.5715318, -0.5596327, 0.502549648)
(0.3166585, 0.5734689, -0.5554018, 0.5122399)
(0.3243359, 0.5685384, -0.5634762, 0.5040484)
(0.316978574, 0.5741777, -0.555548251, 0.5110878)
(0.326378077, 0.570507467, -0.562280059, 0.5018364)
(0.31708777, 0.574585438, -0.555774152, 0.5103156)
(0.328197658, 0.5730088, -0.560306251, 0.5000041)
(0.317436427, 0.5759544, -0.5551497, 0.5092341)
(0.323777825, 0.5871049, -0.5430597, 0.50553143)
(0.318558842, 0.576631248, -0.5555119, 0.507369)
(0.313003659, 0.5661831, -0.5676662, 0.509137154)
(0.3178109, 0.5774659, -0.5557666, 0.5066091)
(0.331970423, 0.583721638, -0.5514771, 0.4949119)
(0.317902684, 0.580724835, -0.5531549, 0.5056839)
(0.303950369, 0.578384757, -0.5535523, 0.5163962)
(0.3151446, 0.5768473, -0.5584302, 0.50605005)
(0.3017798, 0.5765466, -0.5564987, 0.516558051)
(0.314150721, 0.576898932, -0.559537, 0.505386353)
(0.3048545, 0.5810664, -0.5529689, 0.5134694)
(0.313245177, 0.5764975, -0.5608334, 0.504969358)
(0.302185625, 0.578861654, -0.5557322, 0.514553)
(0.313000143, 0.57725656, -0.5603858, 0.504750967)
(0.304160774, 0.5820153, -0.552740335, 0.5130522)
(0.3048694, 0.573102057, -0.5641641, 0.5102231)
(0.305778146, 0.5828529, -0.552276552, 0.511637449)
(0.3064495, 0.5737791, -0.5637786, 0.5089401)
(0.314648449, 0.5845903, -0.5523954, 0.504093051)
(0.306268126, 0.573759735, -0.5640847, 0.5087317)
(0.309872627, 0.584288, -0.5521127, 0.507698834)
(0.301884025, 0.573414266, -0.5640213, 0.5118028)
(0.312882, 0.583456635, -0.5541724, 0.504555464)
(0.298998058, 0.575223744, -0.561451256, 0.51428616)
(0.310958833, 0.584916055, -0.5522725, 0.506135345)
(0.29626745, 0.578358233, -0.5573973, 0.516754746)
(0.3100365, 0.58623147, -0.550820649, 0.5067611)
(0.2992744, 0.5762154, -0.5611598, 0.5133326)
(0.3130097, 0.5846434, -0.5539415, 0.503354669)
(0.316224724, 0.576761365, -0.564264059, 0.498953164)
(0.318136334, 0.587180734, -0.551962137, 0.4993454)
(0.313118339, 0.5765603, -0.5639225, 0.50152415)
(0.318237484, 0.587410867, -0.5516002, 0.499410123)
(0.312573135, 0.5765811, -0.5635843, 0.502220035)
(0.3220594, 0.587146938, -0.5523591, 0.496422738)
(0.3096241, 0.578029335, -0.560854137, 0.5054281)
(0.314807445, 0.588604867, -0.548561752, 0.5035083)
(0.306135058, 0.5778756, -0.559802055, 0.5088839)
(0.319972575, 0.586128652, -0.552108765, 0.499246061)
(0.3064315, 0.578404367, -0.558626533, 0.5093963)
(0.321146548, 0.58384794, -0.554688931, 0.4983038)
(0.307335049, 0.5767563, -0.5602287, 0.5089608)
(0.32066825, 0.585345566, -0.5520464, 0.4997871)
(0.306888074, 0.5779353, -0.5581448, 0.5101813)
(0.321000159, 0.585678041, -0.5511302, 0.5001955)
(0.306959, 0.581042349, -0.553713739, 0.511436343)
(0.3215888, 0.5844794, -0.5520118, 0.5002475)
(0.3075614, 0.5798729, -0.5544376, 0.5116173)
(0.322336346, 0.583815753, -0.552131534, 0.5004092)
(0.309257448, 0.582696736, -0.5505966, 0.5115348)
(0.320917517, 0.5811134, -0.5546143, 0.5017191)
(0.307210058, 0.5788838, -0.55419904, 0.5132046)
(0.321729273, 0.584644258, -0.549646437, 0.502563655)
(0.307948381, 0.5826476, -0.549048662, 0.5140379)
(0.3206329, 0.5821848, -0.5517435, 0.5038199)
(0.306226343, 0.5772138, -0.55448693, 0.5153579)
(0.320138872, 0.579787731, -0.5539553, 0.504470944)
(0.3061972, 0.5775144, -0.55364424, 0.515944242)
(0.320698917, 0.581944048, -0.550925851, 0.50494945)
(0.306312144, 0.576134145, -0.5548022, 0.5161753)
(0.3206127, 0.5827692, -0.5493428, 0.5057767)
(0.305984318, 0.5770478, -0.553371131, 0.5168848)
(0.320290327, 0.5832663, -0.5486141, 0.5061987)
(0.305700928, 0.579124868, -0.550723255, 0.517557)
(0.3199365, 0.5822216, -0.5497305, 0.5064138)
(0.3075688, 0.5726457, -0.558882833, 0.5149062)
(0.31940037, 0.5823098, -0.5494393, 0.5069665)
(0.306636781, 0.573083758, -0.5581161, 0.5158055)
(0.31738475, 0.5832137, -0.5476678, 0.5091056)
(0.307202935, 0.572655857, -0.5584354, 0.5155982)
(0.315861046, 0.583251, -0.546858847, 0.5108772)
(0.309305072, 0.572341, -0.5587342, 0.514365852)
(0.315917224, 0.5830872, -0.5465431, 0.511367142)
(0.313366741, 0.572628, -0.558629, 0.511695266)
(0.3182445, 0.5831255, -0.5462512, 0.510190845)
(0.3105872, 0.572207749, -0.557895958, 0.514651239)
(0.313685834, 0.582609832, -0.5454898, 0.514400363)
(0.310037434, 0.572276056, -0.5576269, 0.515198)
(0.3157789, 0.583068252, -0.545449, 0.5126407)
(0.3149282, 0.5733624, -0.557417631, 0.511235)
(0.312605828, 0.58198005, -0.5463628, 0.514844239)
(0.301737756, 0.5719148, -0.5567925, 0.5213924)
(0.3119865, 0.5826342, -0.545895338, 0.5149759)
(0.309168071, 0.572756231, -0.557940662, 0.514847)
(0.3117795, 0.5832845, -0.545712531, 0.5145587)
(0.314470261, 0.575421453, -0.556545734, 0.510152459)
(0.31616044, 0.585837364, -0.544543862, 0.510205)
(0.3165092, 0.57686013, -0.5563454, 0.5074782)
(0.318726, 0.5873738, -0.5443325, 0.5070581)
(0.3154808, 0.577244461, -0.55677104, 0.5072147)
(0.3187225, 0.5878869, -0.5446562, 0.506117165)
(0.316521883, 0.577825, -0.556926966, 0.5057318)
