(0, 0, 0, 0)
(0.496273458, 0.396045983, -0.403287739, 0.65895313)
(0.496839076, 0.406807154, -0.390263438, 0.659813166)
(0.497308642, 0.395928562, -0.403335273, 0.6582137)
(0.490536422, 0.402429074, -0.39405188, 0.664942)
(0.497508675, 0.39601928, -0.4025572, 0.6584843)
(0.491638333, 0.402938038, -0.392963469, 0.6644641)
(0.5024739, 0.400963634, -0.396488279, 0.655397)
(0.491888642, 0.4029309, -0.392442554, 0.664590955)
(0.5027138, 0.412216425, -0.381786525, 0.656959236)
(0.4914987, 0.402252346, -0.392702669, 0.6651367)
(0.478193045, 0.397209853, -0.3971843, 0.675129831)
(0.4912588, 0.4027808, -0.392199516, 0.665290833)
(0.487725168, 0.391004652, -0.406269252, 0.666471958)
(0.4924376, 0.402620167, -0.392481148, 0.6643498)
(0.492438436, 0.391884416, -0.4055887, 0.6628942)
(0.4924804, 0.40250656, -0.392396629, 0.664436936)
(0.4924001, 0.391669244, -0.4057276, 0.6629648)
(0.489642948, 0.400854617, -0.3940016, 0.666579366)
(0.4943062, 0.3926899, -0.404751241, 0.661538)
(0.4891165, 0.400433362, -0.3944324, 0.6669643)
(0.498608, 0.396907955, -0.400001526, 0.6586752)
(0.488828182, 0.4000764, -0.39462918, 0.667273343)
(0.4955351, 0.393494725, -0.4035408, 0.660879552)
(0.4888325, 0.399983883, -0.3944683, 0.6674207)
(0.49353832, 0.3921825, -0.4049438, 0.6622941)
(0.489967853, 0.401178241, -0.3935972, 0.666384757)
(0.500923634, 0.3997845, -0.3968021, 0.6571118)
(0.488178, 0.39707756, -0.398159623, 0.6674432)
(0.4980446, 0.3942853, -0.4029361, 0.658887863)
(0.487410754, 0.3964779, -0.398822, 0.6679648)
(0.4961208, 0.407854617, -0.3860556, 0.6621781)
(0.489602059, 0.396256059, -0.3997765, 0.665920258)
(0.500975847, 0.405649662, -0.389496237, 0.6578481)
(0.489519656, 0.395994663, -0.399787843, 0.6661294)
(0.49392, 0.4077147, -0.385831147, 0.664037764)
(0.488975763, 0.395944476, -0.399906129, 0.666487634)
(0.491653681, 0.407198548, -0.386146158, 0.665850759)
(0.491213679, 0.396139622, -0.399797738, 0.664789)
(0.481135756, 0.398762226, -0.394891948, 0.673466742)
(0.491923958, 0.3970791, -0.3986558, 0.6643888)
(0.4870399, 0.40526697, -0.387940854, 0.669367433)
(0.49136436, 0.397111237, -0.3990831, 0.664527237)
(0.486580074, 0.4048664, -0.388778925, 0.669458032)
(0.4930139, 0.397734433, -0.3985349, 0.6632605)
(0.479855, 0.391833961, -0.403734922, 0.6732039)
(0.492440224, 0.399107337, -0.396776974, 0.6639156)
(0.4852802, 0.405470043, -0.3880482, 0.670459449)
(0.492798358, 0.399426162, -0.3966934, 0.663507938)
(0.480959028, 0.399091184, -0.395540327, 0.6730175)
(0.491804659, 0.397686452, -0.399212867, 0.66377914)
(0.486157566, 0.405528426, -0.389039218, 0.669213)
(0.491663426, 0.3982391, -0.399197072, 0.6635619)
(0.5035054, 0.407277077, -0.3897038, 0.6547813)
(0.4910456, 0.400549531, -0.396553338, 0.664213538)
(0.499776185, 0.396141231, -0.403199345, 0.6562974)
(0.490564585, 0.400195867, -0.396976262, 0.6645295)
(0.4960908, 0.393084228, -0.4066314, 0.658809245)
(0.489871323, 0.400481552, -0.397013336, 0.6648466)
(0.501601934, 0.4009028, -0.3985032, 0.6548799)
(0.489199579, 0.398975581, -0.399494082, 0.664760768)
(0.501568735, 0.400425375, -0.3993742, 0.6546667)
(0.488518447, 0.395126253, -0.403886378, 0.6649066)
(0.499998927, 0.404272884, -0.394078761, 0.656708837)
(0.4870308, 0.398944169, -0.3988496, 0.666756034)
(0.495767027, 0.410058022, -0.386030972, 0.6610956)
(0.485757262, 0.3994217, -0.398077726, 0.6678595)
(0.495147854, 0.396086484, -0.4036645, 0.6595447)
(0.484396875, 0.398713052, -0.3988917, 0.668784738)
(0.495688736, 0.398572683, -0.400869817, 0.6593451)
(0.485154629, 0.400751919, -0.396890551, 0.6682071)
(0.4943868, 0.396840036, -0.403294683, 0.6598886)
(0.483845055, 0.399078548, -0.3991611, 0.6688054)
(0.494056582, 0.3971318, -0.403429419, 0.6598782)
(0.4845131, 0.401117951, -0.3974838, 0.6681004)
(0.496396661, 0.40177682, -0.3985831, 0.6582532)
(0.484715044, 0.402237862, -0.3966305, 0.6677875)
(0.494443238, 0.3992105, -0.4019618, 0.6592296)
(0.485158384, 0.403600365, -0.3954807, 0.6673253)
(0.494720727, 0.400646627, -0.40063566, 0.658957362)
(0.4846404, 0.403766543, -0.395293832, 0.667711735)
(0.493471354, 0.399281263, -0.4019258, 0.659936368)
(0.4816721, 0.399918646, -0.399458855, 0.669693649)
(0.4937957, 0.4019048, -0.399109185, 0.659810662)
(0.483804762, 0.405330241, -0.393770546, 0.66827023)
(0.492771029, 0.400994778, -0.400524467, 0.6602727)
(0.486114651, 0.3891742, -0.413962752, 0.663981)
(0.493923545, 0.4008378, -0.400968581, 0.6592365)
(0.481196672, 0.392742068, -0.409057528, 0.6684874)
(0.4893856, 0.404200882, -0.396186531, 0.6634452)
(0.4764865, 0.3980744, -0.401877, 0.673046947)
(0.48969388, 0.404176563, -0.396027952, 0.663327336)
(0.477402329, 0.395421982, -0.405109644, 0.67202276)
(0.4883183, 0.4052375, -0.3945416, 0.664578736)
(0.479088545, 0.394066721, -0.4073308, 0.67027396)
(0.483977079, 0.4058483, -0.393581182, 0.6679426)
(0.48978442, 0.3985829, -0.403747052, 0.6619904)
(0.484354854, 0.406302571, -0.393579721, 0.6673931)
(0.4888213, 0.398636281, -0.4041761, 0.6624082)
(0.483859241, 0.4069415, -0.393630922, 0.6673332)
(0.489327371, 0.3996351, -0.404000044, 0.661539555)
(0.483069569, 0.406642675, -0.39477846, 0.6674095)
(0.4883077, 0.3992186, -0.4051326, 0.6618517)
(0.4808116, 0.405404568, -0.396546572, 0.6687437)
(0.487980545, 0.3995427, -0.405142158, 0.6618915)
(0.483982354, 0.408131, -0.3941486, 0.666211)
(0.490290731, 0.401252747, -0.403819084, 0.6599556)
(0.479487628, 0.4030932, -0.400182128, 0.6689259)
(0.490529448, 0.402257085, -0.403162, 0.659568548)
(0.47917977, 0.403565466, -0.400209874, 0.668845057)
(0.491708875, 0.405434161, -0.400013626, 0.6586612)
(0.4787308, 0.400955975, -0.403876364, 0.6685319)
(0.491784245, 0.406739771, -0.39861536, 0.6586476)
(0.4785389, 0.401229173, -0.4036125, 0.6686649)
(0.491686076, 0.4062148, -0.399351031, 0.6585993)
(0.479112536, 0.398285657, -0.407372475, 0.667733)
(0.490784645, 0.407480985, -0.3977211, 0.6594752)
(0.478798717, 0.398315459, -0.407338083, 0.6679613)
(0.489098668, 0.4086536, -0.395803928, 0.661153436)
(0.479754984, 0.397415519, -0.408262044, 0.6672467)
(0.490486234, 0.4074435, -0.39724496, 0.66000706)
(0.477595478, 0.3998299, -0.404773742, 0.669475)
(0.489541054, 0.408488333, -0.3956855, 0.66099906)
(0.4771686, 0.40006265, -0.404361963, 0.669889152)
(0.490381837, 0.4050678, -0.3998218, 0.6599912)
(0.4773572, 0.398532063, -0.405821085, 0.669784665)
(0.4898076, 0.40631038, -0.39792797, 0.6607977)
(0.476620883, 0.399773836, -0.4042606, 0.670512438)
(0.4895979, 0.4034152, -0.40170908, 0.6604392)
(0.4764824, 0.397704542, -0.406699121, 0.6703666)
(0.489426017, 0.403494954, -0.4015316, 0.660625637)
(0.4761595, 0.3983506, -0.405999482, 0.6706366)
(0.487243056, 0.408355981, -0.3952354, 0.66304487)
(0.476221651, 0.3984286, -0.4061218, 0.670472)
(0.48927176, 0.4048772, -0.400129765, 0.6607448)
(0.476738065, 0.3966771, -0.4084754, 0.6697133)
(0.4885487, 0.405694038, -0.399305522, 0.661277235)
(0.475695163, 0.397969782, -0.407315761, 0.6703938)
(0.488377154, 0.4056452, -0.3999351, 0.6610535)
(0.4769979, 0.3959885, -0.410323769, 0.6688051)
(0.489315629, 0.404565036, -0.4016552, 0.6599777)
(0.477305561, 0.395426542, -0.411159277, 0.668405)
(0.488653719, 0.405168831, -0.40099898, 0.6604966)
(0.477371573, 0.3953999, -0.4115648, 0.668124)
(0.488730371, 0.405295432, -0.4012818, 0.660190165)
(0.481555939, 0.393517315, -0.4147996, 0.66422087)
(0.4869717, 0.4052488, -0.401184738, 0.6615759)
(0.4812088, 0.393399537, -0.414959222, 0.6644424)
(0.484338552, 0.404789031, -0.401304066, 0.6637145)
(0.471354425, 0.4003747, -0.4047975, 0.6735458)
(0.484576, 0.404430479, -0.401714861, 0.663511336)
(0.4733672, 0.394277751, -0.4125008, 0.6710526)
(0.4848151, 0.403885216, -0.402304441, 0.6633115)
(0.4737264, 0.393716365, -0.413148433, 0.670730352)
(0.483468622, 0.40467605, -0.400962859, 0.6646233)
(0.474383563, 0.393459022, -0.4135464, 0.6701714)
(0.482395649, 0.404993325, -0.400525063, 0.6654731)
(0.4802894, 0.393929273, -0.4141634, 0.66528976)
(0.4826629, 0.405336916, -0.400427073, 0.665129)
(0.4832049, 0.395123124, -0.413306534, 0.66299963)
(0.48575744, 0.406634, -0.399582326, 0.662587643)
(0.4849105, 0.3958883, -0.412891269, 0.661555052)
(0.48347038, 0.406056255, -0.400224417, 0.664225161)
(0.483674616, 0.395685554, -0.413265169, 0.6623471)
(0.482568175, 0.405685157, -0.400660455, 0.66484493)
(0.483785331, 0.395604342, -0.413371444, 0.6622485)
(0.482490122, 0.405631721, -0.400731862, 0.6648911)
(0.485462934, 0.3965738, -0.412479252, 0.660996)
(0.4831565, 0.405976862, -0.400424927, 0.664381266)
(0.4786988, 0.3942999, -0.4143224, 0.666117132)
(0.486981541, 0.405828863, -0.401353419, 0.661110759)
(0.481932133, 0.394058645, -0.415191859, 0.663381338)
(0.486390471, 0.40584147, -0.401506275, 0.661445141)
(0.479712516, 0.394091457, -0.4151977, 0.664965153)
(0.483410478, 0.4056276, -0.4015027, 0.6637591)
(0.475040525, 0.394170463, -0.414331138, 0.668801844)
(0.483798146, 0.4055557, -0.4013886, 0.663589537)
(0.4825378, 0.39454478, -0.414796233, 0.6628995)
(0.4825774, 0.4050874, -0.401715219, 0.664566159)
(0.473544538, 0.393813342, -0.4143861, 0.670037866)
(0.483850718, 0.404545069, -0.4028362, 0.6632909)
(0.471666574, 0.395788372, -0.411884248, 0.671739161)
(0.4845037, 0.4037558, -0.404103339, 0.662524)
(0.472100228, 0.402428538, -0.403893143, 0.672341347)
(0.483682722, 0.4023367, -0.4060489, 0.6627976)
(0.4722838, 0.40365085, -0.402785867, 0.672143936)
(0.484719127, 0.4051283, -0.4029524, 0.662229359)
(0.482583255, 0.4146606, -0.390665919, 0.6652444)
(0.483869374, 0.404522836, -0.403514057, 0.6628787)
(0.471328884, 0.403343469, -0.402984321, 0.672879457)
(0.483515, 0.4047679, -0.403229415, 0.663160741)
(0.4786557, 0.412937045, -0.3923672, 0.668146431)
(0.484017462, 0.405348241, -0.402685881, 0.6627699)
(0.471363127, 0.4031672, -0.403346062, 0.672744453)
(0.483169854, 0.403329283, -0.4050338, 0.6631893)
(0.478211373, 0.391837746, -0.418499261, 0.6653085)
(0.4818989, 0.403622925, -0.404516518, 0.6642502)
(0.494760931, 0.4109163, -0.397133768, 0.654709339)
(0.482958943, 0.402158439, -0.406190842, 0.6633462)
(0.488102138, 0.3946758, -0.4161174, 0.657901)
(0.483694047, 0.4030659, -0.405173153, 0.662882149)
(0.491999775, 0.414534569, -0.392105937, 0.657533467)
(0.48282218, 0.4036133, -0.404530764, 0.663576543)
(0.477412552, 0.4110349, -0.3942985, 0.669071138)
(0.480949938, 0.4022879, -0.405857563, 0.664929569)
(0.474941939, 0.40946582, -0.395892948, 0.6708478)
(0.4809258, 0.4026557, -0.405562371, 0.6649044)
(0.47335586, 0.408435285, -0.397098, 0.6718839)
(0.480695128, 0.402445972, -0.40580824, 0.6650482)
(0.473548472, 0.4085156, -0.3969512, 0.6717861)
(0.481332183, 0.403337, -0.404796183, 0.664664268)
(0.48328647, 0.4147205, -0.3910037, 0.6644977)
(0.479594558, 0.403386682, -0.405033946, 0.665744543)
(0.492702872, 0.408384085, -0.400820166, 0.6555987)
(0.479630649, 0.403912216, -0.4045838, 0.665673554)
(0.491983533, 0.411811233, -0.396610528, 0.6565545)
(0.479083478, 0.404631644, -0.404106975, 0.6659202)
(0.49102205, 0.413576275, -0.39496398, 0.657157)
(0.478879452, 0.405286938, -0.40409866, 0.665673435)
(0.491512537, 0.4130373, -0.396645248, 0.656116)
(0.4787082, 0.405771852, -0.4044442, 0.6652913)
(0.491436332, 0.4123862, -0.398384452, 0.655528545)
(0.4784714, 0.405963153, -0.404871225, 0.665085256)
(0.491246343, 0.408321917, -0.403865933, 0.654860735)
(0.478734136, 0.406188667, -0.404704034, 0.664860249)
(0.4904635, 0.406368971, -0.4062001, 0.6552185)
(0.477973759, 0.4052093, -0.405892551, 0.6652803)
(0.488866746, 0.40379855, -0.409409285, 0.6560031)
(0.479718417, 0.4076558, -0.403361529, 0.664068162)
(0.492107, 0.408941269, -0.4035524, 0.654020667)
(0.479193956, 0.405382156, -0.405974329, 0.6642463)
(0.491084635, 0.4058557, -0.406953871, 0.6546033)
(0.4794048, 0.4059642, -0.404929, 0.6643769)
(0.48845166, 0.416812748, -0.3924412, 0.6585378)
(0.478450477, 0.40599978, -0.4045874, 0.66525054)
(0.478190184, 0.416234285, -0.39149484, 0.666944563)
(0.4797976, 0.406291872, -0.404259622, 0.6643007)
(0.480639756, 0.4170463, -0.390699327, 0.6651404)
(0.480762541, 0.4066357, -0.403935462, 0.6635894)
(0.480258226, 0.417047024, -0.390810519, 0.665350139)
(0.48087734, 0.406856418, -0.403930128, 0.663374245)
(0.4784052, 0.4163486, -0.391590923, 0.666662455)
(0.4804667, 0.406766057, -0.403989017, 0.663691163)
(0.4783826, 0.3956482, -0.417427331, 0.6636015)
(0.481191456, 0.407181144, -0.4036455, 0.6631203)
(0.4691865, 0.398228616, -0.4131314, 0.671267748)
(0.481935769, 0.406558961, -0.405094475, 0.6620771)
(0.484208941, 0.397273749, -0.4172027, 0.6585265)
(0.48090744, 0.4062878, -0.405754477, 0.6625871)
(0.473366022, 0.3947303, -0.419045985, 0.6667181)
(0.480782747, 0.4064532, -0.405807853, 0.6625434)
