(0, 0, 0, 0)
(-0.654643, -0.3170927, 0.231195718, 0.646098554)
(-0.6540854, -0.307901472, 0.217464715, 0.6558033)
(-0.650318, -0.31983918, 0.231514111, 0.648992062)
(-0.6558891, -0.3070812, 0.2182855, 0.6541117)
(-0.6519725, -0.319154, 0.232036009, 0.647481263)
(-0.6612839, -0.3066438, 0.222804084, 0.647326469)
(-0.65119946, -0.319007576, 0.230551019, 0.6488603)
(-0.6425909, -0.332111746, 0.241247058, 0.646976531)
(-0.6518825, -0.319427878, 0.231309861, 0.6476965)
(-0.6444898, -0.31879738, 0.22261107, 0.6583657)
(-0.6513357, -0.3200024, 0.230902344, 0.6481081)
(-0.6511921, -0.311076462, 0.216897279, 0.6573704)
(-0.6518297, -0.320073932, 0.230161965, 0.6478397)
(-0.6613863, -0.308188349, 0.221700743, 0.646867)
(-0.650795, -0.319964141, 0.227927774, 0.6497213)
(-0.6567775, -0.307322055, 0.214549541, 0.654343069)
(-0.654700637, -0.3184167, 0.227571, 0.646675467)
(-0.663085, -0.306145847, 0.216512829, 0.6478543)
(-0.651580632, -0.317270249, 0.219538018, 0.653135061)
(-0.639711142, -0.32711643, 0.220674217, 0.659596443)
(-0.648294032, -0.323929131, 0.2229724, 0.6519724)
(-0.6423232, -0.33657375, 0.234162867, 0.647539)
(-0.6404614, -0.328191251, 0.217171818, 0.6594969)
(-0.6380531, -0.318981439, 0.200649515, 0.671475)
(-0.64473325, -0.318366617, 0.20612742, 0.6636815)
(-0.649999738, -0.320165128, 0.212447062, 0.6556377)
(-0.647069156, -0.312482834, 0.195580423, 0.6673863)
(-0.6508753, -0.3175886, 0.203998029, 0.65869844)
(-0.6385293, -0.3277469, 0.205355167, 0.665350735)
(-0.6417903, -0.3154579, 0.1877527, 0.6733056)
(-0.6507635, -0.309099853, 0.183889836, 0.668691635)
(-0.6378338, -0.317020953, 0.1821374, 0.6778582)
(-0.627752, -0.316459715, 0.17133154, 0.69023633)
(-0.627332866, -0.325338751, 0.182793424, 0.683516443)
(-0.613996, -0.334580779, 0.183943287, 0.690817952)
(-0.62136364, -0.322636515, 0.170661122, 0.6933164)
(-0.6306499, -0.313859671, 0.164325178, 0.6904854)
(-0.6223859, -0.3266963, 0.176027834, 0.689143956)
(-0.6228796, -0.316025347, 0.159071013, 0.697743)
(-0.6169091, -0.3279541, 0.171684965, 0.694545567)
(-0.624260545, -0.3158113, 0.158824041, 0.696661234)
(-0.6131763, -0.327275485, 0.167102441, 0.699272752)
(-0.6224637, -0.324884653, 0.170528933, 0.6913095)
(-0.618166566, -0.3179893, 0.155705854, 0.7017897)
(-0.6254616, -0.3189407, 0.163093477, 0.693163157)
(-0.614477456, -0.3219264, 0.158729926, 0.7025565)
(-0.616308033, -0.329441369, 0.172249436, 0.6942355)
(-0.6137311, -0.321635157, 0.157769382, 0.703557968)
(-0.605053663, -0.333751261, 0.1699063, 0.7026037)
(-0.6166341, -0.326184571, 0.167785779, 0.696572959)
(-0.6236361, -0.313560337, 0.15410842, 0.699291348)
(-0.6124293, -0.323351055, 0.160186782, 0.703359544)
(-0.6146788, -0.3311664, 0.174087942, 0.694400549)
(-0.616515, -0.320531875, 0.158661172, 0.7014237)
(-0.6092204, -0.33238107, 0.171720356, 0.6992034)
(-0.6146176, -0.320372343, 0.157173365, 0.7034938)
(-0.620056868, -0.324844956, 0.168295667, 0.6940331)
(-0.61258477, -0.322320372, 0.157701567, 0.704258263)
(-0.6220017, -0.320136547, 0.1620757, 0.6959583)
(-0.613045335, -0.319074184, 0.153412685, 0.7062802)
(-0.617009938, -0.325126141, 0.166113675, 0.697135568)
(-0.606854141, -0.326904237, 0.160191923, 0.706541)
(-0.6172836, -0.322956115, 0.162437126, 0.69876647)
(-0.6079625, -0.323133349, 0.154974073, 0.708484)
(-0.618505061, -0.3194323, 0.157600045, 0.700411856)
(-0.607242763, -0.329340637, 0.1639727, 0.70420444)
(-0.6176439, -0.318754464, 0.15597491, 0.7018429)
(-0.6108966, -0.330947369, 0.169819117, 0.6988854)
(-0.619231641, -0.319040656, 0.157777712, 0.6999082)
(-0.6076603, -0.3279947, 0.161866829, 0.7049593)
(-0.618527532, -0.3191265, 0.156255066, 0.700832546)
(-0.6085304, -0.3308357, 0.166116983, 0.7018859)
(-0.6158781, -0.318965524, 0.1531432, 0.703919351)
(-0.6087186, -0.331275553, 0.16637212, 0.7014545)
(-0.6155432, -0.319429576, 0.15275906, 0.7040853)
(-0.6099899, -0.33160904, 0.167295367, 0.6999715)
(-0.6143065, -0.3200211, 0.1526168, 0.704926968)
(-0.6215711, -0.3226959, 0.162696958, 0.69501543)
(-0.6137571, -0.321173638, 0.153698683, 0.704646468)
(-0.614634633, -0.3301588, 0.168662116, 0.6962561)
(-0.616545, -0.319319725, 0.1534918, 0.7030984)
(-0.616377354, -0.3289462, 0.1683587, 0.6953622)
(-0.613708556, -0.321609557, 0.1542956, 0.7043593)
(-0.611903548, -0.332465, 0.169719115, 0.6973066)
(-0.609029055, -0.325316876, 0.155709118, 0.7064043)
(-0.6175568, -0.3258443, 0.1634883, 0.6969367)
(-0.6123159, -0.3208116, 0.15107137, 0.7066304)
(-0.6180213, -0.3255088, 0.1628202, 0.696837962)
(-0.6067363, -0.331217617, 0.162418962, 0.704120755)
(-0.617976546, -0.32491076, 0.162019208, 0.697343349)
(-0.6122697, -0.320098042, 0.150176182, 0.7071846)
(-0.6188817, -0.323535055, 0.160898611, 0.6974397)
(-0.6076323, -0.3334562, 0.16728355, 0.701146364)
(-0.6181645, -0.323285371, 0.160078079, 0.698379755)
(-0.607649863, -0.333474368, 0.167621374, 0.7010418)
(-0.61878854, -0.324152142, 0.162270457, 0.6969178)
(-0.608760536, -0.325924546, 0.15687187, 0.7060984)
(-0.615805149, -0.328563571, 0.1669641, 0.6963857)
(-0.619280934, -0.316958338, 0.151812017, 0.702126443)
(-0.6176157, -0.3275092, 0.1667769, 0.695323)
(-0.6120691, -0.322812527, 0.154665783, 0.7051538)
(-0.6154357, -0.329623461, 0.1682428, 0.6959034)
(-0.6118655, -0.322904, 0.154584929, 0.7053063)
(-0.6178082, -0.326877058, 0.165733367, 0.6956988)
(-0.6098947, -0.325228274, 0.156428382, 0.705539)
(-0.6181304, -0.326254219, 0.164767981, 0.6959343)
(-0.6088931, -0.326584846, 0.157583639, 0.705520332)
(-0.6187404, -0.324420631, 0.162210688, 0.696849465)
(-0.609402835, -0.32474947, 0.155077249, 0.7064821)
(-0.6152784, -0.329020351, 0.166503236, 0.6967459)
(-0.6049981, -0.3314687, 0.161832973, 0.7056315)
(-0.61589545, -0.326782137, 0.163761929, 0.6979028)
(-0.608489752, -0.324425548, 0.154168472, 0.707616031)
(-0.6173542, -0.3246746, 0.161951512, 0.698020041)
(-0.6180378, -0.333539844, 0.176774874, 0.689587533)
(-0.617432654, -0.3244125, 0.162128761, 0.6980313)
(-0.6252812, -0.325547457, 0.170712337, 0.6884036)
(-0.6157557, -0.326807916, 0.164506614, 0.697838962)
(-0.619204, -0.333210379, 0.177565023, 0.6884968)
(-0.615496039, -0.3267687, 0.164157346, 0.698168457)
(-0.610771, -0.3209931, 0.15124777, 0.707846165)
(-0.614173532, -0.327841252, 0.1647948, 0.69868)
(-0.624403954, -0.324445, 0.168105975, 0.6903589)
(-0.614414, -0.326679319, 0.163260922, 0.6993726)
(-0.608727634, -0.3386106, 0.177851573, 0.6950988)
(-0.6144905, -0.326505959, 0.163872868, 0.699243069)
(-0.624784052, -0.323133051, 0.167512625, 0.69077456)
(-0.618177354, -0.319859654, 0.156888962, 0.700665653)
(-0.6172897, -0.3301619, 0.172067732, 0.693065166)
(-0.609530866, -0.328431129, 0.162647009, 0.702958763)
(-0.6205046, -0.323043525, 0.16332002, 0.695660353)
(-0.6108857, -0.324166238, 0.156946361, 0.7050551)
(-0.617485344, -0.327489555, 0.167561978, 0.6952592)
(-0.6078038, -0.328877062, 0.161622047, 0.704480469)
(-0.6178467, -0.3264114, 0.16620858, 0.6957698)
(-0.628910661, -0.31822592, 0.162875161, 0.690416753)
(-0.617428362, -0.3264839, 0.166041315, 0.696147144)
(-0.605685651, -0.333520651, 0.167296261, 0.7027951)
(-0.616681755, -0.327292681, 0.166758746, 0.696257651)
(-0.6250038, -0.315542072, 0.155302808, 0.6969107)
(-0.616779566, -0.3279991, 0.16761221, 0.695633352)
(-0.627521932, -0.3197527, 0.16394262, 0.6907223)
(-0.615967155, -0.328326523, 0.167607024, 0.696199656)
(-0.6059241, -0.3302739, 0.16215767, 0.7053227)
(-0.6156128, -0.328536063, 0.167601183, 0.6964156)
(-0.624912262, -0.31710133, 0.157586187, 0.6957715)
(-0.6145463, -0.32829082, 0.166368008, 0.6977676)
(-0.623539865, -0.3275722, 0.172843978, 0.6884907)
(-0.6142132, -0.3283328, 0.166009024, 0.698126554)
(-0.6223194, -0.3288127, 0.173811451, 0.688760042)
(-0.6139065, -0.328018755, 0.1653339, 0.698704064)
(-0.624888659, -0.321809977, 0.164743, 0.691962659)
(-0.613505065, -0.3297237, 0.16745156, 0.697749)
(-0.624106467, -0.325025976, 0.169339433, 0.6900531)
(-0.6138019, -0.3276854, 0.165002719, 0.6990304)
(-0.6174743, -0.33391124, 0.178139567, 0.6895615)
(-0.6130047, -0.3283175, 0.16539453, 0.6993408)
(-0.6200883, -0.3303192, 0.174862146, 0.6897848)
(-0.6161479, -0.3240991, 0.161501333, 0.6994562)
(-0.61678493, -0.333131164, 0.176080525, 0.691082954)
(-0.6126789, -0.327049583, 0.162777632, 0.700832844)
(-0.6195456, -0.32946533, 0.172568187, 0.69125694)
(-0.613280237, -0.3257318, 0.161401, 0.701238751)
(-0.6189693, -0.3299956, 0.172912553, 0.6914341)
(-0.6158045, -0.322997421, 0.159153685, 0.700804949)
(-0.6209026, -0.327820778, 0.171020359, 0.6912058)
(-0.615744, -0.3225983, 0.158533588, 0.7011825)
(-0.620280445, -0.328070939, 0.170771062, 0.691707253)
(-0.611495852, -0.327799231, 0.162739515, 0.7015242)
(-0.6201068, -0.327711076, 0.169931516, 0.692240059)
(-0.609648943, -0.3307483, 0.1659229, 0.7010016)
(-0.6189354, -0.329677522, 0.172245473, 0.691782653)
(-0.614366949, -0.3241162, 0.15960978, 0.701446056)
(-0.62113297, -0.3270457, 0.169871032, 0.6916493)
(-0.610794365, -0.329802454, 0.165173635, 0.700627)
(-0.619816542, -0.329151839, 0.171535149, 0.6914204)
(-0.610045731, -0.330794752, 0.165480629, 0.7007391)
(-0.6205153, -0.3268154, 0.167909786, 0.692790568)
(-0.6104965, -0.328809977, 0.162409008, 0.7019981)
(-0.620399654, -0.326444924, 0.166830152, 0.693329453)
(-0.608782768, -0.334121764, 0.168981671, 0.699422061)
(-0.619584739, -0.329076648, 0.17033796, 0.6919598)
(-0.6145622, -0.323865116, 0.157996535, 0.7017562)
(-0.620445967, -0.327979326, 0.1693316, 0.6919561)
(-0.6121002, -0.327125877, 0.160687983, 0.701784432)
(-0.618332, -0.3306942, 0.171404511, 0.692045867)
(-0.610296369, -0.329378068, 0.162305191, 0.701929748)
(-0.616017938, -0.3333782, 0.173732281, 0.6922413)
(-0.616969466, -0.323101342, 0.158675939, 0.699840069)
(-0.615620852, -0.333315045, 0.17387557, 0.692589)
(-0.622092247, -0.321204156, 0.16024521, 0.6958093)
(-0.616244256, -0.333390474, 0.174284592, 0.691895068)
(-0.62319, -0.321164727, 0.160919338, 0.694688737)
(-0.6137483, -0.332979858, 0.171398059, 0.695025265)
(-0.621746957, -0.321098715, 0.159341872, 0.6963738)
(-0.612704933, -0.3333108, 0.1707592, 0.6959439)
(-0.623825848, -0.325785339, 0.168128133, 0.690245)
(-0.612359762, -0.333872676, 0.170759365, 0.695978343)
(-0.6231782, -0.324166715, 0.16455543, 0.6924495)
(-0.61161083, -0.332390845, 0.167593822, 0.6981123)
(-0.622327149, -0.322917163, 0.161441445, 0.6945286)
(-0.611199558, -0.333136171, 0.167752847, 0.6980791)
(-0.6203122, -0.3322825, 0.1737968, 0.6889091)
(-0.616596639, -0.325813174, 0.1600797, 0.6985906)
(-0.620586455, -0.331661016, 0.172666952, 0.689245641)
(-0.6136905, -0.328554958, 0.1617925, 0.6994704)
(-0.6110235, -0.339482874, 0.1769736, 0.692879438)
(-0.6149902, -0.328099459, 0.162064075, 0.6984791)
(-0.619691432, -0.3333491, 0.1742571, 0.6888362)
(-0.614445746, -0.328564435, 0.161956832, 0.698764443)
(-0.6194951, -0.333397269, 0.173704132, 0.6891292)
(-0.6121694, -0.331100851, 0.163392648, 0.6992308)
(-0.6099664, -0.3416329, 0.178340033, 0.6924036)
(-0.6147555, -0.3299539, 0.163592353, 0.6974551)
(-0.611597, -0.3409949, 0.178543225, 0.691226363)
(-0.6133321, -0.330711037, 0.163264185, 0.6984259)
(-0.610387, -0.341718346, 0.178251565, 0.692013443)
(-0.6145189, -0.3303115, 0.163242713, 0.697576165)
(-0.6076466, -0.342305243, 0.176702425, 0.694528)
(-0.6159233, -0.330279738, 0.1645089, 0.6960537)
(-0.6041624, -0.337952, 0.166786969, 0.702109933)
(-0.6152154, -0.331131458, 0.1652287, 0.696104467)
(-0.6194422, -0.3365215, 0.1774634, 0.686695933)
(-0.614952564, -0.330876321, 0.164403543, 0.696653247)
(-0.6207028, -0.334595859, 0.175231725, 0.6870717)
(-0.6119281, -0.334294349, 0.16696687, 0.6970748)
(-0.601610661, -0.336486369, 0.161498532, 0.70622915)
(-0.611836433, -0.33372128, 0.165481076, 0.6977838)
(-0.6228164, -0.32774803, 0.16505973, 0.6909677)
(-0.611336, -0.33497867, 0.1662686, 0.697432756)
(-0.621484458, -0.324468553, 0.157865763, 0.6953816)
(-0.6112923, -0.33588177, 0.167041481, 0.6968517)
(-0.618936837, -0.3239482, 0.154444575, 0.6986569)
(-0.6101024, -0.336026728, 0.1660259, 0.6980663)
(-0.6211565, -0.327423126, 0.161520451, 0.6934478)
(-0.609719, -0.336259782, 0.165470183, 0.6984209)
(-0.62069273, -0.3271349, 0.159822822, 0.694391668)
(-0.6096589, -0.337313324, 0.166330889, 0.6977606)
(-0.608797133, -0.3283649, 0.15123488, 0.7061662)
(-0.6112428, -0.3358887, 0.1653177, 0.697302759)
(-0.6088006, -0.32840234, 0.150999814, 0.70619607)
(-0.6135444, -0.3338921, 0.163602978, 0.696644366)
(-0.6155958, -0.341334015, 0.1775358, 0.687760055)
(-0.6129418, -0.333957136, 0.163483441, 0.6971715)
(-0.602082968, -0.3376186, 0.160209447, 0.705579758)
(-0.61190474, -0.335725, 0.165480345, 0.696762264)
(-0.6035738, -0.334670067, 0.15669395, 0.7064996)
(-0.613177061, -0.3331472, 0.16252102, 0.697577)
(-0.6222008, -0.332180619, 0.168914557, 0.68846935)
(-0.6114547, -0.3362432, 0.166173175, 0.6967425)
(-0.6113891, -0.345327884, 0.181138471, 0.6885788)
(-0.6130833, -0.33505097, 0.16607292, 0.6959091)
(-0.619452, -0.323063076, 0.1525317, 0.699030459)
(-0.613229036, -0.3352771, 0.166574478, 0.6955518)
(-0.6176049, -0.3237529, 0.15170154, 0.7005247)
(-0.612340152, -0.335867822, 0.166084841, 0.696166754)
(-0.603703141, -0.3352879, 0.157490864, 0.7059187)
(-0.611764848, -0.336334467, 0.16609785, 0.696444035)
