-6,-3,-2,0,-1,1,2,9
-7,-5,-2,0,-1,-2,-3,-4
11,4,0,0,0,-1,-3,11
-5,-4,-4,-2,-3,-2,0,-13
3,1,3,0,-2,-1,0,-6
-3,-4,1,-2,-1,1,-2,-6
-7,-3,0,-2,0,-1,-2,-4
1,-1,-2,-1,-1,0,0,0
9,-5,-6,-3,-3,-4,-5,11
-13,-6,-4,-3,-4,-2,-2,-4
0,4,2,2,2,2,6,-1
22,3,2,1,2,1,4,39
-20,6,4,-2,-1,1,-1,-23
20,3,-2,0,-1,-2,-3,-3
-5,-10,1,-1,-2,-2,-3,-5
-10,-5,-1,-1,-2,-2,-1,-5
-9,-2,-2,-2,-1,-3,0,-3
3,-5,-4,-3,-4,-3,-4,0
-3,1,-1,2,1,-3,1,15
33,4,-1,-4,0,-3,-3,3
-17,10,-1,1,1,2,1,-20
-28,-6,-2,-2,-2,-1,-3,-23
-23,1,-2,0,-3,0,3,-16
19,-1,3,1,-1,2,-1,33
15,-6,-1,1,-2,-3,-4,10
2,0,-3,-1,-1,-1,1,9
-19,-11,-5,-5,-2,-3,-4,-13
6,-6,-3,-1,-2,-2,-1,-9
9,10,1,3,-1,1,-3,-39
9,3,0,-2,0,0,5,0
-91,1,3,-1,1,2,2,20
97,14,6,2,2,1,4,46
-24,0,2,-1,0,-1,-2,13
-13,-2,-1,-2,-2,-2,-4,-12
13,-3,-7,-3,-5,-3,-6,-16
-73,-15,-7,-4,-3,-4,-1,-27
54,-13,-9,-5,-2,-3,-4,21
-39,8,6,3,1,3,9,-3
-35,-2,-1,-5,-2,-3,-10,-31
-6,10,5,3,0,2,4,-16
36,-6,-4,-2,1,-3,-4,10
23,-2,-6,-5,-2,-4,-13,-41
-21,11,5,5,2,5,13,5
33,-2,-4,-3,-2,0,1,-25
-22,-5,-6,-4,-2,0,0,7
-44,-5,-3,0,1,-3,-6,12
86,-4,-2,-1,0,-4,-6,5
-67,2,-2,-3,-2,0,1,-33
25,6,5,3,0,3,8,33
15,-3,-2,-1,-1,-2,-1,13
-20,5,1,-1,-1,0,-4,-23
-22,-16,-11,-6,-4,-5,-3,-15
-37,1,3,-1,2,1,5,7
-6,1,-1,0,-2,0,5,12
25,-4,-4,-2,-2,-3,0,-13
55,3,0,-2,-1,-3,-15,-29
-49,-1,3,1,1,2,6,38
84,11,5,2,0,2,5,22
-2,0,0,0,-1,-1,2,17
-72,-12,-5,-2,-2,-4,-8,-31
51,-11,-9,-5,-7,-9,-15,-51
50,11,10,7,5,7,24,47
41,15,5,1,2,3,0,38
-20,4,4,1,1,3,1,21
-13,-5,-5,-4,-4,-2,-4,-23
-103,-15,-7,-3,-5,-6,-16,-52
46,-1,-4,0,0,0,5,55
100,6,0,1,5,1,15,46
29,1,1,1,-3,1,-6,22
-82,-6,-2,-3,-2,-3,-8,-99
-45,-5,-4,-4,-4,-5,-3,22
42,-3,-5,-1,-2,-5,-7,30
29,15,11,5,5,9,18,-47
51,6,0,-2,-2,0,-4,25
-52,-9,-5,-2,-2,-2,-5,-41
-44,-8,-3,-3,-4,-3,-6,-2
-75,-12,-12,-6,-6,-8,-8,-32
58,6,4,2,5,-1,-7,21
2,6,5,2,2,6,14,-7
-60,-3,-3,-2,-3,-3,-12,-20
50,5,4,3,-2,1,6,14
-89,-18,-11,-7,-7,-7,-13,-54
23,10,12,7,4,5,13,68
-6,-2,-6,-3,-1,0,1,12
92,8,-4,-4,-2,-4,-14,-26
-51,13,12,7,3,14,33,68
86,-28,-18,-12,-10,-15,-26,-55
-113,25,12,5,6,13,35,39
-87,-20,-9,-5,-4,-9,-18,-35
96,28,3,-1,1,-1,4,28
-98,4,6,1,1,3,-6,-47
-37,-14,-3,0,1,0,-4,2
46,-1,-4,-1,1,-4,-6,-77
1,-16,-14,-7,-6,-9,-8,-5
-25,17,4,5,5,7,28,105
8,0,6,3,-1,-2,-24,-49
65,-1,-1,-2,0,1,10,15
-27,-15,-1,-1,-1,2,5,19
-9,-9,-10,-7,-6,-7,-2,-19
-119,-24,-10,-4,-3,-5,-10,-63
76,8,5,2,3,1,3,116
-40,-19,-16,-9,-9,-11,-24,-38
-59,30,20,9,6,12,16,-96
-8,-10,-12,-8,-9,-14,-26,-39
-37,13,14,7,6,7,17,94
-46,-23,-7,-3,-2,-5,-8,-11
-1,-21,-8,-3,-3,-6,-25,-80
17,12,3,2,1,7,33,84
8,-8,-10,-7,-5,-8,-9,-31
6,25,21,12,11,14,21,33
127,6,-7,-4,-6,-9,-22,-97
-39,-50,-18,-11,-7,-8,-4,-5
39,11,7,8,7,15,45,96
-97,-8,-3,-2,-3,-1,-14,-89
121,-22,-13,-5,-2,-11,-6,25
126,46,22,8,6,5,-5,-60
-128,-52,-27,-17,-14,-18,-39,-128
127,11,9,6,6,4,16,13
-32,-6,4,0,0,5,10,59
-96,-75,-40,-20,-17,-20,-23,21
93,101,55,25,18,24,21,46
-81,-55,-29,-16,-16,-17,-35,-126
52,-2,-12,-5,-2,2,35,117
118,59,26,9,8,8,2,12
-128,-33,-5,-2,-3,-1,-13,-73
48,-14,-26,-15,-15,-16,-8,-10
28,31,26,17,15,13,6,57
-67,-23,-12,-9,-11,-10,-38,-114
-47,1,-8,-7,-8,-16,-50,-71
98,2,11,5,5,7,14,31
-128,14,12,7,5,12,7,-49
-68,-14,-6,-2,-2,-1,10,22
54,-23,-24,-11,-10,-16,-24,6
49,38,22,15,16,26,86,127
-25,-54,-26,-14,-15,-22,-56,-118
20,36,16,7,6,5,-15,-54
-31,-68,-36,-18,-13,-16,-6,-79
-21,36,21,6,3,-1,-36,-7
-119,15,15,7,5,12,37,97
-88,-41,-23,-11,-10,-13,-16,20
34,51,11,2,2,0,8,4
-113,-13,-5,-4,-3,-7,-31,-21
-79,14,5,1,-4,-4,-29,-77
49,24,9,2,0,10,43,77
-95,-3,-3,-2,-1,0,-3,-31
-91,-16,-18,-9,-7,-10,-5,-32
18,34,19,7,7,13,24,32
40,10,5,1,1,4,21,-28
101,17,0,1,4,9,42,93
-60,16,18,8,4,8,-4,-63
91,-1,-22,-17,-17,-24,-42,-38
118,41,18,12,12,17,42,120
-128,-36,-14,-9,-10,-13,-46,-128
-21,1,7,5,6,11,33,19
86,-29,-27,-12,-9,-16,-7,27
-86,39,35,18,15,18,28,-59
-128,-16,5,3,1,2,-9,25
127,15,3,1,4,8,56,106
-111,-36,-21,-14,-10,-10,-25,-63
127,32,1,-1,1,-2,3,30
54,-6,11,9,5,8,29,30
-128,-22,-8,-3,-6,-15,-29,-77
-115,-35,-26,-15,-10,-7,-10,-41
-67,4,9,4,3,4,-6,-79
19,-3,-6,-5,-3,-3,7,57
-59,-33,-22,-14,-10,-18,-38,-60
-16,21,9,1,2,2,10,70
-91,-21,-14,-8,-9,-11,-42,-75
-47,-2,2,2,0,5,9,25
14,10,-4,-4,-5,-4,-19,-5
-91,-14,12,11,11,14,25,30
-116,-11,-12,-9,-11,-14,-31,-37
112,25,11,2,2,3,-7,-76
-84,-31,-17,-11,-8,-10,-13,13
-55,9,6,3,5,6,20,-16
-1,-11,-5,-1,-3,-10,-19,-76
-85,-18,-16,-13,-8,-13,-16,-94
-83,-13,-5,-2,-1,3,9,81
13,29,13,4,3,3,-19,-90
76,-40,-18,-9,-5,-4,30,115
-124,-2,7,9,9,9,5,23
56,5,8,3,-1,1,-13,-51
90,8,-5,-2,0,-2,2,46
-7,-20,-5,1,2,4,21,96
-28,18,10,5,4,10,26,42
-4,-5,-7,-3,-4,-7,-5,-4
102,19,11,9,6,5,5,49
-124,-7,-6,-5,-5,-14,-19,-82
25,3,0,1,3,14,25,75
-17,11,4,2,1,1,-13,-75
-67,-29,-19,-12,-12,-15,-21,-21
125,24,9,5,6,9,16,-24
-70,-5,-9,-9,-8,-15,-20,-58
32,61,25,12,9,17,20,7
-22,-24,-11,-4,-8,-13,-6,0
24,8,2,0,1,2,-14,-35
-122,-50,-19,-10,-7,-11,-11,41
127,58,11,4,4,6,36,84
-78,21,19,9,6,16,20,81
-85,-7,-6,-4,-4,-3,-5,13
82,-4,-5,-1,-1,-2,6,30
-39,-30,-16,-10,-7,-11,-22,-7
51,-2,-2,-1,1,0,3,-36
-104,-20,-6,-3,-3,-3,4,-22
77,8,-1,0,-2,-9,-22,-20
24,7,2,0,-1,1,-8,-46
-76,2,2,2,-1,2,7,-65
84,-1,-6,-3,-6,-3,-11,-20
-85,-10,-2,-1,-2,-1,8,55
41,-21,-17,-10,-11,-14,-26,-77
8,24,18,7,5,9,8,-56
-103,-19,-14,-6,-6,-13,4,31
127,58,18,10,8,18,7,-8
-76,-18,4,3,2,0,0,8
-74,-55,-33,-18,-12,-16,-10,13
36,47,23,12,10,16,18,0
1,-5,-4,-3,-5,-5,5,-43
-53,-16,-7,-2,-1,-4,-5,36
-55,7,5,2,1,2,-6,-22
-51,-22,-12,-5,-1,-6,-13,-41
10,-15,-1,0,1,-4,-10,11
-28,28,11,2,0,7,9,-39
127,5,6,6,5,5,14,71
-73,-13,-5,-6,-6,-2,-8,-63
-18,-14,-10,-5,-2,-1,8,40
-84,11,8,5,5,4,8,-11
-32,-20,-12,-10,-8,-4,-34,-45
93,28,16,8,3,-4,13,64
-14,12,0,-1,-2,3,24,11
-114,-4,4,4,3,12,5,-54
55,10,-1,-3,-5,-4,0,-49
105,-5,0,-1,8,2,-1,75
-120,-5,-2,-2,-5,-2,-14,-20
89,-14,-18,-10,-7,-14,-1,91
-4,25,18,9,7,7,6,-25
-104,-15,-1,2,2,2,17,-61
108,22,5,-2,-6,-4,-9,23
4,-20,-7,-3,-2,-2,-7,-26
1,-14,-17,-9,-8,-12,-26,-52
26,-15,-11,-7,-6,-6,-8,27
-128,-7,7,3,5,-3,-1,-71
-3,4,6,2,0,0,4,-23
-20,-9,-5,-3,-6,-2,5,35
115,15,0,2,2,1,-9,-23
-2,-10,-4,-1,-4,-1,-8,-12
-18,-12,-8,-6,-5,-1,8,16
-29,27,16,8,8,4,0,30
82,-11,-5,-3,-7,-3,-11,-84
88,5,0,1,1,2,11,70
19,-9,-5,-3,-2,-6,-2,10
-86,-30,-26,-17,-10,-13,-2,39
1,29,28,14,10,12,-2,19
-72,-5,-2,1,-2,-2,-6,-78
-43,2,-1,-3,-2,-4,-2,49
97,8,-3,0,-1,-1,-2,12
-98,-1,4,1,1,8,25,35
-25,9,6,3,3,4,8,-86
5,5,3,1,1,6,6,34
33,-5,0,1,-3,-2,4,-7
-25,-22,-18,-7,-8,-9,-7,15
88,10,8,6,8,7,25,53
-111,-11,-8,-5,-5,-6,-11,-97
6,-16,-5,-4,-3,-5,-10,19
29,-2,3,0,2,3,-4,-1
-38,-6,-12,-10,-7,-10,-11,2
-9,11,5,3,2,5,4,-3
-38,2,3,1,1,-2,1,-21
-128,-27,-15,-10,-8,-9,-6,70
-29,-7,-11,-10,-8,-11,-17,-2
127,33,21,14,11,13,12,31
15,1,1,-2,-2,-2,-3,-102
-79,-19,-10,-4,-2,-1,-4,33
4,6,-3,-4,-3,-7,-13,46
-2,28,12,7,4,7,11,47
-77,-7,-4,2,-2,0,-6,-29
-59,1,-3,-6,-3,-2,-10,-30
89,-1,6,6,5,4,3,-22
97,-23,-20,-11,-10,-12,-25,-47
-76,-2,9,6,2,1,-4,16
-59,29,10,3,2,4,14,-14
-44,-4,0,3,0,17,-6,-20
-22,-20,-11,-9,-12,-22,3,-27
50,4,-9,-8,-2,-1,-7,35
63,13,6,1,-2,-3,0,13
84,-16,-5,-2,0,-2,-6,33
53,22,8,3,0,5,3,3
-117,-37,-22,-12,-9,-10,1,-14
127,20,6,4,3,-3,-7,30
-128,29,25,13,8,14,16,9
-117,-25,-11,-6,-2,-1,-8,-5
-31,6,-2,0,-3,-7,2,-2
6,-17,-8,-4,-2,-2,0,-22
-6,-8,-6,-3,-4,-8,-10,-29
17,-3,-3,-3,0,-2,-5,5
45,7,2,2,0,3,10,-27
-111,-9,0,-1,-1,-3,-7,-34
40,-9,-4,-3,0,-3,8,46
45,5,-2,-6,-3,-7,-16,-12
-91,16,11,4,2,6,4,-40
101,0,-9,-4,-3,-3,1,-23
-11,8,-1,-3,-6,-8,-12,-51
-53,-16,-4,1,-1,-3,-7,13
-32,1,2,4,1,2,12,-19
-68,-10,-5,-7,-5,-4,-14,-73
41,0,-2,-2,0,-3,1,54
22,1,-6,-2,-2,-2,-1,-24
-29,7,12,6,6,7,14,62
-84,-17,-10,-4,-5,-7,-12,23
96,16,9,6,5,8,22,68
-128,-19,-4,-2,-3,-4,-6,-9
127,26,13,6,6,3,9,-12
6,-12,-8,-3,-5,-1,-4,3
24,-10,-7,-5,-5,-8,3,-27
34,2,4,1,2,3,-3,-12
4,7,6,2,3,5,11,57
-47,-16,-5,-3,0,0,7,26
77,7,-3,0,-5,-4,-10,-24
-64,-11,-2,0,0,1,1,12
-54,-28,-12,-4,-4,-10,-10,-32
76,26,10,3,2,8,7,48
-128,-20,-3,-3,-4,-5,-15,-78
-61,-12,-8,-4,-3,-6,-16,-22
-19,6,-4,-3,-2,-3,-2,111
94,26,8,3,0,-2,-6,-32
-128,-16,-1,-1,-1,-1,-3,-58
24,1,-2,-2,-2,-2,-1,-5
72,13,1,-2,-3,-4,-20,-44
44,3,0,2,3,13,26,7
-73,8,3,1,1,4,3,-7
52,-16,-1,1,2,0,6,-21
64,10,-1,-1,-3,-8,-12,2
-92,-2,-1,0,-2,-3,-2,-51
32,-15,-12,-6,-3,-7,2,76
-3,30,19,10,10,16,37,67
42,-10,-1,0,-4,1,3,2
-22,1,-1,1,-1,-5,-13,-32
5,-6,-8,-5,-5,-8,-21,-50
-7,-2,-1,0,1,1,17,-1
29,6,2,1,3,15,2,-19
-43,-9,-6,-4,-4,-14,-1,51
52,14,2,-1,0,-2,-2,-39
0,-16,-7,-4,-2,-4,-13,-4
51,18,13,5,2,3,-1,-51
26,-36,-18,-9,-8,-5,-7,18
-62,1,4,1,2,2,-2,-34
46,10,4,-2,0,-1,4,79
-95,-9,-5,-2,-2,-1,5,-14
-15,4,-1,-3,-2,-1,-4,22
-2,-22,-12,-6,-4,-9,-6,-39
66,10,7,4,-1,-5,0,-31
-8,14,10,3,5,18,-8,6
-13,3,0,-1,-3,-8,-4,-53
-52,-1,-2,0,-2,3,2,13
10,1,-6,-4,-5,-2,-3,-8
-26,-7,-7,-4,-2,-6,-2,-23
45,3,7,2,1,3,1,-14
-48,1,5,5,4,5,16,63
29,2,-9,-7,-6,-6,-17,-62
-1,-24,-11,-5,-4,5,9,-20
-79,18,10,4,3,-1,2,-20
-53,-11,-6,-7,-3,-7,5,26
0,2,-2,-1,-4,-3,-15,0
78,-5,-5,-1,-1,-1,17,33
-56,7,4,0,0,3,-1,3
-18,-19,-20,-11,-9,-9,-13,7
52,49,31,11,12,14,4,20
-114,-16,-4,-4,-1,-3,-7,14
127,-7,-9,-3,-4,-4,-2,-21
63,20,14,7,4,7,-7,13
29,-2,-9,-6,-4,-3,0,48
-15,0,0,-1,-3,-13,-4,-69
-35,2,0,-1,0,1,-1,-8
14,-4,-2,-2,-2,0,7,-50
-68,-18,-8,-4,-3,1,-4,-13
115,7,-2,0,-6,-12,-11,-24
-127,-21,-9,-3,-1,-4,-7,-11
127,19,4,2,0,0,-8,-49
-110,-20,-5,-3,-3,-6,-2,-2
-2,3,0,-2,0,2,10,97
-88,-25,-10,1,-3,-4,-10,-45
90,24,13,4,6,9,17,73
-122,-22,-12,-6,-8,-7,-20,-15
-107,-13,-11,-9,-6,-11,-15,-64
127,27,25,13,12,16,19,124
-101,-20,-9,-6,-7,-9,-6,53
25,-9,-11,-6,-4,-6,-6,-3
72,13,6,2,0,1,4,65
-57,5,1,1,2,1,-3,-54
58,1,-4,-4,-5,-9,-13,-115
49,-6,-1,2,1,4,11,27
-42,-14,-6,-2,-2,-4,-10,-37
1,-4,-7,-6,-5,-2,-4,-27
-65,-3,-2,-1,-2,-2,-12,-86
-38,1,2,2,3,7,21,23
56,13,3,0,1,0,-3,-22
-67,-3,2,0,0,3,-3,-45
-4,-12,-9,-4,-4,-8,-10,21
-7,-1,4,3,3,-3,-14,-94
-70,-6,-5,-5,-3,-2,-7,-20
-32,21,12,4,3,8,20,52
66,11,3,3,0,-1,13,47
-63,0,-6,-5,-4,-2,3,-15
-31,-16,-5,-2,-3,-5,-2,19
124,29,8,-2,0,1,-10,41
-64,-3,0,0,-1,1,-2,-36
-41,2,0,-1,-2,2,11,-44
10,0,-7,-7,-5,-2,5,22
48,-11,-12,-7,-6,-10,-14,-54
37,20,15,8,5,6,3,17
34,-16,-16,-10,-7,-12,-18,6
-47,34,24,14,13,15,37,84
40,-10,-8,-4,-2,-6,-7,1
34,-10,-1,-1,0,0,-4,12
24,5,1,-2,-4,-4,-14,-57
51,-13,-10,-4,-2,-3,8,71
9,14,7,2,2,6,-1,-63
-53,-5,-4,-3,-3,-1,0,-12
-82,-17,-9,-3,-3,-4,0,55
-70,-7,-7,-3,-3,-8,-18,-74
79,29,15,4,2,5,2,47
-116,-18,-13,-9,-5,-8,-16,-40
-88,-2,7,5,3,3,9,-40
37,18,-1,-4,-5,10,2,56
-91,-43,-23,-10,-8,-12,-8,-63
90,47,33,18,14,22,29,59
20,2,-4,-4,-4,-3,-5,-5
-88,-14,-5,-2,-1,-4,-7,22
7,-11,-12,-4,-6,-7,-7,44
-12,-6,-5,-4,-3,-1,6,31
-20,-3,3,1,3,1,0,-7
90,18,8,3,0,-5,-13,-64
-55,-6,-7,-5,-4,-7,-6,-24
-82,-17,-10,-8,-5,-4,-1,-27
77,-1,0,0,-1,-4,0,34
-128,-7,11,10,6,4,-10,-119
44,-3,-4,-4,-2,-3,-1,30
-61,-6,-7,-3,-6,-7,-18,-18
127,5,-7,-3,-2,2,10,57
-89,14,14,4,5,2,-16,-120
-74,-6,3,3,1,3,18,103
53,-7,-7,-3,-4,-3,-5,23
-74,-10,-6,-3,-2,-3,-1,5
-36,-30,-17,-12,-6,-7,3,-4
73,38,16,4,2,1,-7,6
-44,-8,-7,-5,-3,-5,-6,-51
-37,9,4,3,0,0,5,68
121,0,0,0,0,0,9,72
50,-17,-8,-6,-4,-7,-10,-50
-32,-7,-4,-3,-5,-5,-6,-49
102,9,1,0,-1,-5,-9,15
-37,-6,-1,-2,-1,1,5,7
-84,-11,-2,-2,-1,3,-2,-41
33,-2,-2,-3,0,1,1,-1
-5,13,8,5,3,5,13,27
-77,-20,-18,-10,-7,-10,-3,-13
127,-4,-6,0,0,-2,-6,-66
-97,3,8,1,4,5,1,-26
-60,-11,-5,-3,-3,-3,-13,-20
121,18,2,3,1,-2,2,26
-91,-18,-16,-9,-8,-9,3,25
39,13,12,8,8,4,-2,13
-39,-1,-2,-3,-2,-1,-3,-32
-9,-5,0,1,1,2,-1,-35
-17,-8,-3,-1,-3,-4,-3,48
16,-6,-9,-2,-4,-7,3,37
83,9,6,-1,-1,-3,0,-3
-74,-6,1,-1,-3,-1,-8,-27
29,16,9,3,5,10,22,-18
101,1,-8,-4,-3,-1,15,101
63,13,7,2,0,2,-5,-11
34,-5,-5,-2,-3,0,-3,-22
-74,-9,-4,0,-3,-4,-13,3
-23,-7,-5,-3,-1,-5,-3,-44
-31,-9,-2,-3,-2,-2,-4,-36
-84,8,2,1,0,-2,-4,-5
-22,8,8,3,2,4,-1,8
-7,-11,-9,-8,-7,-7,-11,-40
8,-2,-5,-4,-2,1,16,47
14,-11,-6,-2,-2,-4,-1,33
11,-14,-6,0,-2,-4,0,6
-56,-2,1,1,-2,1,5,-8
-120,0,11,9,7,7,-2,-47
127,15,1,-6,-3,-3,-2,-17
-21,10,2,0,0,3,17,81
3,-21,-13,-6,-4,-5,-5,27
-82,-5,-1,1,0,0,-1,-48
-41,13,6,2,1,1,3,89
-15,-3,-3,-1,-2,-4,-16,-27
-102,-6,-3,-1,0,0,-1,58
103,10,-3,-2,0,1,4,-34
-36,-8,-2,1,1,1,4,69
-38,-1,-1,-2,-3,-1,1,-41
4,3,2,1,0,3,5,72
83,14,-2,-4,-5,-7,-8,0
30,-13,-3,-1,-1,-3,0,-16
34,-6,1,-1,-2,0,-1,-5
-89,2,6,4,3,3,-12,-58
-103,1,-2,-2,-3,-4,-3,7
106,6,5,2,3,3,1,-18
-105,8,8,3,3,4,6,7
39,-3,-4,-5,-6,-3,-5,-36
-22,-9,-9,-3,4,-1,-2,-9
-128,-19,-8,-2,-4,-3,-2,-12
115,15,1,-2,3,-2,-5,-36
76,13,8,5,0,1,4,-23
-75,-20,-5,-1,-4,-3,-7,-15
79,10,4,2,4,4,25,59
-94,-14,-6,-4,-4,-6,-10,-3
41,28,8,2,1,4,8,-8
28,-8,-5,-4,-4,-2,7,61
-26,-16,-1,1,2,2,-15,-21
-61,14,5,-4,-4,0,-1,53
0,10,4,2,3,-1,-3,-4
-8,-8,-1,1,-2,-2,-4,-20
-31,-11,-8,-8,-9,-6,1,23
-23,-7,-9,-4,0,-1,7,17
26,6,6,0,-1,-3,-16,-65
-8,1,2,0,-1,0,-6,23
-47,0,-7,-5,-6,-5,-5,-20
-73,-9,-2,-1,-1,0,1,-84
73,-4,-4,-3,0,-3,1,32
99,-6,1,1,1,5,1,-34
58,13,4,0,-4,-5,-5,-20
-62,-18,-7,-2,-2,-2,-1,-9
-46,-10,-4,-1,2,-1,8,18
-84,12,5,1,-1,0,-12,-28
-69,-8,-11,-8,-4,5,0,-25
-10,-5,0,2,2,0,0,-3
-84,-3,-6,-2,-3,-2,-9,-42
-11,-1,-2,0,-1,0,18,63
-78,-10,-7,-5,-3,-4,-8,12
86,21,5,0,0,-2,-3,23
-9,0,4,3,1,4,2,7
-69,-5,-2,-4,-6,-6,-9,-65
-2,3,2,4,3,-1,-5,-41
48,0,-4,-2,-2,-2,3,6
92,-15,-12,-5,-3,-5,2,-9
-5,14,11,4,5,7,3,-31
-28,-15,-7,-4,-2,-7,-3,8
80,7,5,5,3,3,2,28
-85,-12,-5,-6,-5,-2,-5,-23
19,-4,-6,1,-2,-2,-1,97
123,17,8,2,5,2,4,-36
-107,-20,-13,-5,-4,-5,-6,-50
-47,12,6,-2,-1,-3,-13,-9
104,2,1,2,2,4,16,43
3,-6,-6,-4,-4,-5,-10,-11
-52,-1,-3,-3,-2,-5,0,-18
122,0,-2,1,2,1,8,60
-80,7,8,1,0,0,1,-32
-48,-11,-4,-2,-4,0,7,-12
0,2,4,0,1,4,-10,5
-86,-9,-6,-2,-2,-4,-1,31
110,-1,-9,-5,-2,-7,-12,-20
-128,6,6,4,4,7,15,12
88,4,-1,-1,-3,-3,-2,28
-70,-5,2,0,-1,2,17,-5
-6,-1,-7,-4,-4,-4,-9,-9
-32,-23,-9,-6,-3,-5,-7,1
-2,10,4,0,3,3,-1,-16
-67,6,6,5,-1,-3,2,-74
-63,-15,-8,-6,-4,-7,-4,-10
77,-7,-8,-2,-4,-4,-18,-26
70,18,9,2,2,15,23,88
38,-8,-4,0,0,0,-9,51
-118,-3,2,2,-1,0,4,-19
-2,3,-3,-2,-3,-5,-9,-15
70,7,-3,0,-2,-4,-5,-10
-55,-23,-10,-6,-4,-5,-17,-65
115,24,6,1,2,7,18,94
-61,0,0,0,0,0,3,-27
-111,-21,-1,0,0,-3,-7,-42
26,18,1,-2,-5,-4,-5,15
59,-4,0,1,0,1,5,37
-53,3,5,2,0,-2,-13,-27
39,1,-4,-4,-3,-6,2,-77
4,1,1,1,5,5,12,93
58,-25,-17,-7,-4,-9,-15,-29
53,19,15,6,4,6,8,-17
22,-8,-4,-3,-3,0,3,2
-29,2,-3,-3,-2,0,-3,-63
-53,-9,-6,-6,-5,-4,-10,1
-69,-30,-11,-3,-2,-5,-2,51
80,42,16,8,8,12,18,-9
-62,-15,-1,-3,-5,-7,11,29
-30,14,5,0,0,2,-6,-45
82,-7,-15,-10,-8,-8,-8,39
-91,2,9,8,6,2,-2,16
74,14,1,-1,-3,-2,-2,-21
-51,-9,0,0,2,0,2,-14
-43,13,5,3,1,1,8,63
64,-26,-18,-8,-5,-9,-6,49
-8,11,5,3,1,1,-6,-64
-90,8,8,3,2,0,-1,16
23,-5,-8,-3,-5,-3,-4,-5
-120,-17,-8,-7,-3,-6,3,34
-2,-28,-8,-4,1,6,-12,-57
91,39,15,4,2,4,7,-25
-123,-5,-4,-2,-4,-3,-7,11
4,-10,-3,0,-2,-3,-5,-12
-17,-3,-5,-1,-2,0,6,46
-45,-3,-1,0,-1,1,0,-10
34,3,5,4,3,4,4,-70
36,1,-3,-6,-7,-5,-18,-51
13,4,-2,-1,1,1,13,109
-59,-16,-7,-2,-5,-4,0,-7
51,20,5,4,2,0,-3,-34
-104,-28,-12,-7,-6,-7,-5,-3
104,25,9,4,5,5,-1,-19
-93,-13,2,0,-1,-3,-3,-45
28,-12,-8,-4,-2,-3,7,1
-72,2,5,5,1,0,0,-32
24,-10,-6,-2,-4,-5,-8,28
-66,-11,-8,-3,-3,-4,-6,-13
-17,6,2,-3,-3,-1,-9,-64
99,12,-1,0,-2,-2,1,14
-41,-4,-4,-1,-3,-3,-1,12
-42,-10,-4,-2,-1,-1,0,16
63,7,4,0,1,1,5,34
-71,5,-1,0,2,0,-12,-34
46,0,-5,-3,0,1,8,-11
1,-5,-4,-2,-2,-3,-15,-48
67,1,1,0,1,1,13,41
-13,1,5,0,-1,0,1,-15
-83,-5,-5,0,-2,-4,2,16
98,-8,-10,-5,-4,-1,11,3
-8,12,9,8,3,4,3,-2
17,1,-6,-3,-5,-3,3,59
23,2,8,4,4,0,-2,-13
-10,-14,-13,-9,-6,-9,-6,45
-18,2,8,1,3,7,4,6
87,0,-2,-1,-2,-3,-2,-13
1,-13,-6,-5,-5,-7,-23,-122
43,19,13,8,8,14,39,69
-62,-5,-6,-6,-4,-5,-11,-41
-18,-3,-1,-3,-3,0,-1,-4
-97,-14,-10,-4,-6,-3,-4,-1
126,21,2,0,0,-2,-15,-32
-91,-1,-2,0,-2,-1,0,-24
-51,-10,-3,-3,0,0,-1,6
-122,-18,-9,-3,-4,-7,-9,-25
34,17,4,0,0,-1,4,63
-84,19,19,9,5,9,6,-49
-23,-13,-7,-5,-5,-8,-11,-27
26,5,3,2,-1,1,11,27
-68,-19,-10,-4,-4,-6,-13,-1
78,-4,-10,-3,-2,-4,-8,3
-45,-5,-2,3,-1,1,1,5
-65,-4,-2,-6,-1,-6,14,76
86,30,21,11,4,22,-3,-48
-50,-16,-15,-10,-8,-7,-6,2
26,2,4,1,2,2,-1,-7
-32,2,2,0,0,-1,-8,27
3,-13,-8,-2,-3,-10,1,-28
48,-1,-4,-4,1,0,1,19
-66,4,2,-1,0,3,-1,4
127,9,3,1,2,1,-1,-86
-7,-3,-1,-3,-2,1,-5,9
45,-5,-6,-4,-5,-13,-5,22
-69,-9,-6,-4,-2,-5,-3,-2
81,8,3,1,2,5,7,33
-128,-23,-8,-5,-1,-1,7,-12
52,31,14,9,5,7,-3,0
103,6,2,1,-2,1,7,68
-108,-6,-2,-2,-2,0,1,-20
27,-2,-4,-4,0,-4,0,17
-21,-15,-6,-3,-5,-3,-1,24
-16,6,2,1,1,-2,5,-8
12,1,-1,-4,-1,4,-2,-70
80,13,3,1,1,-4,-4,22
-116,-22,-6,-6,-2,-3,7,33
13,7,3,3,3,4,-2,-35
52,19,6,2,-1,2,1,-6
-62,-6,-4,-2,-4,-4,-9,-31
-12,-6,-5,-4,-3,0,-2,-44
-112,-31,-13,-8,-6,-7,-15,8
125,44,20,8,7,2,6,13
-60,-8,-1,-4,-6,-5,-8,-60
-10,-1,0,0,0,-1,-16,-41
-77,-9,-8,-3,-3,-4,2,4
27,-11,-9,-5,-5,-6,-8,46
29,14,9,7,4,5,5,1
47,3,-2,-4,-3,0,2,7
-62,-8,-1,0,1,0,-2,-36
69,7,0,2,-3,-1,4,72
-108,-19,-5,-1,-2,-6,-5,30
26,-4,-3,-3,-2,6,2,41
-8,12,7,-1,1,-1,4,-19
-128,-35,-16,-7,-6,-8,-12,-24
85,18,1,0,1,-5,-9,-72
-63,7,13,7,5,8,0,-24
22,-2,-3,0,-1,2,3,34
-100,-10,-3,-2,-5,-6,-9,9
20,-10,-7,-5,-4,-1,3,-77
10,-9,-4,-3,-2,-6,-3,-2
127,4,-5,-2,-3,-5,-10,-56
-21,11,5,1,5,6,12,37
-12,-2,-1,-1,-1,1,7,40
-87,-14,-9,-4,-4,-8,3,5
93,19,7,5,4,2,-5,-46
-79,7,9,2,-1,5,1,-33
-54,-11,-5,-1,-4,-6,-6,48
-21,13,4,-2,1,6,8,-25
-56,-33,-16,-6,-5,-4,-3,1
121,26,9,4,4,1,4,50
-44,0,2,0,0,1,-7,-22
-7,-16,-9,-3,-6,-9,-2,29
-17,-2,-7,-6,-4,-4,-2,18
54,-8,-4,-3,-1,0,-2,-61
4,-9,-3,-2,-1,-2,-7,-11
-40,8,2,2,2,-1,-3,10
64,12,8,1,1,2,10,36
-31,-17,-11,-4,-6,-6,-11,-67
73,-7,-3,-4,-1,-4,0,6
-41,0,-1,-1,-1,-2,0,28
6,13,11,5,3,4,1,-31
-106,-29,-21,-12,-9,-11,-15,6
47,13,7,5,3,4,4,-19
72,8,8,4,2,1,2,-9
-64,-1,3,-4,-1,-1,-4,1
25,-12,-17,-7,-3,-3,-3,-17
-109,-8,-8,-4,-2,-1,1,18
13,-11,-8,-3,-2,-5,-4,19
-42,16,13,5,1,5,2,-14
57,6,10,4,1,4,6,51
28,-12,-11,-4,-3,-7,-3,14
-29,8,8,6,1,3,-4,-44
-44,-2,-7,-3,-2,-1,4,95
-17,2,1,1,1,2,4,9
-39,-2,-2,-2,-3,-2,0,16
37,14,2,0,1,2,5,-2
69,-3,-2,-2,-1,-1,5,-4
-23,5,9,3,1,6,11,-27
-99,-11,-7,-4,-4,-5,-6,19
102,29,6,1,1,1,-5,-14
40,-4,0,-1,1,-2,-7,-17
2,2,2,1,2,3,13,33
-60,-7,-7,-6,-4,-6,-3,25
-5,-9,-5,-1,0,-2,-3,-2
-128,-23,-9,-3,-4,-7,-9,-42
116,20,7,-3,-1,-2,-6,53
-58,9,3,-1,-1,4,-11,-95
38,-12,-10,-7,-6,-7,-8,3
48,8,4,5,2,3,4,-11
-91,-11,-1,2,-2,-4,-6,-17
-22,0,-2,-4,-3,-1,-7,-47
-13,-10,-5,-1,-2,-2,-2,-10
-20,-4,-3,-4,-1,-1,4,9
77,-2,-6,-4,-4,-8,-13,-31
-56,11,7,4,1,0,-3,20
-63,-9,-6,-6,-5,-5,-3,-17
12,5,5,4,4,4,7,-13
-89,-9,-6,-3,-2,-3,-5,11
50,3,5,2,3,3,11,84
-22,-16,-9,-4,-2,-4,-10,-26
11,20,3,1,1,2,3,26
-98,-4,0,-3,-1,0,2,14
83,14,5,4,2,3,8,33
-82,1,2,-1,1,2,8,6
24,-8,-5,-2,-2,-4,0,-29
-64,-4,-5,1,-2,-2,-8,-11
62,-2,-6,-5,-3,-9,-1,18
90,13,7,1,6,13,40,68
-99,-13,-8,-4,-6,-6,-12,-41
90,5,5,4,2,1,0,-19
-9,-10,-5,-5,-4,-5,0,-6
-36,-1,-3,0,-4,-5,-11,-29
-15,1,0,-3,0,3,3,32
-63,-18,-11,-5,-3,-4,0,-1
-79,-1,1,1,0,3,-13,-48
127,7,4,2,-1,0,-9,-13
-8,1,1,-2,-3,1,4,13
-72,-8,-6,-1,-1,-3,-4,-25
-94,-7,-10,-6,-4,-6,-9,-96
14,-6,1,1,0,-1,-4,76
-24,-2,1,2,-1,-3,-3,-19
-16,19,7,3,2,4,6,-52
-18,-10,-3,-2,-4,-1,1,12
-128,-9,-2,-5,1,0,-4,-51
117,4,-7,-6,-4,-6,-8,38
-57,12,8,7,5,6,6,-9
99,8,3,1,3,4,6,14
-40,-7,-2,-3,-4,-4,-12,-9
-24,-19,-14,-6,-4,-3,1,-1
95,9,2,-1,-2,-1,-8,13
36,3,3,4,4,2,4,51
-59,0,-1,-2,-2,-1,-9,-51
51,-9,-8,-5,-4,-4,2,50
-4,-9,1,0,0,2,-2,-51
-8,9,1,-1,-3,-1,6,87
-58,-11,-7,-1,-2,-6,-3,-7
-52,-3,1,2,1,1,-1,-35
33,0,-5,-4,-2,-3,-6,8
81,0,2,1,0,3,6,-3
-4,3,1,-1,-1,1,4,24
-15,4,0,0,-2,-2,1,1
-17,4,4,0,0,0,3,-36
-72,-31,-22,-11,-8,-10,-13,14
127,43,22,13,9,10,10,47
12,-12,-7,-3,-2,-2,-4,-3
-83,4,-2,-3,-4,-7,-8,29
31,1,0,-2,-2,-2,0,-13
-35,-18,-9,-4,-5,-3,-8,-8
-29,5,1,0,-2,-1,-10,-73
36,-9,-5,-3,-1,-3,-5,39
-30,-2,-1,-1,-1,0,13,-7
89,-5,-2,-1,-2,-2,2,-49
-107,0,6,1,1,-3,-15,16
-34,-3,-2,0,-2,-1,11,-39
-16,7,5,3,2,-5,-2,-39
-14,-14,-8,-6,-4,7,0,-18
-14,1,-1,0,-2,-4,-5,4
-45,-15,-8,-4,-1,-1,5,-17
12,15,9,2,3,4,-8,-17
-42,6,6,0,1,1,9,49
48,-3,-4,-1,-2,-2,2,4
31,2,0,-1,-3,-1,-6,17
48,-7,-3,-1,-2,0,2,-2
-79,3,0,1,-2,-2,-5,5
-14,-2,-5,-6,0,2,1,-32
61,5,2,0,1,3,11,-8
-33,-14,-6,-2,-4,-4,-12,-2
-3,5,1,0,-1,-1,3,2
71,4,3,2,-1,-4,-3,8
-20,-3,-1,0,-1,1,-1,14
-6,3,-1,-4,-1,2,-1,-75
-114,-21,-11,-4,-2,-7,-9,15
80,22,8,3,4,0,5,13
-81,-3,2,-2,-1,2,-2,5
-36,-4,-3,-1,-3,0,-2,-22
-52,-10,-6,-2,-3,-7,-5,6
53,9,5,1,1,5,8,-19
18,-2,-4,-1,-2,-8,-10,5
2,2,4,2,-1,-2,-2,11
24,-12,-9,-4,-3,-5,-7,-39
-66,-18,-8,-2,-3,-3,3,22
-25,30,13,3,4,6,-10,-11
-90,-2,1,2,-2,1,10,42
21,4,-2,-1,-3,-5,6,25
-63,-14,-4,1,-2,0,-4,5
2,-13,-11,-5,-5,-2,0,7
41,-1,-2,-3,1,1,-5,-2
8,1,-1,-1,-1,-5,0,-23
14,16,11,4,3,4,4,45
-52,-11,-4,-3,-2,-4,-3,-30
-89,-4,1,5,2,1,5,59
116,29,3,-3,0,2,2,40
-104,-7,0,-3,-2,1,-3,-11
-75,-1,-3,0,-3,-1,-1,-57
-26,-8,-5,-3,-2,-1,3,37
-25,-9,-2,1,-1,0,-7,-14
31,9,1,-3,-2,-2,-4,3
55,-6,-4,-1,-1,-3,-2,47
-85,-5,1,3,3,2,-2,-70
90,24,10,4,5,8,19,57
-74,-6,-5,-5,-5,-2,0,-3
39,-10,-8,-4,-3,-7,-2,13
-4,5,0,-1,-1,0,-2,-28
-88,-10,-5,-3,-1,-1,-4,-16
52,1,-6,0,-3,-3,0,12
71,8,10,6,6,6,16,-5
-10,4,2,-1,-3,0,-7,11
-19,-10,-6,-4,-4,-1,0,-4
-54,-10,-5,0,-1,0,-4,-35
-41,-8,-3,-3,1,1,-1,29
27,11,0,-1,-2,-4,-10,-18
70,1,5,3,3,7,20,55
-15,-7,-8,-4,-4,-5,-7,-3
16,-6,-4,-2,-2,5,-5,6
-33,0,-3,-2,-3,-2,4,7
-31,-10,-4,-4,-3,-6,-15,-31
-25,1,3,3,2,3,10,-9
-62,0,3,0,-2,1,-5,-22
125,6,-2,-1,-2,-6,3,71
-43,-18,-15,-8,-7,-4,-4,-80
-76,20,22,9,7,8,12,18
-38,-7,-2,0,-3,-2,-4,63
-4,-4,0,1,0,1,-2,-21
-123,-19,-10,-4,-2,-5,-13,-21
121,8,-3,-2,-1,-2,-4,-7
-27,-6,-6,-4,-3,-3,8,-17
58,-2,4,5,4,3,-4,-68
-38,10,7,-1,0,0,7,5
-128,-15,-6,-5,-4,-2,-4,-13
57,7,-3,-1,-2,-5,-9,-5
-29,-8,-4,-2,-1,-2,5,14
-49,-10,-7,-6,-5,-2,-12,-47
-14,10,9,3,3,3,0,45
13,-9,-4,-5,-3,-4,9,-31
26,4,2,1,-1,1,-8,1
-19,2,-1,2,-3,-3,-7,-20
-58,-24,-14,-4,-5,-5,-2,-2
59,29,11,7,3,4,9,75
-70,2,4,-1,1,-4,6,8
50,4,1,0,-2,8,4,34
-76,-13,-9,-6,-5,-8,-14,-82
50,-1,1,2,0,1,1,69
40,12,0,-1,-2,-3,0,-32
-64,-8,-6,-2,-1,-7,-2,39
104,7,-2,-2,-1,-3,-1,-25
-86,-10,-5,-3,-4,-4,-18,-98
-31,2,1,1,2,10,14,50
54,4,2,1,-1,-11,-3,-3
-29,-11,-10,-8,-6,-6,-9,25
-27,5,1,-3,0,-3,-1,-33
-15,-7,-2,-1,-2,0,-1,-66
-73,-7,3,-1,1,4,5,12
127,22,6,1,0,1,5,17
-60,-5,-2,0,-1,-2,2,-2
-107,-13,-10,-5,-7,-5,-8,38
68,4,0,0,0,-1,-7,9
-28,-8,-2,-1,1,-3,-9,-92
-42,2,0,-1,-5,-4,-11,5
97,7,3,-1,-2,-2,4,2
-39,-14,-4,-1,0,9,-6,-9
-42,-1,-5,-7,-3,-6,-7,21
39,4,4,4,4,3,6,3
-4,-9,-2,-3,2,1,3,-14
-36,-2,-1,-1,0,-2,4,-20
-28,-2,1,1,1,2,5,-5
11,-6,-4,-2,0,2,-4,35
-74,-16,-10,-6,-6,-7,-10,-33
85,31,12,5,1,3,5,18
-2,-8,1,-5,-1,3,5,38
0,4,-3,-2,-3,-5,-5,-32
-18,-10,-7,-3,-2,-3,4,9
-47,-6,-5,-4,1,0,12,27
26,33,17,12,6,8,9,38
-6,-14,-8,-5,-4,3,-3,-29
95,11,7,4,0,-3,-8,4
-75,-12,-6,-2,-5,-4,-4,-28
93,-3,-3,1,0,-3,0,24
-46,-9,-5,-6,-3,1,6,5
-15,3,-2,1,-2,-4,-10,9
101,9,5,2,1,8,-9,-8
35,-12,-9,-5,-4,-10,-14,-18
-61,-2,2,2,0,-3,-1,-44
-113,-15,0,-1,2,3,-5,-10
71,27,10,4,1,-4,-6,-50
-47,-10,-3,-2,-4,0,-2,34
-111,-9,-8,-5,-2,-7,-12,-32
55,-10,-3,-1,-4,-10,-11,9
-43,13,7,-2,2,5,0,-48
-38,-9,-4,-3,-3,2,2,-6
127,10,4,2,2,-1,5,12
-53,-2,-4,-1,-2,3,5,3
-57,-20,-12,-8,-5,-11,-22,-64
112,16,4,4,5,6,27,66
-111,-8,0,-1,1,1,5,-6
18,21,9,3,3,18,18,66
-96,-15,-6,-1,-7,-11,-14,-50
-47,-13,-5,-3,-4,-2,-3,24
85,0,-2,-1,-2,-1,5,-25
61,8,1,0,0,1,-7,-45
58,2,4,2,0,0,10,59
-10,-3,-4,-4,-2,-2,1,4
44,-9,-2,-1,-2,0,7,-20
-122,3,1,-1,-2,-5,-6,-57
25,13,3,1,-1,2,1,34
-54,-11,-8,-5,-6,-9,-15,-106
3,-2,-3,-4,-1,2,15,121
47,13,4,2,2,-1,10,59
-90,-7,-6,-3,-1,0,4,-15
80,15,8,6,4,4,-4,-41
-53,-10,-6,-3,-6,-5,-12,1
19,3,3,0,3,4,24,42
-68,-1,2,4,3,3,8,2
56,5,-5,-5,-5,-4,-9,-26
71,3,1,0,-1,-2,-8,7
-13,-6,-6,-3,-3,-7,-21,-45
10,-3,-2,-1,-1,0,6,5
-4,25,14,7,6,7,23,87
-92,5,4,4,0,4,-8,-60
-14,-8,-6,-3,-4,-4,-1,-18
-128,-34,-20,-13,-9,-12,-14,9
66,12,9,7,4,5,-16,-34
39,17,12,2,4,7,21,62
-47,-8,-4,-4,-4,-3,-4,-23
14,-6,-4,-2,-3,-6,-1,31
-1,-14,-7,-3,-4,-5,-1,-2
30,-2,-4,-1,2,-1,-3,-15
-104,-3,0,1,1,3,0,22
127,0,2,1,1,3,-3,-30
-128,-22,-16,-8,-8,-9,-19,-29
44,11,9,5,4,6,24,40
127,13,1,-5,-3,-6,-6,-30
14,1,3,2,1,0,-3,-5
-61,-7,-2,-6,-2,-3,3,-7
-16,-13,-8,-4,-4,-6,-11,3
-33,-6,-8,-3,-2,-1,-6,12
101,16,4,2,1,4,11,29
-109,-6,1,0,0,-1,6,21
-2,-6,-6,-4,-3,-7,-11,-13
-5,-8,1,1,1,0,-1,-4
-16,15,3,1,1,2,1,41
-111,-8,0,-3,-2,-2,-9,-93
