(0, 0, 0, 0)
(-0.618858635, -0.406161278, -0.287219733, 0.6079077)
(-0.622049, -0.3949203, -0.2989346, 0.6064084)
(-0.6223971, -0.407704562, -0.285247356, 0.6041794)
(-0.6192872, -0.395324618, -0.2989579, 0.6089549)
(-0.6218923, -0.408043981, -0.2848966, 0.6046354)
(-0.617516041, -0.395890623, -0.2985415, 0.610587955)
(-0.6224478, -0.40802443, -0.2846663, 0.6041854)
(-0.6171618, -0.396269023, -0.297883362, 0.6110219)
(-0.6188315, -0.409053, -0.283718556, 0.607640445)
(-0.620370865, -0.397342116, -0.296278119, 0.607847452)
(-0.623117268, -0.4101487, -0.282253563, 0.603188038)
(-0.6199922, -0.39788866, -0.295953244, 0.6080345)
(-0.619258165, -0.4105196, -0.282393664, 0.6068334)
(-0.620600462, -0.398617417, -0.294889539, 0.6074531)
(-0.614968, -0.4089064, -0.284524441, 0.6112739)
(-0.6216148, -0.400205731, -0.293021977, 0.606274366)
(-0.613524437, -0.40832907, -0.28551212, 0.6126483)
(-0.620581746, -0.400623441, -0.292848736, 0.6071398)
(-0.608965635, -0.397787571, -0.2975386, 0.618382335)
(-0.619917154, -0.400906384, -0.292862535, 0.607625067)
(-0.608721, -0.40213728, -0.293148756, 0.6179062)
(-0.6198307, -0.402000636, -0.291840345, 0.607482135)
(-0.60844624, -0.39840892, -0.2972007, 0.618656)
(-0.618672967, -0.404589266, -0.2888521, 0.6083714)
(-0.6135431, -0.392629027, -0.3022854, 0.614842057)
(-0.6205355, -0.403746128, -0.28934902, 0.6067965)
(-0.6111191, -0.4098048, -0.283934355, 0.6147965)
(-0.619678, -0.403381467, -0.289383948, 0.6078976)
(-0.6080925, -0.402850479, -0.2913442, 0.6189132)
(-0.618980467, -0.4021758, -0.290448368, 0.6088987)
(-0.624079347, -0.392251849, -0.300262958, 0.605397)
(-0.625139654, -0.405254036, -0.2863665, 0.6024648)
(-0.6218512, -0.393188149, -0.2996756, 0.607370257)
(-0.6177423, -0.406224251, -0.28638503, 0.60939306)
(-0.605900943, -0.412176043, -0.2814357, 0.619506955)
(-0.6093267, -0.4028343, -0.291408777, 0.6176782)
(-0.618587, -0.4106995, -0.282236278, 0.607469141)
(-0.6224618, -0.402350247, -0.291866273, 0.6045408)
(-0.6127853, -0.413460642, -0.28205213, 0.611548066)
(-0.5979965, -0.417371631, -0.279298931, 0.6246546)
(-0.5833859, -0.415068477, -0.282084674, 0.6385979)
(-0.5920341, -0.410838276, -0.284097552, 0.6324526)
(-0.598359764, -0.403016657, -0.29168126, 0.6280647)
(-0.5972152, -0.41585362, -0.2767575, 0.62753886)
(-0.584758937, -0.420719773, -0.270353168, 0.6387183)
(-0.5751082, -0.4098543, -0.281448215, 0.649659038)
(-0.584223449, -0.404368967, -0.285809815, 0.6430253)
(-0.595523357, -0.4037188, -0.285851479, 0.6329708)
(-0.5968777, -0.416246057, -0.27172938, 0.6297932)
(-0.5844986, -0.4186109, -0.2693364, 0.6407684)
(-0.578326, -0.406407118, -0.282253027, 0.648618162)
(-0.5880679, -0.400110573, -0.286922, 0.641688049)
(-0.6002538, -0.403963447, -0.28049612, 0.6307384)
(-0.5921912, -0.4104984, -0.2737563, 0.637069941)
(-0.5815811, -0.414016, -0.270410657, 0.6459351)
(-0.5915779, -0.4090803, -0.274488032, 0.638236)
(-0.59974277, -0.401906461, -0.281909019, 0.631907463)
(-0.5967012, -0.413068563, -0.270092726, 0.6327496)
(-0.5852977, -0.4146918, -0.270036, 0.6422911)
(-0.595627844, -0.4114326, -0.272447139, 0.633816361)
(-0.58498317, -0.404876083, -0.281660438, 0.643845856)
(-0.594894469, -0.4131633, -0.27082485, 0.63407445)
(-0.5862282, -0.403969646, -0.283166766, 0.6426209)
(-0.593869567, -0.414452553, -0.270479321, 0.6343415)
(-0.582038939, -0.415743351, -0.2710219, 0.6441548)
(-0.590159953, -0.409141749, -0.2780951, 0.637947857)
(-0.5825229, -0.417610466, -0.2694886, 0.6431519)
(-0.5904715, -0.410505742, -0.277380377, 0.6370939)
(-0.5854775, -0.4208178, -0.2662403, 0.639722347)
(-0.5923211, -0.412547946, -0.275164545, 0.6350152)
(-0.603310049, -0.412714, -0.2735221, 0.625195742)
(-0.591572, -0.409410954, -0.279496282, 0.6358515)
(-0.600917, -0.4178542, -0.2689577, 0.6260658)
(-0.5898529, -0.419135, -0.2692403, 0.635538459)
(-0.5858151, -0.407422483, -0.283398, 0.640713)
(-0.5961274, -0.40461266, -0.285844117, 0.6318337)
(-0.587745, -0.412437737, -0.27875194, 0.6377682)
(-0.5825939, -0.4231065, -0.267621, 0.640268862)
(-0.589409769, -0.4152634, -0.276560545, 0.635347664)
(-0.585823, -0.426719725, -0.263866127, 0.636471748)
(-0.588629067, -0.41619432, -0.276214331, 0.635613)
(-0.5976113, -0.4248461, -0.264743149, 0.6263206)
(-0.5885778, -0.416011065, -0.276540756, 0.6356385)
(-0.5946341, -0.426868469, -0.262301624, 0.628801644)
(-0.5886108, -0.415810257, -0.2758368, 0.63604486)
(-0.5971552, -0.409210622, -0.282066673, 0.6295956)
(-0.588320434, -0.415712237, -0.2756282, 0.636468)
(-0.595018566, -0.407399684, -0.284412056, 0.631734133)
(-0.5936407, -0.419389069, -0.270750046, 0.6311878)
(-0.601067364, -0.4118623, -0.2783463, 0.6257881)
(-0.59370923, -0.4202163, -0.2695946, 0.631067634)
(-0.59099406, -0.407631844, -0.283787221, 0.6356314)
(-0.5950721, -0.418928, -0.269070357, 0.630864263)
(-0.583946347, -0.413992345, -0.27586177, 0.6414962)
(-0.595720053, -0.414798826, -0.2730387, 0.6312761)
(-0.5851113, -0.4181153, -0.2707775, 0.639924943)
(-0.5941547, -0.412063926, -0.2766859, 0.6329521)
(-0.5845076, -0.417708158, -0.2716899, 0.640355647)
(-0.594089866, -0.412775844, -0.27643773, 0.632657468)
(-0.593185663, -0.4011295, -0.2902184, 0.6348221)
(-0.5955935, -0.413648576, -0.275516123, 0.631073654)
(-0.592175841, -0.401943535, -0.289370567, 0.6356367)
(-0.5926898, -0.4141, -0.275096178, 0.6336893)
(-0.582804263, -0.418621063, -0.271039575, 0.641586363)
(-0.5903641, -0.4109162, -0.279267341, 0.6361036)
(-0.5827597, -0.4194569, -0.270580173, 0.64127475)
(-0.5927108, -0.415926784, -0.273973316, 0.6329591)
(-0.582724, -0.4220896, -0.268695951, 0.640371442)
(-0.59158814, -0.416560084, -0.274086416, 0.6335437)
(-0.6000144, -0.410489947, -0.279949337, 0.6269842)
(-0.5913478, -0.417711079, -0.272806883, 0.6335626)
(-0.589697838, -0.405550867, -0.286988616, 0.636728048)
(-0.5934611, -0.417344, -0.27244854, 0.6319807)
(-0.5928451, -0.405637, -0.286287963, 0.6340603)
(-0.598460138, -0.4171798, -0.272876352, 0.6271721)
(-0.586358, -0.4179646, -0.2745689, 0.6372611)
(-0.5975806, -0.4205204, -0.270373821, 0.6268636)
(-0.585819066, -0.415966421, -0.27797395, 0.637588)
(-0.5962132, -0.4140203, -0.2795332, 0.628472865)
(-0.5873464, -0.421728075, -0.272890031, 0.634587)
(-0.580053031, -0.430928022, -0.2635727, 0.639037549)
(-0.5868729, -0.422667146, -0.272781461, 0.634447038)
(-0.5807223, -0.411424, -0.287110746, 0.64113915)
(-0.5870537, -0.422108024, -0.27325052, 0.63445)
(-0.587671041, -0.4102746, -0.286866158, 0.6356299)
(-0.588680267, -0.4222906, -0.272638917, 0.6330832)
(-0.5918817, -0.411615551, -0.28489387, 0.631731033)
(-0.5904867, -0.42341432, -0.271460176, 0.6311538)
(-0.593096256, -0.412347376, -0.284203, 0.6304246)
(-0.5887936, -0.422982037, -0.272576064, 0.632542968)
(-0.5923823, -0.412493557, -0.284455627, 0.630886137)
(-0.5871627, -0.422708124, -0.2733683, 0.633898735)
(-0.588893, -0.411467165, -0.28624016, 0.6340083)
(-0.587547064, -0.423096269, -0.2724125, 0.633695)
(-0.59529525, -0.415413976, -0.279854834, 0.6282803)
(-0.58731705, -0.4230249, -0.271596074, 0.6343062)
(-0.595646858, -0.415724844, -0.278281569, 0.628440142)
(-0.5878489, -0.423131734, -0.270132273, 0.634367168)
(-0.591891944, -0.412367672, -0.2815763, 0.632717669)
(-0.5854833, -0.421178877, -0.271634, 0.637206852)
(-0.5881979, -0.410160184, -0.284081876, 0.6364664)
(-0.588823, -0.422323465, -0.2695742, 0.6342397)
(-0.5925777, -0.411905944, -0.281100839, 0.6325881)
(-0.588536, -0.422489464, -0.268858969, 0.634699047)
(-0.5845965, -0.410800874, -0.282939345, 0.639871)
(-0.5918082, -0.421453059, -0.269355923, 0.632129431)
(-0.586671233, -0.410292685, -0.2835414, 0.6380291)
(-0.588426948, -0.4227799, -0.268790722, 0.6346357)
(-0.5887593, -0.411763072, -0.282316685, 0.6356971)
(-0.5912594, -0.424532652, -0.267719358, 0.631277)
(-0.599798739, -0.41861555, -0.2742151, 0.6243467)
(-0.5920671, -0.4273973, -0.2659282, 0.6293412)
(-0.5835635, -0.418391436, -0.27831915, 0.637919)
(-0.588484, -0.430177748, -0.263824046, 0.631688654)
(-0.584566534, -0.4190038, -0.278177381, 0.6366595)
(-0.5857901, -0.431293964, -0.263498574, 0.633564651)
(-0.5856318, -0.419883579, -0.277361, 0.6354557)
(-0.58226496, -0.431267351, -0.264372855, 0.6364612)
(-0.5864863, -0.4214048, -0.275868654, 0.6343094)
(-0.5977163, -0.423088223, -0.272591621, 0.6240396)
(-0.5861672, -0.418608755, -0.280229, 0.634544253)
(-0.595153749, -0.427408516, -0.268945634, 0.6251258)
(-0.58666575, -0.418038845, -0.2816925, 0.6338107)
(-0.591591835, -0.4293539, -0.267718762, 0.627695)
(-0.5840179, -0.41913715, -0.281338066, 0.635685563)
(-0.588339865, -0.430714577, -0.267342031, 0.629975736)
(-0.5858952, -0.418956816, -0.282187641, 0.6336971)
(-0.58653754, -0.4309573, -0.2679615, 0.631226063)
(-0.5961377, -0.426230043, -0.271816075, 0.623749733)
(-0.586042345, -0.4314201, -0.267286032, 0.6316561)
(-0.5972624, -0.430150539, -0.2666299, 0.622219)
(-0.585838258, -0.431834549, -0.2663622, 0.6319523)
(-0.586503565, -0.420208067, -0.2799162, 0.633313358)
(-0.5830613, -0.4314087, -0.267100751, 0.6344945)
(-0.586487353, -0.4210633, -0.27901423, 0.633158267)
(-0.584388554, -0.432751268, -0.2654461, 0.6330519)
(-0.585155249, -0.4212346, -0.2791335, 0.6342232)
(-0.5731951, -0.4210368, -0.28095898, 0.644389153)
(-0.58462894, -0.419976145, -0.280798435, 0.634808)
(-0.5858402, -0.4320496, -0.266327858, 0.631818)
(-0.582981944, -0.420390755, -0.280826062, 0.636034846)
(-0.588956356, -0.431248426, -0.266962171, 0.629195035)
(-0.5813499, -0.4208934, -0.280503958, 0.6373371)
(-0.588874459, -0.430529058, -0.26769945, 0.6294511)
(-0.5872926, -0.418269932, -0.282214522, 0.6328448)
(-0.5847306, -0.429228455, -0.269085377, 0.6335976)
(-0.593057632, -0.422078, -0.275805622, 0.6277453)
(-0.585427463, -0.430002183, -0.267242163, 0.633209646)
(-0.5930147, -0.421823651, -0.275688052, 0.628008366)
(-0.5838424, -0.428438246, -0.269456148, 0.634793043)
(-0.5785418, -0.4172341, -0.28390798, 0.6407818)
(-0.5808307, -0.429331869, -0.269372731, 0.6369837)
(-0.5835653, -0.4188535, -0.282038927, 0.6359774)
(-0.586309969, -0.430856854, -0.267585, 0.631665349)
(-0.585207164, -0.418910116, -0.28186807, 0.63450557)
(-0.586694539, -0.430509239, -0.267362118, 0.6316398)
(-0.586371362, -0.418205053, -0.2815676, 0.634029031)
(-0.5900292, -0.407370776, -0.293411076, 0.632316768)
(-0.586431146, -0.4180826, -0.281264871, 0.6341889)
(-0.5915456, -0.429383039, -0.267217278, 0.62793225)
(-0.586194456, -0.418048769, -0.2817154, 0.63423)
(-0.594444633, -0.427510768, -0.269581884, 0.625456452)
(-0.5860216, -0.418110877, -0.282528132, 0.633987248)
(-0.5926603, -0.428883165, -0.269524783, 0.6262344)
(-0.5827456, -0.4211454, -0.280888647, 0.6357246)
(-0.591335, -0.430516452, -0.268861055, 0.6266516)
(-0.580437064, -0.4247373, -0.277940571, 0.6367419)
(-0.5882268, -0.434798628, -0.265038371, 0.6282468)
(-0.5794388, -0.426223844, -0.277331948, 0.6369229)
(-0.582343161, -0.438300341, -0.262657583, 0.63228184)
(-0.579822659, -0.427046865, -0.277186126, 0.6360853)
(-0.5784557, -0.439019948, -0.263364881, 0.635050654)
(-0.577473462, -0.4277873, -0.2779282, 0.637399554)
(-0.5654265, -0.427511752, -0.280546725, 0.6471631)
(-0.5770227, -0.4284929, -0.27839154, 0.6371318)
(-0.583912134, -0.42109102, -0.286887318, 0.632000446)
(-0.584248662, -0.4334223, -0.272718638, 0.629621446)
(-0.59236455, -0.4266131, -0.2796303, 0.623628438)
(-0.5881414, -0.4366443, -0.267954737, 0.625804961)
(-0.589950144, -0.4242448, -0.2812417, 0.6268001)
(-0.581752658, -0.430442035, -0.2738862, 0.6334586)
(-0.5872224, -0.420210034, -0.2845842, 0.630559564)
(-0.5829617, -0.430409521, -0.2728003, 0.6328375)
(-0.5883895, -0.420925379, -0.2832056, 0.6296143)
(-0.5829277, -0.4309439, -0.272357583, 0.632695854)
(-0.5870656, -0.420865357, -0.284122467, 0.630476654)
(-0.5808055, -0.430458724, -0.273956746, 0.6342854)
(-0.587497354, -0.42235142, -0.282895684, 0.6296317)
(-0.586022437, -0.4340463, -0.269383073, 0.628978848)
(-0.587572157, -0.422482163, -0.2828318, 0.6295029)
(-0.5808836, -0.430888653, -0.27353397, 0.6341044)
(-0.584934056, -0.4199352, -0.285584718, 0.63241446)
(-0.582613349, -0.4307026, -0.272677749, 0.6330118)
(-0.58125, -0.418561935, -0.287110269, 0.636020541)
(-0.5827612, -0.430267364, -0.272619069, 0.6331968)
(-0.5784115, -0.418562025, -0.287113279, 0.638601542)
(-0.5823079, -0.4302142, -0.272638, 0.6336417)
(-0.58198595, -0.418599725, -0.286717683, 0.635499537)
(-0.585817754, -0.4304456, -0.272133023, 0.6304584)
(-0.580320954, -0.41933614, -0.286109269, 0.636809468)
(-0.5878208, -0.429547459, -0.272640049, 0.6289858)
(-0.581812263, -0.4184573, -0.2864146, 0.6358889)
(-0.5924189, -0.4249966, -0.2770176, 0.625842631)
(-0.581608653, -0.41871205, -0.285887778, 0.6361444)
(-0.5918899, -0.425808042, -0.275887132, 0.6262908)
(-0.5833407, -0.4161644, -0.28809002, 0.6352362)
(-0.5886818, -0.427321255, -0.273818672, 0.629184961)
(-0.5805654, -0.417473257, -0.286559433, 0.637607753)
(-0.5842238, -0.4293101, -0.272152662, 0.632699251)
