1,-2,-1,0,3,5,1,2
3,1,1,0,2,-2,3,1
-2,-3,-3,-4,2,-1,-4,-6
-2,1,-2,-3,-10,2,-2,-2
1,0,2,-1,-7,-18,-7,0
-1,-3,-2,-2,1,3,3,-1
-2,-1,-1,0,2,0,-7,-5
-1,-2,1,-1,5,4,4,2
1,-1,-4,-1,-3,5,4,-5
-7,-1,-2,-3,-5,-11,-4,-6
3,-1,-3,0,1,0,-1,12
0,-2,-1,-1,-2,2,-3,0
-2,-2,-2,-2,-2,-1,0,-4
-1,0,-2,2,7,10,4,0
0,-2,1,-1,-4,-8,-3,-7
1,0,-1,-6,-14,-19,-11,-2
-2,1,0,-1,-5,-7,-3,-5
8,0,-2,0,10,4,-9,1
-4,1,1,8,7,8,18,5
-2,-1,1,1,9,6,-1,-3
-7,0,-2,-3,1,6,-2,-23
-2,-5,-6,-6,-5,-5,1,-13
-19,-4,-1,-2,-2,1,10,9
7,1,-2,1,-2,1,11,22
4,1,1,-4,-15,-12,-34,-25
7,-4,-2,-1,6,-8,-8,38
6,-2,-1,0,2,7,11,-8
-28,-4,-3,3,-6,-5,-6,-4
10,0,-3,-5,4,-2,7,25
-21,-2,-3,-12,-28,-2,-9,-31
17,-4,0,3,17,1,8,30
-15,-1,1,10,21,6,0,-35
-16,-10,-6,0,0,7,-3,-9
4,12,8,0,-27,-13,-9,-23
49,8,2,-7,-3,-3,5,68
23,10,8,15,23,14,17,25
1,-1,-1,5,16,9,8,24
-25,-9,-3,0,12,2,-11,-55
1,-1,-3,-12,-43,-20,-31,-64
-2,-1,-1,-4,-7,-1,13,7
-6,-3,-2,-5,-5,-2,-6,-36
-3,-8,-1,7,17,16,29,34
-3,5,1,3,5,7,1,-10
-4,-6,-8,-14,-8,-19,-29,-29
-43,-8,-8,-8,-18,-15,-19,-32
55,13,7,5,5,5,27,42
-11,-2,-2,0,-6,-14,-35,-43
51,7,1,-2,-3,-2,10,84
0,3,3,1,5,6,12,-19
-21,-7,-8,-10,2,-5,-13,-24
-44,-9,-8,0,1,6,7,-39
-2,-7,-2,-12,-46,-14,-7,-24
7,0,2,7,14,-10,-8,-37
13,1,-2,-15,-23,-3,-2,38
-2,-4,7,31,61,19,23,3
-32,-7,-9,-18,-24,-11,-33,-66
-6,-1,-2,-1,8,2,7,23
-30,-16,-11,5,12,14,27,-35
23,14,12,4,-19,-10,-24,7
-5,-4,-3,-9,-6,-23,-22,32
14,9,9,5,-6,-1,-3,19
-8,-4,-1,0,1,-4,-12,-31
11,1,-5,-6,-5,8,28,28
2,-1,4,6,11,18,31,20
21,0,-1,0,1,12,25,37
-9,-1,1,3,4,6,4,-10
-28,-7,-1,-2,-9,-20,-41,-42
5,-5,0,-2,-1,6,3,-18
1,-2,-2,1,3,5,16,19
-1,1,0,1,0,-1,5,9
-29,-9,-4,1,0,-5,-8,-19
4,-6,-9,-4,1,-15,-42,-34
38,15,6,-6,-16,-4,-9,52
15,2,-7,-30,-45,-6,7,12
2,-2,9,33,51,19,32,36
-23,-1,1,14,32,14,2,-40
-12,-9,-5,-2,1,1,-3,-25
2,2,2,8,9,-4,-13,4
4,-1,-7,-30,-40,-9,-4,-9
-3,-3,-1,3,0,-1,-5,-4
7,0,1,8,10,4,13,23
-1,0,1,3,12,14,16,18
9,7,-3,-8,-13,-6,12,-19
-18,-7,-9,-3,-13,-29,-59,-60
46,13,4,-4,-13,-1,20,85
-7,-5,-3,0,-1,-10,-4,-14
-30,-14,-8,-7,-5,-3,-25,-36
33,14,10,4,6,16,48,56
-14,-11,-6,-1,5,-4,-14,-36
18,6,5,7,5,8,8,4
12,2,1,7,18,11,24,47
-3,-3,-3,2,7,12,23,24
-79,-12,-8,-11,-22,-21,-48,-128
63,8,3,0,6,1,17,118
-3,-5,-3,-8,-29,-21,-32,-20
-13,-3,-3,-1,-5,-5,1,-19
5,2,1,5,12,3,7,-16
-29,-1,-1,-6,23,4,3,-24
-3,2,-1,13,-8,-2,-18,-18
5,-3,0,6,11,12,29,-1
-22,-10,-11,-17,-16,-12,-26,-17
-12,1,3,-3,-10,-14,-32,-24
36,5,-3,-12,1,4,18,40
-19,-3,0,-2,-7,6,9,-1
-19,-7,-4,3,2,6,-10,-36
-7,-12,-11,-2,10,-5,-13,-12
0,7,1,-9,-10,-8,-3,5
19,2,1,-7,-19,-16,-25,-8
28,2,0,-3,12,3,18,53
-12,-4,1,6,-1,-4,-12,-35
1,-2,0,-6,4,18,22,7
-25,-5,-7,2,-2,-8,-21,-33
34,10,3,-7,1,3,9,40
-10,1,1,-7,-22,-12,-11,-21
-16,-7,-6,-1,-1,-2,-4,-42
4,3,1,-9,13,6,8,16
-32,-6,5,13,12,12,16,-6
12,-1,1,7,-1,1,-1,-18
-10,-4,-2,2,-12,-17,-17,-1
26,5,-4,-12,-17,-2,-1,21
14,0,0,9,12,1,9,17
-20,-4,2,-12,2,-1,-4,-26
14,0,1,27,11,-2,-7,42
12,3,6,9,8,13,33,32
-9,-3,-7,-3,0,-3,-6,-14
-5,4,6,16,-4,6,7,17
-17,-11,-5,-23,-13,-8,1,-15
2,0,-2,5,6,-8,5,-2
0,-3,2,-10,-9,1,-9,16
15,1,-5,0,-2,-7,-7,6
-3,-2,-5,-10,-5,1,4,20
-30,-6,1,1,-3,1,-7,-58
15,3,1,17,7,6,3,4
33,7,3,-4,-12,6,32,71
-12,-1,-1,-4,29,-1,-20,-18
-9,-5,3,17,-18,-5,-6,-11
0,3,0,10,21,3,8,13
-26,-4,-6,-6,-6,-10,-31,-49
13,3,2,-2,-3,10,15,3
0,-4,-6,-39,-8,-5,0,36
-18,-5,-1,2,-10,-9,-22,-53
38,8,1,-8,0,6,21,32
2,1,-4,-13,2,-7,2,9
0,4,1,1,-3,-2,-25,-44
-4,-4,-4,-10,-15,-10,-11,8
-52,-17,-12,-4,-2,-7,-21,-44
78,23,7,6,11,18,31,4
-12,2,0,-12,-15,5,12,30
-1,-7,-2,-3,2,-3,7,4
-31,-7,-3,-19,1,-9,-24,-42
-54,-18,-15,29,-14,-17,-39,-56
59,2,-5,-2,2,5,32,109
-1,23,11,31,9,13,12,-40
-2,4,8,9,16,-2,-9,-29
-35,-15,-22,-11,-8,-8,-19,-17
2,-2,0,-61,-5,0,6,-12
-2,6,35,95,10,1,0,-4
27,10,6,15,0,-3,1,3
-22,-14,-22,-114,-14,-3,-15,-11
-18,2,15,96,18,2,-10,-26
15,-7,-21,-72,-19,-1,14,18
-6,2,12,20,7,2,17,10
-14,1,-2,-10,-11,-12,-42,-49
9,-3,-9,-14,3,-3,-9,31
-9,-9,-13,-86,-15,11,26,11
-6,-2,-10,-6,-10,-12,-30,-30
10,-1,11,28,-4,9,30,39
-33,-1,-6,1,-6,-25,-39,-100
44,7,2,18,9,1,11,62
-26,-15,-12,-23,4,13,15,-11
0,0,2,4,-5,1,4,7
-19,-10,-28,-17,-7,-3,-16,-40
-3,-1,9,-24,-4,-6,-12,-24
18,-5,2,5,-5,-1,11,42
-3,6,14,6,-10,-5,0,-24
9,-5,0,-47,1,6,22,44
-14,-11,-28,-21,-16,-4,-8,-14
10,10,-4,53,22,11,15,35
-4,2,24,37,12,6,4,-5
14,2,0,-5,-1,-4,-2,20
-6,-1,1,-13,-17,-15,-23,-16
-16,-9,-1,-10,-4,2,8,-5
5,1,-8,4,2,-4,-13,20
-1,1,4,3,5,12,30,50
2,0,2,15,4,-9,-19,-26
0,-5,-3,13,2,-4,-11,4
-7,2,5,8,4,2,5,-20
-16,-4,1,14,-3,3,-1,-44
11,5,4,20,-2,4,26,61
-10,-5,-14,-46,-9,-20,-43,-30
14,3,1,23,1,-10,-7,18
8,3,9,-8,13,11,16,23
-2,0,3,63,-2,10,14,0
1,4,0,5,12,6,5,-9
7,-3,13,-13,2,10,16,15
1,0,-5,-7,-4,-3,0,22
0,-1,-3,-5,8,-11,-14,3
-3,-4,-8,-7,-18,-3,-2,-12
9,4,-5,-20,-6,-4,3,36
-6,-3,6,38,5,3,-6,-50
-1,-9,-14,-33,-8,-11,-13,7
11,6,5,10,-5,-6,-6,12
-4,-1,-2,-6,-1,6,15,-15
-4,2,2,1,0,-5,-18,-18
-20,-3,-2,-18,-7,-3,-3,-22
1,-3,-3,-2,-7,-6,-7,-20
31,6,8,40,15,9,25,94
-3,-2,0,21,6,3,11,-3
-5,-6,-6,15,4,5,0,-6
-12,2,3,-10,15,15,15,-3
-32,-8,-13,-28,-24,-21,-20,-42
10,-3,-1,-6,-16,-28,-41,-6
-6,-1,4,12,-6,-1,-5,-13
11,2,11,12,12,8,10,18
0,0,-7,3,12,18,20,-19
-3,-4,-9,1,-3,-7,-9,-17
-20,-5,-5,-16,-17,-9,-12,-37
5,-3,-9,6,-4,-4,4,18
8,6,25,-9,2,-3,-7,-8
-7,-3,0,-8,0,1,9,-22
-2,-5,-19,-14,-2,-5,-24,7
25,6,2,13,-8,1,18,30
-7,-15,-14,6,11,14,25,15
8,11,10,-39,-2,2,6,18
4,3,2,1,-3,-7,-10,-1
-13,-6,-27,-50,-17,-12,-15,-24
26,5,-7,13,-4,2,2,17
-7,2,5,17,8,14,19,5
4,-1,-1,-19,6,0,6,4
-11,-3,3,6,-7,-6,-10,-19
4,5,-2,-24,1,-6,-9,-12
2,-9,-1,32,-5,3,-2,11
-10,1,3,-1,8,9,20,17
-7,-12,-11,-42,-9,-5,-17,-8
-5,4,17,97,14,-3,-5,-18
-12,-6,-7,-40,-7,-14,-19,1
-3,-1,5,30,15,5,-3,-24
-2,-1,12,24,-15,-3,10,4
-12,-3,-11,-19,-4,-4,-7,-5
19,3,-3,3,3,1,3,6
-7,-7,0,-12,2,6,5,-9
-9,-3,-7,-48,3,-3,-3,-13
-1,-5,-9,-34,-9,-5,-3,11
-5,1,11,96,3,6,9,-33
4,6,11,-7,7,2,4,4
15,3,-3,-26,-5,-10,-21,-12
-41,-6,-2,-13,-16,-10,-6,-15
25,5,-11,-33,-2,-5,5,37
11,-1,-1,-2,-5,0,10,3
-22,-11,1,-11,3,-2,-15,-33
30,5,-4,-9,2,3,16,63
-8,-4,-5,-37,-2,0,-9,-17
-5,-3,-3,16,-3,-7,-6,-2
-12,1,9,32,10,7,10,29
8,-6,-16,-39,-6,-1,-7,-34
-14,-4,3,-2,-14,-12,-15,-26
11,6,-1,-36,1,-6,0,14
2,2,8,5,2,3,6,-8
-11,-5,-3,-4,-3,7,5,-5
2,0,-14,-19,7,5,5,2
-7,-2,-6,-2,-6,-10,-20,-23
-5,-7,-8,56,9,4,12,13
-7,3,24,47,-4,-1,-1,-9
-17,-4,-1,1,-4,-12,-25,-61
15,8,11,15,2,16,40,43
-4,0,-9,-16,-5,-13,-30,-14
5,-1,1,-11,6,7,9,23
5,1,-5,-22,-13,-7,-4,28
-5,-7,-1,6,-3,1,-5,-2
-16,-3,7,36,1,6,4,-55
33,3,-15,2,5,9,35,79
-19,-9,-3,-19,-6,-4,-3,-28
26,5,3,12,-6,-13,-14,38
-10,-2,-1,-3,-2,-1,-2,6
-15,-3,9,7,-1,-9,-28,-56
5,-1,-2,1,9,13,19,26
-7,0,-6,-19,-3,4,9,-3
24,2,2,-1,-10,-8,-5,9
-8,-1,-4,-14,2,-6,-18,-23
6,0,0,11,2,5,11,29
-26,-9,-5,-13,-7,-9,-15,-39
2,8,-1,-2,0,-6,-22,-29
9,0,3,66,5,4,13,9
-2,-1,4,24,5,3,1,20
-17,-4,5,-6,-2,-2,-7,-25
9,1,-3,-25,-3,-3,0,8
-7,-4,1,2,-2,-5,-15,-30
-6,1,-3,10,5,7,14,8
5,2,-4,16,-8,-14,-32,-5
18,-2,0,-38,-4,5,24,63
-12,-6,-9,-30,-7,-7,-13,-32
-7,-3,-9,-8,7,5,2,4
-8,-2,5,-5,-1,4,11,-16
0,-3,6,1,-9,-8,-7,8
-2,-3,-12,-14,-1,0,-1,13
7,2,6,-13,-2,1,4,5
10,-1,-13,15,1,-3,-4,3
-8,-2,9,56,4,5,9,-2
2,-1,-11,-45,7,2,3,13
-13,-5,-5,-1,-9,-9,-17,-37
4,10,27,26,6,8,11,7
-2,-3,-7,-5,-6,-7,-3,-6
-10,1,1,17,-9,-8,-10,-31
11,1,2,17,7,5,14,37
-3,-2,-4,-44,-5,-4,-22,-32
-11,2,2,17,3,6,9,-8
9,4,8,36,1,2,5,23
-9,-6,-5,7,-4,-18,-20,-35
-7,-9,-12,-7,-5,0,0,-9
6,6,6,-5,11,18,31,37
-7,-5,-5,-34,-5,-7,-16,-29
10,3,1,-41,-11,-5,-16,21
-4,-3,5,75,2,-4,2,7
-9,-5,-6,-21,11,0,7,-18
16,2,6,-2,6,9,15,25
-9,-2,0,-3,-12,-8,-6,-12
2,-4,-6,-28,4,1,1,22
1,3,-2,-4,-1,1,-7,-10
-21,-5,1,46,0,-3,-2,-18
15,2,6,-3,5,4,4,44
-21,-5,-2,-28,2,2,-2,-49
18,0,-4,1,-7,-9,0,55
-7,-1,0,-20,1,-5,-9,-1
-12,-3,5,49,10,12,15,-4
-4,-2,-3,31,-5,-3,6,-10
12,0,-1,-12,-2,-4,-20,1
0,-7,-9,-22,-15,-6,1,-12
0,2,-2,-11,1,1,10,-24
2,0,-8,-18,-1,-1,-2,36
-16,-10,-11,1,-10,-15,-24,-39
20,9,6,-21,1,1,3,22
-2,-2,0,-17,-1,0,1,-15
10,0,-1,5,-4,1,11,21
1,3,2,-3,-4,2,1,3
-18,-3,3,8,1,0,-7,10
-4,-3,-19,-37,-18,-1,6,3
4,5,5,36,21,10,10,-6
-10,1,13,22,1,-7,-16,-29
-2,-2,-1,7,14,5,10,13
-12,1,6,13,-15,-10,-13,-15
15,-2,-4,-46,-15,-8,6,23
-16,-3,-1,-3,3,2,-2,-19
-5,-2,-1,-7,-3,-3,-3,-18
12,5,3,10,8,4,1,7
-6,-4,-14,3,3,8,9,-8
9,3,-1,0,-4,-12,-12,12
-19,-12,-15,-27,-15,-10,-21,-39
11,-1,-5,-38,-7,-6,1,55
7,5,13,52,5,3,2,17
-11,-4,-8,-19,7,8,16,1
9,5,-1,3,-8,2,-7,8
-4,-5,0,19,2,-9,-10,-26
-3,6,9,0,3,2,-12,-14
-2,-4,-13,-14,-1,5,4,9
4,2,8,3,-2,-5,-4,-22
3,0,-8,19,4,4,5,15
-13,-7,-19,-38,-11,-2,10,2
13,0,6,22,4,4,-3,0
16,4,2,-13,4,4,15,10
-13,-1,10,-3,9,3,-5,-25
-16,-5,-3,-18,-10,-10,-14,-22
9,4,-1,-20,-4,3,16,46
-20,-7,-5,-11,-2,4,9,-3
12,6,5,20,-6,-15,-29,-23
-3,-5,-1,-3,3,-2,-3,0
-2,-3,-3,6,1,4,2,0
-6,-1,0,8,-6,-7,-6,-17
5,-1,-7,-17,0,4,1,3
-7,-2,0,14,-2,-8,-12,8
-3,0,12,10,1,-1,6,11
-4,-5,-17,-2,3,4,7,12
-1,-1,2,-7,4,3,7,7
-3,0,0,-13,-4,-5,-15,-24
-7,-3,-5,-12,-8,0,0,-23
13,0,-6,6,7,1,1,2
-9,-1,6,-49,-6,-6,-3,6
-23,-1,-8,33,-9,-12,-24,-46
24,6,11,-1,-2,-4,0,18
-4,1,-3,6,-1,2,0,-26
-4,-3,-9,-11,-8,-8,-15,34
16,7,2,-24,3,5,13,-8
10,0,-7,-37,-2,6,9,0
-6,-1,10,24,0,-3,-5,6
-1,-1,-2,16,3,2,1,-42
0,-3,-4,-6,1,-5,-6,12
-5,-1,-10,6,-2,0,3,-7
-5,-3,8,-20,-5,-4,-10,-3
-9,-3,5,10,-5,-4,-4,-25
12,2,1,19,5,4,5,21
-1,-3,-14,8,3,6,12,14
-8,0,0,-44,-1,-11,-11,-7
2,-4,0,47,-2,0,7,6
-3,-3,1,-35,-2,-3,-14,-28
-2,-1,0,5,5,8,14,50
3,-1,-7,2,-4,-3,-2,-3
-22,-5,-12,-13,-5,-2,-9,-13
22,4,15,11,6,8,19,38
-1,1,3,19,-5,-6,-6,-35
2,-2,-5,3,-8,-10,-8,10
3,-3,0,-17,1,1,-4,15
-7,-2,-3,8,1,4,13,14
-9,-1,-1,1,-6,-4,-12,-23
-11,-3,3,-5,-3,-3,1,-4
7,0,-1,11,-4,-4,-4,2
-2,-2,-6,-2,-6,-6,-3,3
-7,-2,9,9,5,2,1,-18
10,-1,-24,-52,-5,6,15,30
-3,12,39,34,4,5,-4,-13
4,-3,-3,-4,-9,-7,0,2
-24,-5,-7,-36,-7,-15,-33,-49
10,-2,-7,8,-6,8,22,33
12,1,6,-13,4,-7,-14,-17
1,0,-13,17,5,10,13,19
-8,-3,-8,-10,-3,-2,-1,7
-17,-6,1,5,-4,-5,-12,-36
-2,-5,-1,18,3,-1,3,-1
-15,-6,-5,-20,0,-3,-9,-8
15,2,0,4,6,6,17,19
7,4,6,12,-1,-2,-6,-7
-14,-8,-16,0,3,2,6,-18
-2,-6,3,-19,-15,-11,-23,-16
0,1,-2,2,4,2,9,6
10,4,18,39,-3,-5,-13,4
-12,-6,-18,-26,-1,0,12,12
10,0,-5,-17,-3,4,3,0
4,4,12,58,-1,3,0,-1
4,-3,-6,-6,0,1,1,-8
-24,-2,-6,-11,-7,-4,0,-1
21,7,5,-8,6,3,-3,-3
-8,-3,0,-13,-7,-10,-13,-18
-7,-3,-1,20,5,1,-6,-2
6,2,-5,2,0,4,2,-14
-8,1,2,2,9,6,26,0
13,2,1,5,-8,-2,-7,40
-5,-2,-3,0,5,-3,-6,-12
8,-1,-6,4,-3,-1,6,12
-17,-8,-4,-28,-9,-4,-3,-16
20,4,6,8,3,-1,0,9
-7,-1,4,25,4,-1,-2,-11
13,5,8,6,6,5,6,10
-1,-1,-4,8,-1,-1,-3,-5
-18,-8,-2,-9,-7,-6,-9,-31
4,5,9,-6,-3,-1,-7,14
2,0,-5,1,4,3,7,2
7,-2,-1,0,-2,0,-5,3
-9,-4,-11,-2,-1,3,5,-26
2,-1,2,15,-5,-6,0,34
5,2,1,-22,-6,-4,-14,-23
19,4,3,-4,0,-1,4,40
-8,-4,1,-8,-5,-10,-11,-14
-1,1,-10,-7,0,4,8,1
3,-2,-1,16,-3,0,-4,2
-5,-1,-3,19,2,2,-3,-11
-16,0,5,5,-3,-6,-5,-22
2,-3,-3,-11,3,2,-7,12
16,1,-12,-27,-5,7,20,-6
-1,2,12,18,4,-2,3,0
-4,-3,-5,-3,6,-6,-9,5
-5,-3,-5,-19,-8,-7,-9,-14
-4,-4,-4,8,3,0,-6,0
-21,-5,-5,-18,-7,0,3,-41
26,6,4,5,0,1,12,51
7,-3,-1,3,7,2,-4,-6
-4,-5,2,-8,-5,-3,-8,-1
-15,-4,-5,13,-6,-11,-10,-23
-1,-8,-5,-11,1,-2,-3,-8
-4,5,-1,-13,5,6,17,13
-11,-3,6,1,-2,-1,-6,-13
28,4,7,0,-1,0,6,57
-12,-3,-15,-17,-5,-1,1,-8
7,-1,-2,25,0,-1,-2,-10
-13,-2,-1,-13,4,1,7,1
-12,0,6,10,-5,-1,-2,-12
-2,-5,-9,-1,0,-4,-11,-6
-10,-5,2,2,-14,-9,-4,-21
8,3,2,-12,4,6,15,16
10,-1,-17,17,-1,-2,-1,-9
-4,1,1,-12,-1,5,7,17
3,4,2,12,5,5,12,7
-6,-1,3,-6,-1,-10,-17,-16
-22,-7,-7,-16,-9,-10,-15,-38
47,4,-3,9,0,5,16,88
5,3,-7,-28,2,-3,3,-43
-7,3,10,21,2,3,-1,-5
-7,-3,-2,-16,-5,-2,-10,-9
-14,-1,7,24,-3,-8,-11,-20
-7,-7,-8,-13,-6,-1,-7,2
17,-2,-8,-12,-3,-2,4,24
-6,0,4,2,2,-3,-2,-8
-4,0,-7,-1,0,-2,-9,-20
2,0,14,19,3,-1,8,12
-8,-4,-19,-7,-5,-2,-3,-15
-2,-1,12,-4,2,7,8,26
0,0,3,-25,-9,1,6,-9
-7,0,-12,-3,-3,-4,-6,-10
9,-3,-6,-2,1,-4,-6,22
-3,-1,-8,-44,-7,0,1,-31
-9,-2,2,38,1,-6,-14,-6
-4,-3,3,-9,2,1,2,12
-2,2,3,2,-7,-7,-2,-42
-1,0,-15,-17,-4,-5,-10,9
7,2,2,-28,0,4,8,-9
-1,-3,1,5,-5,-3,-4,8
5,0,-3,2,-1,3,5,29
8,1,1,14,11,7,10,3
-6,-6,-6,-19,-6,1,0,-4
-8,4,13,6,-7,-7,-11,-12
-5,-3,0,-20,-2,-3,-11,-9
27,7,2,5,-2,-4,0,48
-8,-3,-3,-9,-3,0,7,-9
2,0,-7,-1,0,5,4,-2
-5,-3,11,32,0,-2,-3,1
-3,-3,-5,0,3,0,4,1
-4,-2,-8,-10,1,-5,-9,-17
2,0,3,3,2,3,2,10
-3,2,-2,-3,5,0,2,-4
-3,-4,-1,6,-3,-5,-4,8
-3,-1,-2,1,4,5,4,-3
-6,-5,-7,-25,-1,2,-1,-10
-2,2,5,31,1,-1,0,4
0,-1,4,5,-6,-6,-5,-10
-10,-1,0,2,1,-4,-9,-10
16,5,-1,-3,-1,-1,4,8
-9,-7,-9,-14,-5,0,2,-4
5,3,-9,-12,9,5,8,12
0,0,10,32,1,1,-3,6
-17,-6,-6,-12,-8,-9,-9,-15
10,2,-3,31,9,0,-10,4
-10,-2,0,-2,-2,0,-2,-25
-19,-6,-7,-6,2,-3,-2,-32
18,2,11,1,8,3,12,58
-4,-2,-16,-19,-7,-3,-1,4
-6,-5,0,18,-1,0,0,3
-15,-1,7,9,7,2,-4,-19
17,4,-13,-21,-3,-2,-3,6
-5,0,6,26,0,2,16,3
3,0,-3,5,2,1,-10,-9
9,-3,-1,-30,-11,0,17,48
-6,-2,2,20,0,-4,-4,-23
4,-2,-3,-12,-4,-10,-22,-6
-3,-2,-5,-8,2,-1,12,-1
-1,8,18,13,-2,-1,-14,-14
-4,-1,-6,-15,0,5,3,3
-1,-3,1,4,-2,3,7,-1
-1,-1,1,11,-4,-14,-21,-18
26,1,-4,-4,-6,-3,8,37
-17,-4,-7,1,-1,4,-2,-38
9,-2,2,-1,-2,2,0,27
0,-2,1,-3,-1,2,6,-7
-1,1,-6,2,0,-5,-14,-10
-9,-9,-1,-4,-3,-1,2,8
-12,-3,-4,-14,-1,-2,-4,-21
-5,-7,-2,-11,-6,1,2,14
4,4,6,6,6,5,3,6
2,-2,2,13,1,-5,-9,-17
-13,0,-5,5,-2,-6,-4,-2
-5,-4,-8,-22,-11,-4,-2,-3
-5,-5,-21,2,0,0,3,-9
1,-1,11,-25,0,-1,-3,-2
-14,0,8,10,-2,-6,-9,-10
18,7,5,7,2,3,9,32
0,2,1,-6,0,2,-4,-6
2,0,-7,7,-3,-4,-5,-4
-4,-5,-6,-17,-2,-1,8,-4
-18,-3,0,8,4,3,-1,-13
16,-2,2,4,-2,-3,1,23
-9,-1,-9,-1,7,8,10,-3
-6,-2,-1,-13,-9,-5,0,-17
-7,-1,0,6,-2,-3,-13,-16
-14,-5,-4,-3,-3,-8,-9,-6
18,1,0,6,-6,-4,-5,26
-7,-20,-1,-1,5,7,10,0
9,1,-7,-2,4,2,9,9
-6,-3,-7,12,-6,0,-5,-15
-10,-5,10,-1,-1,-1,5,-3
-5,-1,0,3,4,0,-6,-9
11,3,8,3,-3,1,-8,2
-6,-21,-5,-21,-8,-6,2,-7
-7,15,-1,18,4,-1,-1,-13
13,4,-4,-4,-4,-4,0,12
-17,-4,-6,-24,4,0,-6,-29
9,5,3,1,2,3,-3,1
-1,-6,-7,-3,-14,-12,-16,-5
9,8,4,-13,-3,2,9,18
-2,-2,-16,23,1,0,-7,-8
-15,-1,3,-1,2,-3,3,-8
-7,-6,-10,-4,4,4,4,1
-2,7,6,-8,-4,-1,-1,-7
1,-4,2,-16,-4,-2,5,8
-8,-4,-7,-3,-9,-3,-11,-28
0,-4,10,9,2,7,20,48
6,1,-11,7,6,0,-9,-3
-5,-1,-7,-27,-5,-2,-2,3
3,-8,11,12,3,0,5,4
-12,-5,-4,-1,-3,-2,-4,-15
11,4,11,8,5,6,5,25
-14,-13,-1,-2,-5,-12,-8,-9
16,1,-4,-8,3,3,11,27
-11,10,-3,6,0,-1,-8,-24
-6,8,1,0,-4,-3,-7,-10
9,-12,1,12,1,2,5,33
9,5,-2,-3,1,-4,2,12
-9,30,2,5,2,1,-11,-27
-21,-4,-4,2,0,3,-1,-31
-5,-3,-3,-21,-10,-4,-1,16
6,2,-5,2,1,4,-3,-12
7,-6,13,-1,-3,-1,1,11
3,-6,-14,-21,-4,-5,-2,2
9,12,16,19,4,3,10,3
-16,0,-6,-3,3,-2,0,-22
11,-4,-4,-7,-12,-8,-11,3
3,-5,1,0,4,4,11,31
-8,-2,1,6,-5,-6,-10,-15
-13,2,4,-9,-5,-2,-6,-18
4,-13,-16,8,8,8,14,16
-13,1,-1,2,-7,-14,-19,-31
34,7,0,12,11,3,16,89
11,14,13,10,0,4,8,-13
-5,-26,-6,-14,-1,6,12,43
-22,-8,-2,-7,-7,-11,-18,-14
-4,4,-2,1,2,6,1,-20
-16,-12,-8,-14,-7,-10,-15,-13
-2,1,9,7,3,-3,3,6
23,5,-6,-3,8,7,6,18
-14,-2,14,19,-2,0,-5,-36
8,4,4,-12,2,3,11,24
19,-1,-21,21,-3,-2,1,-10
-2,-4,-3,-1,-2,-4,0,11
-21,3,-5,-7,0,-4,-13,-47
-5,-4,1,5,-2,5,9,21
11,3,12,-5,-1,-4,3,25
0,-4,0,-8,4,1,2,-18
5,4,-6,-9,-1,0,-1,9
-10,-6,-8,2,-7,-1,-3,-17
6,0,-4,-14,-3,-7,-7,15
-9,1,-3,8,-2,0,-3,-12
5,-1,-4,-9,8,1,1,-4
5,-10,5,9,0,8,17,32
-23,24,-1,-12,-5,-8,-16,-48
-2,-1,1,-4,-7,0,1,0
7,-4,-4,4,0,-5,-7,-36
-3,2,-2,-8,5,4,9,14
9,-9,-6,0,-5,2,-1,-8
14,4,18,17,3,1,4,-5
3,11,-24,-1,-9,-10,-15,9
0,5,0,4,1,-7,-13,-15
-8,0,-4,-20,1,-2,-9,-29
5,0,-7,10,3,2,9,19
-3,1,9,-9,5,10,10,6
10,-8,-1,15,3,0,-1,-1
-18,1,-7,-14,-9,-12,-19,-18
-15,-5,-12,-15,-10,-5,-1,6
9,0,10,21,3,1,9,13
-14,3,3,-19,-3,-3,-11,-18
9,-10,3,15,5,10,13,9
-9,-6,-5,-12,-7,-5,-9,-28
0,-7,-4,-3,-7,-6,-9,33
-4,10,-4,-6,1,-4,-5,-9
3,-2,0,-1,-1,4,8,15
1,0,2,-4,3,5,7,11
7,-3,5,4,-2,5,9,-2
-6,0,-2,9,-1,-6,-16,-20
-10,-7,-5,-4,0,-3,-2,-16
44,12,3,0,-1,7,13,58
-18,-6,5,19,4,3,6,-11
20,3,0,-2,-5,-6,-2,27
-10,-3,-13,-11,-6,-12,-19,-25
-9,-5,9,22,3,-2,-2,-10
21,5,7,-7,0,6,6,-1
5,0,0,6,2,8,19,27
-3,0,-5,6,-2,-5,-8,-8
-15,-4,-3,-11,-5,-9,-13,-18
-5,-4,-7,-11,-3,0,-3,-12
-7,0,1,-8,-1,6,18,19
4,-3,4,10,-1,-6,-15,-19
1,1,-1,7,2,1,6,23
-16,-2,6,-1,-4,-5,-10,-10
9,-5,-6,-14,-10,-11,-3,2
-15,-8,2,-15,0,6,3,-28
14,4,-5,4,-1,-2,2,40
-21,-6,-6,-3,-4,0,1,0
18,-1,-6,1,2,2,-3,17
-5,-4,4,-9,-3,2,5,-2
-1,-4,0,8,-2,1,-3,-29
-2,-4,-10,-9,-6,-10,-5,7
-18,-5,-16,-7,-4,-3,-10,-39
6,6,34,3,4,3,7,15
7,-2,-5,5,1,9,10,11
-3,-7,8,16,8,-3,-4,1
-5,5,-2,2,-14,-10,-18,-34
13,-1,-8,-3,-1,-3,0,15
-2,3,-6,-17,2,1,1,-2
22,3,4,-5,-2,5,10,29
-25,-7,-3,-4,-3,0,-6,-14
5,0,-4,1,-4,-1,3,-10
-1,-4,0,-16,-6,-8,-18,-23
-2,2,1,-1,-1,-3,-8,-18
-10,0,7,2,4,2,9,18
2,-3,-7,0,1,5,8,16
-8,-3,-17,-22,-3,0,1,-10
-5,3,4,17,-1,-1,-3,-15
8,-2,-8,3,6,3,-1,15
-11,2,20,24,-1,-2,-7,-10
-2,2,5,-8,0,4,7,-4
-16,-2,-7,-2,-7,-16,-22,-47
9,-22,-1,6,0,-1,8,53
0,-1,0,-4,-1,-1,-7,11
-3,1,0,0,2,1,4,-17
1,-6,-8,-5,1,5,4,4
4,7,1,-4,2,8,14,-27
10,-10,-3,-5,-3,-14,-23,6
-22,12,3,7,-3,-3,-7,-7
-8,-6,-9,-14,-4,-3,2,6
-14,5,1,-1,-2,-5,-3,-17
-11,-2,-4,-5,5,7,8,-5
5,-7,4,1,4,0,4,24
8,1,-1,5,-4,-5,-18,3
-10,1,-7,22,1,-1,-5,-15
3,-5,-17,-24,-10,-2,5,15
-4,2,20,9,-2,-8,-15,-41
-2,-1,-1,-1,9,9,19,22
2,1,18,-4,-1,0,-1,-5
-12,-3,-12,6,-2,-6,-12,-2
9,-5,-8,-8,-1,0,6,23
-1,3,11,-11,2,2,-1,-6
-6,9,-5,-4,-9,-10,-21,-49
-5,-10,-6,5,10,8,12,19
4,-3,4,-5,-4,3,14,31
8,0,-3,-1,-6,2,3,1
-26,-5,-9,-17,0,-6,-18,-46
44,11,5,5,0,-1,15,60
13,0,-2,7,1,1,0,7
-14,-2,-3,-2,-5,-8,-9,-16
10,-2,-4,-5,6,6,10,19
-14,0,14,15,2,4,5,-28
6,1,-6,12,11,8,-1,8
-7,-7,-9,-8,-8,-6,-5,-19
3,-2,1,-22,-2,-7,-6,18
6,3,-8,5,-6,-1,7,7
-8,-2,12,3,-3,-3,-5,-17
-2,0,-7,-1,4,8,7,-3
-2,-3,0,16,-5,-10,-16,-25
0,-1,-1,-12,-8,-7,-21,0
-9,-5,-6,-1,-5,-7,-8,-36
-2,-1,-3,1,1,0,-10,-15
16,1,3,-1,2,7,26,64
0,5,1,0,1,-2,-5,1
-13,-3,-4,-4,-6,-5,-5,-15
-6,-4,4,14,-1,-6,-8,1
2,-2,-2,-8,-1,1,2,-8
-22,-5,-9,-12,0,1,-4,-36
-1,-1,-2,-5,-3,-2,-6,-5
13,6,8,-5,-5,-5,3,21
-4,-2,-14,10,-6,-7,-11,-3
-4,-3,0,6,5,9,17,4
-1,-10,3,2,-2,-8,-15,-15
0,0,-7,-8,-5,-1,4,9
-8,-1,13,2,6,1,0,-9
11,5,-7,-19,-7,-10,-9,-27
-1,-6,-9,-3,2,0,5,29
-9,2,11,10,-1,3,-4,-56
3,1,1,-2,1,-1,4,29
-3,-3,-1,4,0,-3,3,-5
10,4,2,0,-1,-2,-3,9
11,8,-2,-2,1,-3,-2,20
11,1,-2,-4,-4,5,6,9
-11,-5,-3,-3,8,3,-4,-9
5,-1,-1,9,-5,-10,-15,5
-7,1,-8,-10,2,3,6,-13
2,-5,12,17,-1,8,15,29
3,2,5,3,3,0,1,12
-2,-1,0,-10,-14,-6,-6,-6
-5,-6,-17,-7,-2,-2,2,4
-2,-4,7,1,5,1,-5,-21
2,-1,9,7,15,11,16,15
-19,-3,-6,2,4,3,3,-25
4,-3,5,-10,-18,-15,-11,9
-8,-1,-3,-2,4,-2,-4,-19
-1,0,-11,-7,-9,-4,-8,-11
-1,0,2,5,4,-4,-2,-37
-16,-3,2,1,3,4,6,23
2,2,-8,-2,-2,-1,-7,9
-26,-27,-2,-3,-4,-4,-1,-29
11,-3,-9,-9,2,11,13,34
-13,-5,-6,-9,-5,-8,-13,-33
2,7,9,-7,-7,-7,-9,-23
14,7,3,7,-2,3,2,8
-12,-2,3,9,2,4,2,-6
6,-4,-6,-3,0,1,5,17
-20,-13,-8,-10,2,1,0,-15
2,4,-4,2,-7,-6,-4,9
4,0,-2,-6,-6,-9,-14,-6
-5,0,10,3,3,8,12,13
8,-1,3,-1,-7,-10,-9,0
-4,-1,-9,0,-2,1,5,4
-16,-1,6,2,3,3,3,0
9,-10,-5,2,6,1,-9,-2
-7,7,-5,1,0,2,-4,-18
23,3,9,-1,0,2,5,19
-4,0,-8,0,-8,-8,-5,-6
7,3,-2,-11,-4,-4,1,35
14,2,2,12,2,3,4,8
5,3,1,1,6,-1,-8,1
-9,0,-19,-6,-8,1,11,-3
-8,-3,9,4,1,1,-6,-28
-2,-2,-19,-13,1,-5,-8,5
-1,0,-1,0,-8,-4,3,15
9,1,6,0,3,4,4,-6
-1,-1,-3,-2,-3,6,12,17
4,-1,-1,5,0,1,1,3
-3,11,5,-3,-4,-7,-12,-32
-18,-15,2,-2,-5,-8,-11,2
5,4,-2,-3,-2,1,2,-16
12,3,6,1,2,6,14,24
-11,-2,-14,-20,-10,-4,-2,-9
18,7,5,5,6,8,6,33
4,-6,-1,5,3,-3,3,9
-16,4,-6,-4,-1,-7,-17,-35
-2,-6,-3,-8,-8,0,-3,-3
25,4,-3,1,3,-2,6,55
-3,-3,5,1,2,5,13,-3
0,0,0,-5,-7,-9,-12,-1
-6,-2,0,13,-3,2,-4,-10
-1,2,-4,-6,-1,1,5,-13
-1,3,-6,-9,-6,-9,-13,-1
7,-1,17,-1,-1,0,6,20
-9,0,-15,1,3,-1,-6,-19
-3,7,-6,-3,2,2,14,11
-9,-11,2,15,4,1,-1,-3
-9,-9,-12,-11,-6,0,-1,-11
-2,-3,3,6,2,1,-3,-4
-1,7,6,-11,-7,-8,-13,-39
10,4,-11,1,-1,-1,-6,20
-17,-3,-4,-7,-9,-4,-7,-17
17,1,10,9,7,3,12,22
-4,-36,-6,-5,-6,-5,-6,-16
-15,19,-4,6,-2,-3,-9,-16
17,2,9,5,2,10,15,15
-8,-3,-7,-14,-1,-3,-7,-2
-2,-4,6,6,-6,-9,-20,-16
-10,-11,-3,-3,-3,-7,-6,-17
6,3,-13,-2,5,3,7,18
15,-2,4,6,-3,-3,-2,6
13,13,0,-23,0,3,9,15
3,-1,-2,-5,-10,-2,-10,-13
-22,-3,-10,2,4,-2,-8,-36
13,2,14,6,4,8,7,16
-26,-14,-11,-1,-6,-6,-9,-40
22,7,5,-3,9,3,10,53
-10,-6,5,8,-9,-1,-1,-22
17,-1,-5,3,2,-2,-1,44
-11,3,-4,1,5,8,2,-20
-5,-3,4,2,-3,1,4,-9
-4,-16,-15,-7,8,0,-2,-8
-11,9,-1,-7,-3,-2,-2,-11
9,7,9,16,-3,-1,0,23
6,-14,-3,-4,2,3,12,11
-5,21,6,11,1,-4,-12,3
-11,12,-3,-2,-4,-9,-14,-28
-4,4,-2,-8,-3,-7,-7,0
-2,0,-5,-1,0,-2,-6,-24
16,2,0,2,1,7,21,63
14,0,11,-7,8,7,25,-4
-11,0,3,22,1,-2,-7,2
-20,1,8,-10,-9,-12,-19,-40
1,-7,-11,-34,-6,-13,-28,-39
-1,-7,-4,28,4,10,25,56
-7,-8,-7,1,5,1,6,-11
-16,-7,-9,-23,0,5,-2,-17
10,-12,11,13,-3,-5,-7,14
-21,-4,2,-18,-10,-6,-9,-49
12,-21,-16,5,-1,0,-11,-2
-18,10,7,3,-2,3,17,36
5,-12,-6,-3,1,-2,5,14
6,17,-5,-9,-1,2,1,6
-12,-12,12,-1,-5,-1,2,-4
-14,1,-1,5,5,-7,-20,-26
28,13,-24,-28,-4,9,25,57
-25,-10,29,62,7,-2,6,12
5,2,-5,1,1,3,6,56
23,13,-2,-7,-1,-2,1,40
-15,-13,11,7,-4,-6,-8,-34
-3,-8,-14,-24,-7,0,-7,-3
-30,-2,-21,-13,-6,-5,-15,-52
20,14,27,19,5,8,18,26
-1,0,-5,6,2,3,3,-17
-20,-23,-6,-15,-11,-14,-19,-35
7,19,17,5,3,-1,0,25
-1,-14,-14,-17,-1,0,-2,-27
-4,7,8,16,-4,-3,-6,-15
10,-3,-9,-9,3,-5,-2,4
17,3,-4,-12,-4,2,0,8
-11,-6,-5,5,2,-1,3,-2
-5,0,4,-10,-3,-1,-7,-16
5,5,-2,-9,-3,0,3,35
6,0,6,10,4,-1,1,4
-13,-8,-8,10,3,1,-6,-36
3,-3,-1,12,-1,1,12,23
-1,-1,8,-17,-6,-5,-14,-13
5,0,-9,-7,-5,-5,-9,-34
7,-16,1,1,-3,3,21,45
6,17,-6,7,0,-3,-18,-18
-12,-3,1,1,7,7,-1,-25
3,-13,1,-3,1,7,9,14
-16,-12,-3,9,-6,-9,-16,-19
-13,-11,-5,-14,-5,-6,1,6
16,18,-5,-10,-1,3,8,1
-6,0,11,2,4,2,6,-7
16,-25,-2,5,2,4,-5,4
-11,21,4,-4,1,-1,0,-4
-21,-12,-13,-7,-7,-13,-22,-32
8,1,-3,-9,-6,-1,4,9
12,11,2,1,-2,0,4,14
29,-1,7,6,7,9,16,47
-6,-8,-4,8,0,2,-8,-23
4,8,3,7,-1,-2,8,5
-2,1,-9,-7,-9,-7,-14,-1
-14,-4,-1,0,6,-4,-16,-48
-12,1,6,-3,-10,-8,-11,-23
12,1,-3,2,2,8,26,75
-1,2,-14,-2,1,-4,-12,-45
-27,2,-6,-20,-7,-3,0,-13
10,-4,1,15,10,1,1,9
-18,-4,3,0,1,1,-1,-23
11,26,-11,-23,-16,-5,-1,25
-11,1,42,5,-2,-2,-2,-1
10,-4,-15,5,0,-1,-1,12
5,5,1,0,1,3,0,-1
-1,2,5,6,1,-6,9,-7
13,-7,-15,-11,-3,-4,-13,0
-23,-2,9,-11,-8,-5,-8,-33
6,1,-4,3,-4,-5,-16,-3
7,-5,2,0,7,11,13,-10
-13,-5,-8,-16,-4,-3,2,-20
20,3,4,16,-3,-1,10,24
-3,1,-19,-21,-2,-9,-20,-28
-5,-4,4,1,1,3,3,-4
13,-1,-2,8,-1,2,9,16
-6,-1,-7,-18,-4,0,-6,1
15,-33,9,8,6,1,13,15
-25,-3,0,0,-4,3,-1,8
-14,-11,1,11,2,-2,-9,-32
0,12,-18,-16,-5,0,5,-6
9,-5,-3,2,5,2,8,16
2,4,-6,-7,-5,0,-12,-22
4,-4,19,15,4,1,6,36
-11,-11,-1,4,-1,1,3,4
-2,11,-1,0,3,-1,-19,-27
4,-1,-4,7,-4,-5,2,23
-12,-6,-17,-17,-6,-5,-8,-19
34,2,7,2,-1,5,9,32
-11,9,-4,-9,-5,-3,-7,-42
19,2,-1,-9,2,1,8,28
-1,-9,-4,10,1,-2,0,-2
-7,-1,-3,-3,0,-1,-7,-10
-14,7,-4,-5,-2,2,8,10
-7,-3,4,2,3,-7,-29,-29
12,-9,-15,-12,-5,1,13,37
9,6,1,6,7,8,12,3
-9,2,8,0,-5,-3,-5,-2
-13,-21,5,4,2,0,1,-5
7,-15,4,6,3,0,-3,-5
-17,7,-17,-11,-7,-5,-2,-7
3,2,-3,17,1,1,4,2
-1,7,7,-8,-8,-6,8,17
9,1,2,6,12,0,1,-12
4,-9,6,3,-1,0,-6,-18
-6,2,5,-3,1,4,7,6
12,4,-3,-2,-3,-6,-4,13
-11,3,-7,-8,-7,-12,-20,-57
11,3,-1,0,-1,-4,-1,30
4,2,7,-5,0,-3,0,-7
-2,21,-1,9,-1,7,12,0
-15,3,10,-2,-9,-3,-6,-11
-3,-8,-14,-3,3,-4,-4,-4
-5,1,-4,6,1,5,1,-9
15,-17,0,-16,0,-4,0,6
-8,26,10,4,-3,0,-2,-11
-15,-7,-8,2,0,1,-8,-18
15,-11,24,20,5,2,9,23
8,7,3,-1,-1,-13,-19,-20
2,32,0,-7,-2,4,13,25
-9,-3,-1,-12,-8,-7,-11,-5
-7,-7,-11,-14,-1,1,-4,4
-11,7,-2,3,0,5,7,-14
1,-12,-9,-6,-9,-8,-5,-17
35,8,2,-4,7,5,19,103
-8,7,-6,-2,-7,-2,-10,-29
-20,-11,4,6,0,-3,-3,-16
21,-4,-14,-3,4,4,8,15
-10,-2,19,-3,-5,-1,0,-20
-10,-9,0,1,-4,-7,-11,-12
6,-5,-33,-23,5,6,4,17
-8,-10,-3,8,-1,3,-6,-11
-22,-8,-1,11,-4,-11,-9,-47
12,8,17,-7,-2,0,-3,17
