1,0,15,2,-4,2,1,3
-3,-3,4,-30,-21,2,1,-3
0,3,-9,3,20,-2,-1,0
-1,-3,15,27,-1,-5,-4,-5
1,3,5,2,-3,-5,-5,-4
2,1,11,14,6,1,0,2
-1,-5,-16,-57,-25,-7,-3,0
-4,-2,-30,0,8,3,1,-4
-3,-11,2,33,0,-2,1,-4
-1,-5,-22,-39,0,-1,-3,-4
3,20,76,10,-8,0,-1,0
-12,-6,-21,-39,1,-1,-2,-9
15,7,-11,58,10,6,7,9
6,0,17,1,-1,-7,-5,4
-5,-19,-53,-36,-8,-6,-6,-7
3,-1,13,3,-9,1,0,5
-8,2,14,-6,-5,-2,-3,-6
-6,0,-10,-29,6,3,4,-3
4,1,35,42,8,-1,-2,3
-6,-6,-3,-2,-11,-12,-9,-7
-4,-2,-21,-33,-7,-4,-4,-2
1,2,-3,16,7,4,4,4
-4,-9,-43,-13,-2,2,2,1
-1,3,39,-5,-9,-6,-6,-3
-8,-6,16,-5,-6,-9,-4,-5
-2,-10,-36,14,-7,-7,-4,-4
4,-2,-1,-31,7,9,8,6
-1,6,16,25,4,4,1,1
7,31,-29,15,8,-3,-4,1
-2,1,51,8,-1,-2,-7,-3
1,-9,-34,1,-3,2,1,0
-1,-4,-9,-7,2,2,3,4
-1,-16,-15,-22,-1,-1,-1,-3
-9,-5,-13,4,-1,-2,-3,-7
-8,-5,-11,15,1,-6,-4,-3
1,6,8,-8,-4,1,0,0
15,24,54,14,2,1,2,4
-13,-4,-17,10,5,1,2,1
9,15,51,17,3,1,2,3
-9,-3,-9,8,6,2,-1,-3
-2,-6,-31,-28,-5,-1,-3,0
-12,7,19,12,-2,-2,-3,-3
-3,3,-5,-17,0,0,-1,-5
24,0,-17,-5,-11,-10,-8,-1
-13,-14,-7,-19,-9,-4,-2,-4
1,-3,-8,30,11,1,1,2
-22,-15,-7,38,-4,-1,2,1
29,-6,-38,-33,-13,-3,-2,-4
-11,4,44,-15,4,5,3,-4
37,13,14,15,11,4,2,4
37,-2,4,-8,-6,-2,0,8
-7,-1,4,3,-12,-2,-1,-4
25,-7,-11,20,7,1,3,6
-13,-20,-33,-30,-11,1,4,-6
-34,2,-8,6,6,-1,-20,-14
-14,-23,-2,-14,-4,-10,-4,1
-24,-5,-12,-14,-6,-7,-10,-9
-12,9,14,12,2,-4,-3,-4
2,-5,-10,16,3,3,14,-1
-42,-1,-11,2,3,6,-3,5
-61,-8,-5,-6,-3,2,3,-15
46,-1,-7,0,11,2,2,11
15,14,21,-3,-4,-8,-6,1
18,-1,16,40,-5,2,8,12
-11,4,-14,3,-4,4,1,-3
-25,15,8,3,-5,-2,-1,-3
4,-4,-3,-5,1,1,3,1
-20,-5,-4,-8,1,-4,-16,-22
35,-7,-7,-23,-2,-4,2,17
-10,8,10,1,-12,-6,-9,-5
2,9,5,7,1,-4,-9,5
-6,2,-6,6,8,11,21,-5
7,-3,-36,-63,-35,-8,-3,-10
6,-15,-22,-2,11,-1,3,12
-51,-9,15,7,-19,0,1,1
61,28,5,-14,8,0,-5,3
-6,2,25,37,10,3,-4,-1
-20,-16,-19,20,-1,-1,4,-1
-33,13,23,24,-13,-4,-5,-13
3,-2,-3,-14,17,0,2,14
57,13,9,41,-4,2,0,8
-10,-14,-7,5,19,5,0,-6
-30,-26,-57,-39,5,-3,-1,3
14,5,19,-29,-26,-9,-5,-6
11,-13,-2,-32,10,4,4,9
33,13,-3,0,-14,-1,1,-3
5,8,11,-7,10,-1,-2,7
-10,-7,-28,18,-13,-11,-8,-5
-38,-32,-45,-62,-22,-15,-13,-20
-9,4,49,44,2,3,-2,-7
17,-1,-67,-9,-7,2,7,-11
-42,-40,-59,-55,-27,-16,-11,4
76,23,61,60,20,7,5,20
-88,-26,-40,-32,-6,-6,-5,-16
73,2,-8,-12,2,-1,2,6
12,19,56,9,19,7,1,-18
-47,-4,-5,9,-9,-4,-4,-8
2,1,6,-40,-25,-5,-8,-14
10,15,8,-14,5,-4,-4,-3
-3,-2,0,-29,-1,6,11,37
-5,0,-22,19,33,11,15,16
14,6,7,-42,-9,-3,1,5
3,-12,-7,35,4,-2,-7,-28
-26,-10,-46,24,2,0,0,-20
21,17,3,5,-18,-2,-2,-3
12,-21,18,25,17,8,7,32
21,8,11,26,2,8,10,8
-12,3,-27,0,8,-1,-4,-13
-36,-19,4,38,-4,-14,-19,-23
-27,4,36,-36,-6,-8,-2,32
71,8,-37,-48,-18,-12,-2,5
-10,31,121,73,12,14,15,16
4,9,-21,21,23,11,2,-3
10,-3,-55,-33,-14,-10,-11,-28
-37,7,53,35,5,-2,-9,-7
-21,3,-4,-39,-1,-8,-4,-14
15,0,-21,-41,-31,-2,1,12
-11,-4,-12,-74,-1,5,8,-18
-27,-21,23,26,-9,0,-2,-3
-1,12,46,-1,3,-2,-1,14
-49,-33,-35,-50,-19,-5,-7,-15
25,35,39,46,19,7,7,11
-48,-3,5,-22,-10,-4,-6,-23
-9,5,10,-32,16,-2,-11,-26
1,-6,-2,8,8,-5,2,32
15,-18,-33,21,3,0,2,-6
-9,-9,-81,-51,-29,-6,6,39
70,-29,-73,39,6,-1,2,8
7,21,85,35,16,5,-4,-16
-41,-12,0,16,-15,-10,-15,-48
16,10,40,-2,10,8,6,21
8,-13,-23,32,-3,-1,0,4
-18,-15,-26,-24,-7,-9,0,-16
-43,-24,-3,23,1,-7,-14,-51
-6,9,-13,10,19,4,3,10
15,-6,-14,-4,-7,10,11,53
32,19,34,1,21,2,10,19
13,7,-15,-40,-20,-14,-12,12
-20,-14,3,-7,-7,-9,-12,-42
-25,9,25,3,-2,-4,-9,-17
-25,6,-32,21,-5,5,2,-18
60,24,73,51,17,11,16,32
-9,-13,46,11,2,-8,-7,-6
-14,10,2,-10,-36,-12,-6,-8
-53,-31,2,-36,-3,-2,-13,-68
21,14,-34,-20,9,13,19,55
24,2,34,27,29,9,10,14
0,5,28,58,14,8,6,-20
-7,-3,-24,8,2,-3,-1,-1
11,-1,26,8,-19,-7,-13,-32
4,-12,23,4,10,-1,-3,14
8,-15,-19,-10,10,-1,-5,-13
0,3,8,-22,-12,-5,-1,14
24,3,1,40,-2,0,-1,-11
0,5,-2,-5,-8,3,4,0
5,5,2,-34,-8,-4,1,6
35,7,-14,-10,19,1,0,-5
4,-6,-25,-8,-18,-4,-1,37
-27,-11,-59,-75,7,1,-6,-35
9,-2,-22,-2,-22,-8,-3,1
9,-8,-64,9,-25,-1,-3,14
-16,2,64,-15,6,-3,-2,-20
2,-7,-20,28,6,0,1,-5
40,6,16,-3,8,7,3,9
11,-2,-8,-12,1,-1,2,2
-41,-30,8,-31,-1,-4,-7,-12
9,33,26,10,-18,-1,4,20
-19,-8,9,8,1,-1,2,11
-14,-1,12,73,2,1,-1,1
-6,-1,-33,-10,16,0,-4,-11
16,-17,-16,11,-6,-2,-2,0
-12,15,43,35,-1,2,2,3
-6,9,1,-14,19,2,-6,-23
-30,14,14,39,0,-1,-5,-51
54,12,48,25,2,7,27,87
-18,4,-28,-39,25,-1,-4,-53
1,-6,-21,7,-15,1,-2,4
-29,-6,18,28,-1,-6,-5,-9
-11,-11,-25,16,6,-8,-18,-46
-23,-13,5,27,13,5,-1,-2
-1,1,-35,-46,13,5,5,10
-23,-21,-110,0,-8,-5,-3,-5
-44,-12,-32,-20,-11,-2,-6,-30
41,5,5,56,12,-4,1,29
58,8,-9,-8,-13,-3,3,4
-7,-1,-14,-70,-34,-7,-8,-3
-32,-15,-18,18,22,5,8,21
6,5,-42,-38,-1,4,0,13
-28,-12,-6,-16,-4,-3,-5,-14
30,7,15,26,17,1,4,27
-39,2,10,-47,-27,-7,-14,-55
-31,-12,-25,-8,-18,-5,-13,-42
25,18,100,25,2,3,17,65
30,-21,-53,-38,-3,-3,1,37
-52,25,-26,-43,-47,-12,-18,-43
29,4,69,34,4,6,-1,-8
-41,-4,20,-22,-28,-2,-2,-10
52,16,22,38,19,12,22,76
3,-10,-25,10,2,0,3,20
23,-5,-40,-67,-4,-3,1,-5
-24,0,-1,-21,8,-5,-17,-34
-19,-7,-51,-1,-3,-1,-7,-53
13,-2,108,18,18,8,8,19
-26,17,-10,-5,11,4,8,7
-23,-22,44,33,12,-2,-8,-20
19,-2,4,15,-15,-4,-6,-10
44,5,-19,-8,-13,-2,5,47
-34,-11,-5,5,-7,-4,-7,-35
18,4,-42,-77,-1,0,6,25
-13,-1,-11,12,-5,-3,-4,-19
-12,-11,-29,3,1,0,-3,-16
-14,-2,54,42,-9,-6,-6,6
-12,-18,-36,27,11,0,1,15
12,-16,-34,-55,-1,0,-2,-36
30,16,-12,23,9,-3,-5,4
-11,-3,-47,-70,-4,-4,-3,-55
37,5,29,22,-8,-1,16,81
3,12,15,-21,18,7,5,10
13,9,5,29,-7,-6,-5,-15
-29,-1,42,10,-7,-2,-10,-28
-17,4,-14,-5,14,0,-5,-57
13,5,-59,-5,0,0,0,17
31,12,27,3,-4,2,-2,-9
26,13,39,25,7,4,23,86
32,14,8,-35,-3,1,4,-7
15,25,65,32,4,4,3,28
-24,-15,-19,23,16,1,-4,-25
-10,-8,-31,-25,-14,-7,-10,-15
-21,-12,-3,31,-5,-8,-8,-26
-25,4,44,24,2,-5,-9,-35
-11,-9,-4,-11,2,-4,-7,12
14,13,72,20,45,20,26,43
16,10,36,13,14,6,8,12
-29,-4,0,25,2,-3,-8,-32
8,-6,10,1,1,-3,-9,-46
17,9,-50,-9,-9,-2,1,31
16,0,-5,-9,-3,-3,0,58
-7,2,-14,13,-1,-2,1,-4
6,-4,-19,25,28,1,-2,-17
10,27,-22,-4,0,-2,-4,6
-30,-19,10,40,-22,-4,-18,-81
60,3,-30,-28,7,-1,11,34
22,1,3,-20,1,8,21,77
-21,-29,-14,-13,-7,-1,-11,-33
-16,14,19,49,-4,-15,-16,-38
-55,-5,2,-7,-22,-13,-14,-71
14,-6,-6,28,6,6,15,56
30,-6,-27,-37,-7,6,14,33
-3,-6,-37,-6,4,6,1,-8
-29,-5,65,1,-18,1,-12,-29
29,8,-28,-42,-3,-4,-4,-15
-16,-5,4,27,-11,-7,-8,-11
-11,6,-21,-20,-21,-5,-1,-5
-19,-12,-22,-31,-7,-2,-1,25
-75,14,29,17,17,0,-5,-69
86,2,-4,10,9,3,13,78
10,-3,-1,-11,5,4,8,14
-3,1,6,-4,-9,-3,-1,11
-20,-3,-12,-18,-29,-5,-8,-12
-51,-43,-30,33,-11,-8,-20,-80
-10,2,22,20,-8,0,6,26
19,0,-2,-2,-2,0,6,32
-6,-22,52,22,-4,0,-8,-68
34,16,0,-7,-8,-1,13,69
4,-5,-18,-24,8,-3,-2,-21
-40,12,36,16,2,-2,-1,-60
46,4,-8,6,6,-1,8,78
-37,-4,-14,16,26,0,-10,-56
-22,-13,8,61,-28,-7,-5,-17
19,-1,-21,-10,8,-3,-2,16
28,0,12,45,-18,2,-1,-17
-35,0,4,-18,-2,5,3,12
-12,27,40,16,24,4,3,4
46,33,20,-13,-13,3,1,4
-17,4,-8,-18,2,-4,-3,-9
-13,-12,-10,-6,-6,-5,-6,-7
7,-2,-63,-29,-4,2,5,6
-3,-10,-10,4,9,-1,3,-21
-5,-13,-4,-34,-8,-5,-8,-12
-42,1,-32,5,-9,-10,-15,-47
65,-6,21,-37,-7,11,21,71
16,10,9,14,22,-4,-3,47
-37,-13,-46,-12,0,-10,-15,-42
14,2,26,6,-6,-2,2,4
-20,-17,-40,-66,-11,-10,-17,-44
0,-16,-31,6,1,-1,-2,15
-40,-3,-27,-21,2,0,0,-18
69,5,2,13,-1,5,2,2
11,3,46,-12,4,-4,-4,14
11,30,16,47,-7,1,0,-12
35,-15,-8,8,12,3,11,46
-9,12,-4,-45,-10,-7,-7,-13
-15,-1,-5,-5,3,2,-1,-14
-44,-27,-19,-23,11,-2,-1,-10
17,4,1,23,-11,-6,-2,-8
-25,3,4,-7,-6,-3,-3,-24
51,7,-3,9,7,4,13,75
-24,-7,5,17,-6,-2,-4,-21
-5,3,3,7,2,6,20,62
9,1,-2,-46,3,1,-5,-31
-34,-13,-45,8,-19,-18,-19,-14
3,-6,-6,-4,-15,-1,2,-3
16,5,11,-22,49,5,5,25
1,-8,-31,-37,-16,-8,-7,-10
-20,12,6,23,6,2,-2,-22
14,14,52,-9,-8,4,3,23
-8,-23,38,64,-5,5,-2,-16
-19,29,10,45,3,-1,3,-13
-16,-3,23,-16,1,-6,-9,-24
5,-9,-23,-15,-24,-3,2,10
-27,7,1,-18,7,2,0,-15
19,-31,-2,15,4,-1,4,45
-41,17,2,4,-7,-8,-17,-67
-13,-12,-15,7,9,1,2,-13
37,7,-31,-25,-10,2,10,22
-35,-8,4,-11,6,5,-5,-28
3,-15,-14,-21,-19,-1,-1,-16
18,11,47,42,11,2,-2,-21
21,14,-28,-13,-21,-7,-4,7
7,-10,5,-4,-11,2,1,14
-30,-19,-24,-50,11,-2,-11,-53
-3,25,29,43,5,-4,-1,-2
2,10,15,-10,-12,3,10,36
-19,-6,4,3,-6,-7,-6,-12
12,-14,-17,-2,13,4,0,5
42,-13,-6,-43,22,12,14,27
-43,7,15,37,2,-1,-2,3
-9,-1,20,-9,-4,-6,-10,-22
-11,0,-11,8,-8,-4,-4,-31
13,-2,-20,-28,6,3,14,73
11,3,11,10,16,2,-8,-34
5,4,65,32,-5,3,-2,-25
39,-8,-40,10,1,2,9,20
-57,11,-26,-19,-10,-14,-18,-20
16,-3,16,-42,-8,-6,-6,-9
-18,4,-33,1,9,3,6,8
50,6,29,41,13,4,7,28
-6,1,-8,13,-1,1,-2,-21
-34,-13,-30,-33,-17,-7,-7,-3
11,16,19,-11,-3,-1,2,4
-18,3,26,-40,-16,-1,1,6
3,-16,-28,32,9,-1,-9,-16
-8,4,-3,-30,-9,-7,-7,-20
13,-10,-23,-1,-10,-2,2,-5
-13,-3,23,36,15,3,1,-11
26,-3,-13,41,5,3,7,47
5,14,0,-1,-4,0,-9,-30
-13,-1,8,5,-5,-3,-4,5
40,-4,-6,16,19,-2,11,91
-12,-3,-5,-34,-10,-1,-7,-40
-10,-10,-1,-1,-11,-1,-6,-30
-8,-3,16,11,4,-5,3,22
23,19,-1,-6,-9,2,0,7
-19,-32,12,-31,-16,-2,-4,-31
-18,-14,-19,0,9,3,4,25
-33,-4,-11,-16,2,0,-2,-26
0,-10,-11,-9,-4,-4,-8,-20
-4,0,-20,-52,-7,-5,0,6
30,3,12,33,-10,-2,9,43
-35,-15,-24,-22,-12,-3,-8,-7
28,20,-5,-25,8,3,4,10
-16,-1,32,40,7,2,-6,-19
-30,-6,1,-13,21,-5,-9,-43
30,6,26,6,-10,2,4,50
-23,-15,-2,-14,-2,1,3,1
-5,0,-22,-5,-1,-4,1,17
-8,2,-3,38,-10,-6,-12,-15
21,-4,-15,6,10,-1,2,-19
-13,4,53,23,-3,4,3,21
0,-1,0,4,-4,-1,0,21
-22,-22,-16,-11,-9,-4,-2,-14
17,-2,-28,-4,7,3,-2,5
-27,-6,-8,-13,-20,-6,-9,-21
-23,-4,24,18,6,1,0,-26
63,18,30,-14,11,9,9,11
-20,-9,-26,-8,-2,-4,-6,-8
-1,1,7,-24,-13,-2,-1,-15
-24,-13,-7,-32,-17,2,4,2
0,-8,-22,18,4,-7,-11,-28
4,1,-13,8,-3,-3,0,14
-5,11,-8,-44,-7,3,6,-2
4,-13,-34,-23,-18,-11,-10,-20
-21,0,6,-14,-11,-2,-1,-9
-8,-15,-22,-10,-7,-4,-1,-15
-4,-2,-8,37,17,2,-4,-3
-13,-2,1,34,12,2,1,12
16,11,9,20,24,3,8,26
29,5,18,-8,-5,5,8,47
-11,3,-2,11,-4,2,1,-42
16,-5,-11,-13,1,-7,-9,7
-13,-15,7,10,-24,-3,-5,-10
4,-1,15,27,-4,2,-1,-4
-32,1,1,20,38,2,-3,-30
20,3,-14,-9,7,4,1,6
6,3,-6,-12,-16,-6,-4,6
-23,-6,-7,-15,-18,-9,-7,-8
29,-8,-9,1,-8,1,5,46
2,12,22,-22,-6,0,-2,-28
48,9,10,0,7,6,7,11
-36,-10,-11,7,-14,-1,0,4
73,-3,-11,-47,-36,-4,-1,24
6,-2,22,-26,12,2,-3,6
-53,-5,-15,3,-13,-6,-10,-43
11,-5,-20,-26,6,-5,0,28
-13,0,-11,-7,-10,-8,-11,-17
-4,0,1,29,6,-7,-2,-11
-1,-1,1,-27,-7,-4,0,-9
-47,-7,-7,-27,-7,-1,-9,-78
-17,-10,-17,39,14,0,-3,-5
37,10,25,5,-2,8,3,18
-36,-24,-8,-33,18,-1,-5,2
0,16,21,35,-24,-7,0,-7
-2,-7,-10,-30,-6,3,3,19
5,-4,-20,26,-4,-3,-5,-27
45,9,17,7,8,6,13,91
19,1,2,-24,13,6,-1,21
-23,10,30,14,4,-4,-8,-49
-15,-9,5,26,-2,0,4,54
-18,8,-6,13,1,-7,-16,-60
38,4,-7,-9,13,-1,5,21
6,7,15,23,19,5,7,39
23,4,-19,2,12,7,11,-9
10,7,9,22,3,6,6,10
-19,-2,12,10,3,-3,-14,-29
11,2,15,27,20,5,7,-19
17,-2,9,0,-7,-2,1,23
-39,1,-41,-49,-23,-9,-10,-44
41,1,-1,9,13,0,11,63
-44,14,-8,-13,-13,0,-7,-67
23,-4,-4,-15,-3,-3,1,56
-7,5,-1,24,3,-2,-5,-26
10,-12,9,-38,-7,1,5,-23
-37,0,-17,3,-2,-7,-9,8
17,6,10,-7,-4,-2,-5,-60
-21,-5,13,6,0,1,2,10
52,7,-4,39,18,9,15,83
3,-9,-3,-5,-8,1,2,1
-29,-4,-6,-9,-15,-12,-15,-35
-3,-7,-5,-6,-7,-5,-5,-8
-16,1,-17,-2,-25,-5,-2,1
3,-7,15,-5,6,-3,-7,-19
-43,8,2,-21,-17,-6,-8,-15
21,-3,-1,-9,-2,4,3,2
-1,8,-21,-4,7,-2,-4,-5
9,-11,-16,-19,-9,-3,1,36
-41,-24,-15,-5,1,4,3,-19
14,-9,4,12,-2,2,4,-6
-19,2,13,-1,-6,-3,-11,-47
-18,-3,5,18,-8,-5,-10,-37
46,2,-7,-36,11,5,18,92
-23,-19,4,-11,-13,-3,-4,-16
-2,21,37,10,18,4,-10,-43
-16,-6,-10,25,9,-5,-3,-16
53,12,22,34,5,6,13,68
-3,2,-6,-11,7,-1,-1,-11
1,-7,-7,-18,-6,-5,-3,-13
-2,-14,-24,-16,-16,-11,-12,4
-13,-3,-28,-54,14,-5,-8,-31
27,11,5,36,-7,5,4,40
-44,-7,21,19,3,-6,-13,-66
16,10,40,34,13,4,8,-8
-5,-11,-42,-20,-11,3,4,15
16,6,23,-5,11,1,8,20
-29,-4,-22,-8,10,-5,-7,-44
31,10,14,-11,-7,2,7,55
1,4,-3,4,-7,-5,-6,-17
-7,4,-5,11,-11,-1,-1,6
-24,-23,-3,16,31,3,-5,-12
16,4,-4,-20,-10,-1,6,32
-13,2,2,17,27,3,4,-5
-7,-2,-11,-12,-5,-5,-6,-2
-1,3,2,-5,2,2,5,14
-17,-12,-6,3,-5,-2,-9,-20
3,-1,1,5,-9,-7,-16,-54
45,5,10,3,6,1,22,114
1,3,2,-2,5,2,3,7
0,-2,-9,-8,-1,-2,-2,-3
-4,13,8,9,-3,0,-6,-24
-27,-6,-9,9,5,-6,-17,-54
44,12,-1,-5,-20,9,27,95
-22,-5,-6,-2,7,4,4,8
-8,6,20,30,10,-3,-8,-38
-10,-3,-12,-38,-16,-6,-10,-36
9,-9,-6,-25,3,-1,-2,22
9,4,3,9,1,-2,-4,-12
-25,-2,-2,-2,-11,-6,-4,-19
34,14,4,8,6,3,8,15
-20,-7,-2,-5,-7,-6,-11,-37
1,3,-2,2,7,3,1,-24
-22,-9,4,1,-2,-1,-3,1
11,5,-5,-1,-3,0,3,26
6,3,-2,-11,3,-2,-4,-4
-39,-3,-6,1,-8,-8,-21,-79
20,-1,-6,16,-4,2,16,47
25,2,19,4,11,7,13,-40
-1,-7,-22,-25,-21,-10,-10,-26
-24,-5,-17,-20,0,-4,-10,-41
9,2,10,4,-4,-3,2,43
42,4,-3,-5,-1,2,11,98
32,6,1,8,6,7,6,-5
-10,-9,1,-5,-12,-2,-3,7
-14,-4,1,6,10,0,-7,-19
-20,-6,-4,13,12,3,-5,-27
-11,-18,6,-3,-6,-5,-3,9
-1,-7,-16,-25,-14,-4,6,26
46,13,25,7,13,13,12,34
-22,-3,-7,21,-2,-5,-11,-16
-11,-2,-2,-3,2,0,-4,-33
-13,-6,-1,-5,-4,0,4,-32
25,-6,-19,-26,-13,-2,10,62
-53,-15,-5,-8,9,1,-16,-80
16,4,-9,0,-10,-6,-5,26
15,6,8,5,2,6,15,34
-20,-5,-13,-14,-7,-5,-4,-13
-9,2,-9,-13,3,1,-8,-33
-9,4,12,36,6,-3,-6,-10
40,11,4,-3,-5,0,5,29
-7,-5,5,10,4,-5,-6,-22
-30,-8,2,-2,-8,-7,-12,-17
-15,-3,-4,22,4,0,-3,-41
14,-3,-18,18,20,-3,-1,18
-2,-12,-3,-13,11,2,-1,-25
-12,-2,-7,5,-7,-2,-1,-33
6,0,-1,-22,5,2,10,49
39,9,22,44,-3,0,2,38
-44,-16,-32,-24,-16,-9,-9,-46
9,-3,0,-14,8,0,-3,18
-6,-3,8,17,-6,0,2,-25
11,0,3,-9,-4,0,2,21
9,18,14,22,1,1,-4,-16
-9,-1,-2,-15,-13,-7,0,-14
-16,3,-7,-7,-1,2,2,31
48,9,0,-23,2,5,16,78
-9,-2,8,27,2,0,-9,-47
9,-2,-3,1,-3,-2,4,22
-5,-3,-4,-18,-7,-2,-7,-33
-25,-4,1,-8,-3,-3,-11,-32
-16,1,-2,-11,-3,-5,-6,-35
60,8,0,-9,3,11,30,103
-1,6,13,39,1,-3,-6,-39
-13,-11,-15,-28,-10,-5,-9,-31
-16,-6,-1,-3,-6,-1,-8,-34
-22,-7,-3,-9,-7,-11,-16,-31
-6,-24,-8,-2,1,-4,0,6
33,11,1,18,12,5,0,3
21,3,17,4,-3,4,14,28
-7,-4,-12,-17,-7,-4,2,26
11,2,8,-4,-4,3,0,11
-42,-13,-11,-25,-2,-11,-19,-79
-5,-8,-12,-11,-18,-3,-1,28
11,2,3,31,15,1,-8,-30
-37,-2,0,8,-5,-5,-4,-19
4,-1,9,-12,3,0,8,19
10,2,-13,-2,-10,-4,-3,-10
-29,-3,1,-10,-7,1,-5,-15
7,3,-3,-6,1,2,-1,13
-17,-6,-13,2,-4,-3,-1,-8
8,-1,8,11,7,1,-2,-6
-15,3,5,1,-2,-2,-6,-45
0,1,-4,-17,-2,-1,0,-5
58,4,6,-16,0,8,24,116
-25,0,-18,-14,-1,-6,-13,-38
-1,7,6,37,3,-1,-1,12
-3,-36,-18,-32,-5,-4,-1,1
-34,-1,10,21,9,5,-3,-41
28,5,12,17,0,4,3,27
16,4,9,3,8,1,9,78
-10,7,0,-12,1,-1,-3,-44
-13,-5,-1,4,-3,-1,3,34
-26,-5,-6,-14,3,2,0,-38
-10,0,6,-3,-8,-3,-3,0
12,10,6,23,9,4,7,-12
-13,-10,-12,-9,-6,-2,-6,-29
9,4,-11,17,-4,-3,6,47
-9,-11,-13,-11,-10,-7,-11,-45
-18,3,-8,1,-6,-7,-5,8
-7,1,-4,-13,-3,-3,-8,-43
21,-1,0,-9,6,5,10,33
-7,-11,-13,0,-4,-3,-10,-17
0,4,3,0,-1,3,4,-2
-10,2,7,18,-1,0,3,-7
2,-8,-5,8,2,1,-7,-13
-6,-14,-19,-11,1,-3,5,22
45,26,19,12,-3,-5,4,44
7,5,-14,7,1,-3,-2,15
-21,2,13,-12,-9,1,-7,-31
-23,16,-10,3,-1,3,-2,-61
40,0,8,8,3,5,15,57
8,10,9,3,4,4,0,16
-10,-2,5,2,1,-3,-3,-6
29,0,19,25,1,1,6,50
-27,1,-2,-16,-5,-2,-9,-3
19,6,0,12,-2,3,4,-11
-11,-9,-4,-5,-7,-6,-9,-18
-13,-7,3,-11,2,-3,-1,-16
-1,-3,-12,0,-3,0,-2,-18
-27,-13,0,10,-6,-5,-9,-47
15,2,2,9,3,-1,10,17
13,1,-8,-16,1,-1,1,12
23,9,-15,2,-15,-2,1,52
-18,8,5,13,10,-2,-10,-39
-32,1,13,12,1,-3,-5,-56
33,2,-4,-35,-10,5,13,52
-21,-2,-3,17,2,-3,-14,-59
-10,-8,-24,-25,-9,-7,-4,20
10,13,40,-43,-27,1,2,14
-28,-6,0,-1,-2,0,-7,-48
31,1,-10,-41,15,8,10,37
-18,-3,-6,-42,-25,-11,-8,-48
22,5,-8,-28,6,-2,8,80
-19,-10,-3,20,-19,-5,-13,-53
11,-3,6,-22,5,4,8,46
-2,6,20,37,20,2,-2,-9
-1,-15,-7,-10,-6,-5,-9,-14
0,7,0,-12,5,-1,6,11
-27,-6,5,29,14,-4,-11,-27
-8,-21,-5,7,-6,-2,-8,-37
-13,-4,-20,-2,9,-3,-5,-7
59,11,21,-19,-12,11,30,85
-13,10,-5,-16,-15,-3,-9,-57
20,-12,3,1,1,-4,0,41
-47,-8,-12,6,8,2,-10,-49
-12,-5,-17,16,11,-6,-13,-30
-22,-7,0,-16,-7,-1,-3,-21
19,8,5,-8,-22,-1,13,60
25,12,16,34,19,10,13,27
-3,-3,3,43,15,0,-2,8
-17,-5,6,-9,-8,-8,-5,-27
-36,-7,-8,-34,-1,1,-8,-43
11,1,1,21,-5,-2,1,5
9,6,10,-5,2,5,5,17
-14,-6,-5,22,9,-1,-13,-37
-8,-5,-10,10,-1,-8,-5,-4
-4,-2,-26,-52,-22,-6,2,5
4,-3,-7,26,17,1,-2,-7
43,7,10,13,-3,3,10,19
-20,-13,-13,-3,1,0,-8,-19
-1,5,-11,13,-7,-2,-6,-8
-8,3,3,14,0,-7,-11,-55
13,1,-10,-16,3,3,5,27
-22,0,2,14,-6,2,0,-19
43,15,11,33,15,7,15,36
-30,-15,8,-23,-14,-4,-3,-7
16,6,0,-17,3,-2,4,33
-19,-5,-3,2,-4,-4,-13,-50
2,-6,-8,-41,-15,-9,-4,29
9,4,-3,-22,1,4,16,49
-6,-6,1,13,2,2,-3,-12
-9,-9,-10,-35,-8,-5,-7,-24
-28,-6,-7,36,4,5,-5,-22
35,6,-15,-66,20,-2,5,45
-24,-5,4,-1,-34,-7,-5,1
55,1,15,29,20,6,12,58
-2,-6,-7,-11,-6,-6,-8,-6
-39,-9,-4,-37,-18,-11,-21,-82
29,-2,-5,29,7,1,9,71
-3,7,-5,-8,2,-1,3,1
-6,3,12,14,1,-1,0,-9
-45,-15,-2,11,-8,-3,-13,-62
39,3,1,-24,4,6,13,48
4,6,10,15,-16,-7,0,-1
23,-3,-14,-40,-1,1,1,-4
-16,-2,-17,-33,-4,-3,-11,-26
-33,-5,-4,32,-3,-8,-8,-29
10,14,18,4,7,6,8,11
41,-4,-9,1,-2,0,6,51
2,4,21,89,14,8,6,14
-11,-7,1,20,0,-3,-7,-28
5,-6,3,-7,-5,-6,-7,-7
-27,-2,9,-6,0,1,-3,-61
20,4,10,58,11,3,6,42
-21,-1,-1,-45,-11,-10,-12,-41
33,12,0,20,0,-1,4,34
-1,-5,-7,13,4,4,9,47
-10,-7,25,-3,-1,1,-3,-22
-16,-10,-33,-39,-10,-10,-10,-42
-30,-9,-10,-3,-5,1,-4,-12
24,4,1,-6,4,-2,5,63
-19,10,-19,-15,-23,-5,-6,-20
-18,-4,5,29,10,2,-5,-8
6,0,-7,-25,0,0,1,-35
2,9,-1,-25,2,-1,4,29
6,0,-6,0,-1,2,3,21
-9,0,2,-3,-6,0,0,-26
-2,-7,-11,-18,1,-7,-4,6
-35,-17,5,21,-8,-7,-15,-60
12,-5,-13,-14,5,-6,-6,-13
-2,-2,15,28,1,-2,-5,-6
37,9,-8,13,16,10,15,47
-3,-3,5,-13,-8,-2,-1,-2
-6,8,23,16,-2,1,-3,-5
-4,6,-7,1,5,2,2,-6
-7,-3,1,-16,-6,-3,-3,24
-30,-6,-18,-44,-8,-11,-21,-101
32,-1,7,39,10,4,15,87
11,3,12,-11,-5,0,1,-2
0,15,18,9,1,5,4,-9
-5,4,-4,18,8,0,-4,-4
-5,-4,-4,-16,-5,-5,-12,-41
22,-13,3,-17,0,2,6,21
16,14,-12,-20,-1,-2,5,47
-4,-3,-1,23,-6,-5,-6,-13
21,-3,-1,-21,-6,-1,3,7
7,2,1,3,7,1,-2,4
-23,-13,2,5,-5,-2,-5,-10
9,3,8,-28,-7,0,-3,23
-15,-2,-1,-14,-13,-8,-8,-52
23,-2,-21,15,-4,9,18,73
-5,-9,11,-2,12,1,-2,-10
4,15,9,41,8,-3,-3,5
-15,-4,-16,-18,-19,-4,-9,-30
-14,2,5,-11,8,-5,-2,-4
6,-12,-16,-19,5,1,-2,3
-17,-11,-1,18,-5,-2,-2,-24
4,12,16,21,-5,3,2,-1
-7,-3,-10,-13,-2,-3,-11,-52
-10,4,4,29,-2,0,5,50
9,-11,-12,-9,-4,-9,-9,1
26,16,9,-72,-9,4,11,46
-9,-4,-13,1,-4,-1,-8,-9
-27,-9,3,38,-13,-8,-15,-64
-34,-16,-16,-37,-13,-1,-9,-72
30,6,4,30,-2,2,16,65
0,5,13,14,2,1,-1,-31
1,-2,-3,-6,2,-3,-7,-28
9,-19,10,12,4,7,7,30
-31,2,-19,4,0,-11,-12,-51
9,20,19,1,9,4,7,12
3,-10,-5,5,-6,-1,-2,6
-2,1,8,10,2,-2,4,-10
-12,-15,-29,16,4,-2,-5,-22
-1,-4,-1,-29,-1,2,-1,-4
-4,5,1,12,-24,-11,-5,10
24,6,4,21,9,4,13,48
0,-13,-12,25,-2,-5,-1,2
-22,11,-7,-9,-3,-6,-11,-23
15,3,-14,-7,13,6,1,-7
16,6,-2,-4,-6,1,7,44
-16,-18,-9,-17,-2,-1,-8,-26
0,-2,10,23,4,0,15,51
-30,-7,-1,-10,-3,-2,-10,-43
-19,0,-20,-1,-15,-1,-2,-5
28,3,0,-7,9,5,5,58
6,-8,3,27,-1,-2,-3,2
-13,-8,-3,16,2,2,1,-8
-6,6,-13,-41,2,-3,-5,-24
-23,3,6,28,-5,-7,-11,-49
-7,-4,1,10,-4,2,-5,1
22,3,10,-10,3,5,11,29
-3,-4,6,3,-3,7,3,-13
-7,-6,-13,-8,-5,-9,-8,-15
-32,-9,-5,-5,1,-8,-18,-84
21,4,-2,17,8,0,14,85
10,8,12,6,-3,3,3,4
-4,6,21,-3,6,4,7,4
6,-13,0,10,-1,3,-3,-22
-34,29,-8,-25,-2,-7,-11,-58
-12,-8,-6,-9,-1,-2,2,19
49,13,31,10,10,5,12,55
-4,-1,10,-6,-19,-6,-2,8
-11,1,8,25,-6,-1,-6,-27
-7,-18,-10,14,11,-7,-5,-6
1,2,-19,-12,-4,2,1,10
13,-3,-19,-20,-14,-2,2,14
-8,-3,-1,-16,-4,-1,-4,-16
26,13,8,13,7,3,5,48
-30,-12,-13,-20,-1,-3,-8,-38
36,6,6,5,10,9,16,31
-2,3,-2,-12,-7,-7,-6,5
-4,-10,5,18,9,0,-9,-29
-14,-14,-14,-23,-5,-6,-7,-31
3,2,-2,-16,-6,-2,0,-6
14,2,1,-42,2,1,2,6
4,7,7,0,-14,-5,-1,9
-2,-5,0,-1,-2,0,-1,16
-34,-7,2,16,5,0,-2,-38
17,1,-17,-7,-5,-2,-1,10
-22,-9,-2,-14,-4,-7,-13,-37
6,8,-3,10,4,4,11,-6
9,-4,-2,8,10,3,12,116
-6,-2,-3,-3,-1,-3,-2,-32
-6,-1,-12,-4,3,-1,-4,-6
-8,0,23,-21,-8,-3,-12,-39
-34,-3,-6,-9,8,-3,-3,-13
33,4,13,-10,5,2,1,35
1,2,-15,-18,2,2,9,-9
11,-8,-3,8,-8,-3,-3,-10
20,5,12,35,14,1,-2,10
-14,-31,-14,-7,7,2,3,6
-13,13,3,-5,-8,1,-11,-49
-2,2,-7,-9,-2,-2,12,52
-3,-3,-6,-7,-12,-6,-13,-36
-25,-11,-21,-2,-12,-7,0,-20
52,3,15,25,23,11,18,101
-8,7,16,15,7,3,-7,-33
-18,8,5,-1,1,-5,-5,-28
-3,-7,19,12,-2,4,5,-33
-4,-10,-24,-28,0,-3,-2,-21
-5,-14,-16,-11,-9,-6,-7,0
20,1,-35,-47,-8,-2,9,53
-9,-5,4,3,-2,-5,-10,-25
-6,-3,21,68,1,2,-2,-1
-10,7,-1,-5,-1,1,-3,-18
-19,-9,-16,-32,-14,-8,-8,-34
9,-9,-12,8,-3,1,0,12
-28,3,3,-29,-8,-5,-3,-16
35,8,13,39,9,7,14,64
-11,-5,-9,-3,-8,-3,-4,-11
5,3,-10,-31,9,-3,-2,22
-30,-25,-1,-10,-21,-11,-15,-78
-5,4,-2,-8,6,0,-5,-8
36,7,-4,-5,-9,-2,5,42
18,9,17,13,0,10,16,17
4,-5,-3,8,3,2,-2,1
-30,-10,-16,-36,-13,-5,-6,-59
11,-12,3,18,-4,0,4,76
11,3,-11,-6,-3,-3,-4,-19
14,18,9,-1,-10,-1,3,37
-6,-10,-11,-28,-8,-2,-2,-14
-21,5,7,-8,1,-4,-9,-35
0,-20,-11,10,-4,-4,-1,25
-12,-19,-62,-57,-5,-9,0,12
-2,3,28,48,-3,-5,-4,6
13,11,26,34,11,6,0,-30
-26,11,-5,-24,-9,-1,-3,-16
15,-6,-12,-2,10,-1,-2,0
-13,-4,-6,-7,6,-1,-2,-6
41,21,11,-1,-1,0,9,21
9,2,8,18,9,0,-3,-10
4,12,13,-14,-5,4,4,4
-19,-6,-10,-3,-2,-8,-14,-49
5,-4,-4,4,-1,0,7,51
0,9,10,11,12,7,1,-2
-8,0,12,4,-10,-7,-11,-23
18,7,-12,9,5,6,18,55
22,-11,-3,-4,-4,-3,1,30
-11,-6,-10,-18,0,1,2,-5
-5,-4,13,43,4,-1,-6,-12
-3,0,9,-7,-1,-2,-5,-10
-8,-7,2,-3,0,-2,-2,-17
-1,0,-2,7,2,-2,2,19
2,14,6,-10,0,1,-1,-19
13,11,13,-2,2,1,4,35
-11,1,9,6,4,3,-1,-34
1,-13,-1,-10,-15,-5,-7,-3
-30,-11,-2,-54,1,0,-3,-18
-36,3,-7,-11,-12,-10,-10,-38
22,3,2,20,5,9,14,30
-1,8,3,12,0,-3,-4,16
21,2,4,-9,-2,5,5,5
-13,-7,-10,-4,2,-1,-10,-13
-2,-8,-3,-7,-8,-10,-8,-33
-7,5,6,9,8,0,0,-5
14,0,-7,8,-4,0,3,-2
2,8,8,-2,0,1,0,20
-26,-4,-6,-1,11,5,-6,-45
40,3,30,41,5,6,4,39
-17,-17,-23,-5,-11,-9,-8,-16
7,3,6,13,6,3,8,30
-13,16,2,24,11,-4,-7,-40
-15,-6,1,3,4,-1,1,-8
14,-14,-16,5,-12,-1,1,51
0,-2,-17,-9,-5,-3,-4,-15
-18,-13,-6,-7,-6,-6,-12,-33
-6,4,-5,-3,0,-6,-1,1
-16,9,15,41,4,1,3,-13
38,-10,4,5,11,5,7,34
-14,0,1,-11,-8,-2,-6,-18
-3,0,-8,-24,-7,-8,-15,-36
-31,0,-1,-20,-2,-6,-4,-37
43,-1,4,-4,-4,1,13,74
-9,-17,-27,-18,-16,-6,-2,6
-14,0,4,27,14,1,3,-11
-9,18,1,-9,-5,-5,-4,-5
3,-9,-14,-10,2,5,2,24
-36,-10,-19,-22,-11,-5,-12,-63
10,-6,-11,-11,-5,-3,-2,-4
21,5,10,33,4,1,11,51
-13,-6,1,18,-9,-1,-3,-29
9,16,11,16,15,10,4,15
-40,-12,-19,-38,-16,-9,-10,-42
-6,-14,-8,10,-2,-9,-6,-5
27,13,33,9,-3,1,2,16
2,-10,-13,-33,-12,-4,-4,17
-18,-20,-2,6,-13,-1,-12,-46
18,45,30,13,17,10,20,57
21,-3,-16,9,12,1,13,71
16,0,27,5,13,9,8,-7
2,6,3,2,-4,-5,-8,0
7,-11,-13,-7,4,-1,-8,-31
-10,3,7,20,4,2,1,-4
17,6,-14,8,4,-2,3,24
2,1,-3,-7,-12,-1,2,6
-13,-31,-8,-24,-3,0,-7,-13
-32,5,-12,-29,-8,-9,-16,-73
18,-2,-5,5,4,4,14,62
27,18,2,4,4,5,11,29
21,12,13,18,1,-2,0,38
-21,-15,-15,-14,-14,-9,-16,-50
-19,-17,-24,0,-4,-6,-5,-14
8,1,-2,-4,-1,0,6,8
-23,-14,-6,-8,-2,-6,-19,-72
-35,4,-2,27,6,2,-8,-16
31,19,21,22,6,0,8,-23
60,1,-1,2,5,9,22,33
20,5,9,-20,-1,1,1,-7
-66,-17,-15,-8,-7,-16,-32,-112
24,12,5,-6,-7,2,13,56
25,4,9,2,10,3,10,32
-23,10,6,-67,-9,-2,-6,-40
-2,-9,7,16,-7,-3,-6,-19
-59,-6,1,-11,-1,-4,-14,-73
42,10,-1,-18,4,5,18,82
-6,-11,-20,23,0,-3,-3,9
18,2,20,26,7,2,9,29
-42,-1,-20,-26,-17,-15,-29,-73
-10,7,13,14,3,2,6,40
10,-2,-2,46,7,7,11,12
6,-3,-6,-28,-15,-2,1,9
-16,-16,-3,1,3,-3,-2,-25
-53,-24,-18,5,-8,-14,-35,-87
46,17,9,6,4,1,10,59
29,11,-15,-30,6,9,22,-7
-2,1,11,23,7,4,-5,-41
-58,-7,15,-11,-7,-8,-16,-54
-28,-20,-4,16,1,-4,-11,-28
18,9,10,-9,1,-3,-1,19
15,-6,-10,-28,-2,-2,-1,30
-21,-10,3,6,-6,-2,-12,-61
8,12,3,6,1,5,13,53
7,1,-7,-16,0,1,8,21
-17,-7,-14,3,-7,-7,-13,-25
36,7,9,-10,0,4,15,54
-26,-6,1,-37,-8,1,-3,-40
-17,-11,-22,-21,-14,-9,-8,-8
11,-6,11,-19,-2,-3,2,61
3,-7,-5,-10,-4,-2,2,28
2,5,12,32,14,6,4,-13
2,-18,-17,14,-1,-3,-8,-26
-41,18,11,-23,-3,-4,-12,-27
32,11,-5,4,2,2,9,25
18,-6,-3,-43,-14,-2,6,11
-11,-4,17,41,13,1,-8,-26
-23,-88,1,3,-10,-5,-6,-23
1,6,-21,-11,2,-1,7,28
-10,12,12,30,-3,-1,-7,-34
-3,4,5,-12,-2,-7,-15,-46
17,1,-22,-2,3,8,15,14
-1,-1,4,-11,5,6,6,12
-18,-18,-13,-11,-9,-8,-20,-77
3,-5,-1,-16,-6,-3,0,-2
81,11,11,37,18,18,47,87
-7,-14,-17,-13,-3,-1,-11,-54
-3,9,-5,-1,-4,-1,-4,-29
-15,-1,-2,-2,-1,-3,-10,-9
24,32,-3,-15,-6,6,7,19
-28,10,16,-3,-11,-7,-8,-25
3,-2,15,-2,-14,0,2,7
15,2,-3,-4,6,0,4,46
-26,5,12,-6,-3,-11,-11,-2
24,0,15,30,14,13,9,8
-22,-6,0,17,3,-8,-12,-22
-4,6,-8,-4,-6,0,6,-7
7,12,11,18,4,3,-4,1
-34,-18,-35,-14,-12,-15,-19,-43
20,17,-4,-8,3,-2,8,52
46,7,6,-7,-6,10,19,41
-22,1,1,-2,0,-5,-13,-12
-34,-12,0,2,3,0,0,-44
-5,-6,1,-3,0,3,5,14
-28,-11,-12,-16,-1,-4,-8,-24
10,9,-12,0,1,5,9,28
13,3,5,5,-3,-3,-6,4
-3,-11,2,10,-1,-3,-3,-7
-24,-17,-16,-8,18,2,-2,-9
-33,2,30,14,-5,-1,-12,-80
9,3,-13,-8,-1,-3,8,54
27,-23,4,27,16,9,13,50
4,15,15,-11,-5,-3,-6,0
-10,-12,-23,-25,-11,-9,-7,-8
1,-6,0,-2,-12,-4,-7,-56
8,-13,-9,-7,-3,-4,2,48
-9,-10,-16,0,6,2,3,6
1,9,-6,31,9,1,-5,-34
-13,2,0,-22,-11,-7,-8,-7
-18,-11,-9,3,1,-2,-7,-34
29,13,20,19,2,5,17,56
40,3,3,-5,-1,3,12,36
-6,-7,-13,6,-2,-4,-14,-14
-4,10,-10,-1,-2,-2,2,0
-23,-3,13,1,-3,1,-8,-61
5,26,-3,21,22,1,5,30
0,0,-21,-19,-3,-1,1,6
-25,-8,-17,-9,2,-5,-15,-68
-10,-4,-1,6,-11,-4,-5,40
35,-3,-16,-16,-6,6,18,46
