2,-4,-1,-1,-2,0,-1,-3
1,1,1,1,1,-1,-2,-4
-1,-2,-2,1,-2,-1,-2,-2
-15,-8,-3,-1,-1,-2,-2,-5
-8,-4,0,-1,-1,-1,-2,1
8,0,-1,-4,-3,-1,1,-2
-24,1,3,3,-2,-1,-2,-9
37,4,-3,-2,1,1,0,2
-10,0,0,-1,-1,-4,-3,-7
-16,-2,-2,-3,-2,-2,-3,-6
2,-2,-2,-1,-1,0,3,3
-4,-2,-2,0,-2,-2,-1,2
5,3,0,-1,0,-2,-3,-1
-16,-2,-4,-2,-2,-3,-5,1
-6,-4,-2,1,0,0,0,-3
-17,-5,-3,-1,-2,-3,-2,3
14,3,-1,-2,-1,-1,-1,3
2,1,-3,-1,-1,-2,-1,6
10,0,1,0,-1,-2,-1,2
-22,-5,0,0,-1,-2,-3,-4
-16,-5,0,-2,-1,-1,-2,-2
-25,0,-2,-1,1,0,3,11
17,2,1,-1,0,0,-1,-8
8,1,1,-2,0,-2,-4,4
-9,-1,-2,-3,-3,-3,1,5
4,-7,-2,4,5,-1,-1,-8
2,13,2,-4,-23,-1,0,14
-11,-4,1,-1,4,-1,0,-5
4,1,-1,0,0,1,-1,-9
8,-2,-2,2,-1,1,0,12
-7,-14,-8,-9,3,-2,-7,-23
23,18,8,0,-15,-4,5,30
-5,-3,-1,2,-3,-17,-2,1
16,0,-3,-11,7,22,12,-9
-27,-12,-5,-5,-5,-3,-9,-6
-8,-17,-5,17,20,4,4,-8
21,34,14,-9,-10,9,5,5
1,-12,-1,-5,-4,-10,7,-3
-2,2,-1,9,22,14,-19,-10
-26,-23,-7,-17,8,-1,-13,-10
9,8,-8,8,7,-14,-6,8
23,14,6,1,-69,-3,14,12
-5,-1,8,19,6,-5,3,-6
-33,-4,-19,11,-10,46,33,-9
57,3,0,-16,-21,-81,-41,1
-8,23,3,-21,35,67,-43,-7
6,-3,0,15,17,8,1,-13
-29,0,1,-3,9,28,-2,1
-28,-21,-10,7,-3,14,38,-11
20,24,-2,-16,-42,-20,-23,4
8,6,10,-19,16,-13,11,17
22,5,-5,-9,1,-25,2,11
-27,1,11,19,13,-36,-18,-18
20,-27,-12,-41,2,52,-32,4
-25,18,16,36,53,23,-3,-15
1,-15,1,-9,-27,72,44,-10
24,-19,-7,2,-24,-50,-30,13
-9,0,0,18,35,2,-6,-21
-2,0,8,-17,-80,6,26,12
23,0,-15,-1,75,-10,-32,-13
-29,-9,9,-3,9,26,19,-2
-12,-21,-20,18,5,-32,17,-14
21,-9,-11,-7,-41,-39,48,22
-11,14,12,-32,4,-99,-78,-24
-1,2,-13,-3,-13,82,78,4
2,0,11,12,0,-20,19,1
-20,-26,-4,0,-25,3,4,-7
15,-27,-4,4,21,-113,-23,11
-26,-42,-11,-21,-7,81,22,-17
4,55,25,13,12,-44,92,21
13,16,-12,-22,-55,-19,-46,-5
12,26,10,-21,65,52,46,21
-11,-58,6,39,26,26,-14,-17
-13,-34,-14,-24,-9,40,41,-12
15,32,-7,0,27,-46,-54,22
-7,-1,22,15,-63,-5,105,15
-23,12,0,10,51,16,-89,-23
-6,-12,-19,-8,-1,-128,8,14
12,-10,-4,-19,4,103,-4,6
-14,-8,2,3,1,54,35,10
9,102,-19,-10,-22,-118,-78,-22
-39,-8,25,33,31,103,-32,3
-16,-32,-30,-22,-3,49,47,1
54,46,17,4,-56,-20,-70,24
14,2,2,17,30,7,9,39
-29,-28,-22,-16,-19,-36,-74,-57
-23,3,10,17,-2,23,44,12
-38,7,-16,-12,3,119,-45,-39
-12,-2,-19,-30,-50,-65,-52,9
38,-5,28,-11,-40,127,2,-16
-30,-15,9,33,-48,-14,16,36
63,57,26,48,39,10,61,24
-15,-24,-13,-23,-40,126,117,38
8,54,21,11,10,19,98,84
-15,-24,-13,-23,-40,126,117,38
8,54,21,11,10,19,98,84
-25,18,16,36,53,23,-3,-15
1,-15,1,-9,-27,72,44,-10
24,-19,-7,2,-24,-50,-30,13
-9,0,0,18,35,2,-6,-21
4,4,1,-3,80,-68,38,-31
18,-32,-4,-18,-36,66,49,10
24,-1,10,-46,-64,88,67,51
16,42,38,95,59,-6,-42,-3
18,-2,-3,-11,-38,3,-60,-38
-56,-21,-14,-18,-92,-75,-10,32
44,-38,-18,-24,105,-12,-16,-71
-15,-6,2,-11,-56,-6,100,31
32,-7,-1,9,24,-101,6,7
-39,-27,-15,-33,-56,94,14,-77
-37,-50,-5,-14,-57,29,-92,20
-9,-26,-34,-42,-88,-58,-58,-11
3,39,42,25,118,113,19,-104
-8,-29,-5,-8,-77,127,105,12
102,80,24,-5,-4,-128,87,32
-19,-76,-23,11,30,74,-44,-53
-65,23,-2,-14,-14,-5,41,52
96,62,16,-55,-90,-128,-51,5
-42,32,26,61,72,127,38,-72
-30,-19,-13,-5,49,-108,-76,-7
13,-96,-11,-18,-18,-5,-4,-35
-28,-20,-29,9,23,13,40,7
-23,16,-7,8,-33,3,-54,-6
34,26,3,35,30,-128,-64,-6
11,-36,-15,-5,-29,48,78,26
4,44,35,34,8,-97,23,-15
2,-42,-26,-45,-15,77,70,58
-42,-23,-14,-8,55,-35,12,21
-35,-11,2,11,10,50,-21,-62
25,37,-8,-3,-56,-50,-41,39
11,23,-8,-22,-36,-59,-36,28
-21,-19,-7,14,28,55,-46,-30
-48,-18,30,-25,-58,54,54,26
-1,13,-25,40,57,127,78,-14
91,-37,-16,-22,-36,40,34,43
-18,-12,-8,11,12,-21,7,2
20,0,14,-32,12,-68,-33,-43
10,38,-7,6,-73,122,57,17
-23,-4,-5,8,46,1,-31,-11
-40,12,25,42,103,57,-59,-74
-3,25,-7,8,31,-23,0,36
32,19,1,-19,-11,-60,-26,37
16,35,6,-4,-5,-101,-25,0
6,-30,-2,0,-19,-83,-13,7
-12,-8,-16,10,15,78,-8,-58
-9,-59,-23,-17,-28,-62,-37,-24
-20,14,8,3,-22,14,-23,-36
-3,12,-4,6,-28,92,83,8
-6,4,10,6,22,-16,52,12
-11,-37,-21,4,-22,-12,-17,-1
-9,21,7,20,46,-22,35,-18
6,11,-1,11,50,41,-62,-3
16,-7,-18,0,-35,17,19,30
-11,-74,1,-13,9,-23,24,-34
-22,-9,-12,24,13,-1,22,20
15,-41,7,-14,44,-30,-15,-2
-96,-5,7,23,1,-46,1,-24
51,-2,-6,-18,-18,43,-19,-1
67,63,25,40,-7,40,42,10
-10,-22,-24,-45,-93,75,42,23
-28,-11,0,7,49,-33,-15,-27
-17,42,5,0,-4,-18,11,27
-10,17,-8,15,-25,-43,8,4
41,39,20,-10,59,-22,-47,12
-8,-20,-6,17,-21,-10,10,21
-4,-52,-2,1,29,77,62,20
12,15,9,21,10,-52,69,-2
-55,-31,9,21,-8,-62,42,1
-6,8,-11,-10,-16,-15,-35,-56
-28,5,-15,-7,-6,-18,15,19
24,4,-5,-15,-37,-64,-71,-22
30,42,14,14,58,60,30,-20
-1,-35,-5,5,7,18,42,6
-14,10,-1,-9,-7,-31,4,6
5,18,0,-1,3,-86,-16,5
-8,-18,0,6,26,101,-1,-22
-9,19,6,-29,6,-6,53,25
8,-20,-6,49,-24,-42,62,-17
-20,-38,-13,-18,-1,34,6,-1
15,49,6,-8,-52,-128,-8,5
-8,8,-2,20,92,127,-6,-10
6,28,-4,-23,-32,-58,-71,-26
-13,-6,-14,-14,-9,63,53,9
7,-23,16,25,26,-72,-9,-39
-58,3,-3,-17,-39,103,-2,13
97,8,-9,-11,12,-63,-39,17
-12,38,8,6,19,50,4,3
-13,-29,-4,-9,-40,1,-10,6
-4,-12,-1,-7,-23,-116,-37,-41
-31,-24,-9,-29,1,127,-10,-27
-4,-3,-3,36,-14,-6,18,-3
15,-18,-3,-2,27,-33,56,41
-4,-21,9,16,-15,-37,15,-18
-23,-6,-3,8,31,-25,-11,-9
0,-27,2,-23,0,-96,-50,-71
0,40,2,11,17,127,47,6
32,-32,-11,-35,-27,-37,25,28
-19,16,20,7,34,95,71,-30
-9,17,-3,-29,-22,23,-3,17
0,-45,1,37,27,-85,-73,-14
-31,0,-2,0,-13,32,2,-3
35,56,10,5,-12,63,55,31
18,2,1,-9,8,-7,58,20
-24,28,-9,-23,-41,5,21,-15
17,-3,1,7,15,-102,-61,-17
-40,-34,-14,-39,-32,4,-13,-26
-26,4,9,60,8,127,3,6
41,-16,19,3,-12,-100,-81,-17
2,11,9,26,32,119,54,-2
-14,-12,-2,-28,-34,25,-6,1
2,-5,-1,-5,1,-26,-3,15
-16,-3,-9,-19,-28,-28,-41,-17
21,7,-2,-21,-5,105,50,6
-8,2,-1,53,5,-37,18,4
16,-5,-13,-19,-26,-18,66,22
11,18,10,-3,28,90,80,-10
-40,-16,-9,-22,-30,-31,12,-15
12,42,10,9,-12,0,-33,4
67,10,-11,0,2,-58,13,7
-26,-47,-5,-12,21,58,30,4
23,7,1,16,-14,57,41,34
10,-13,6,7,19,-37,6,1
-5,8,0,6,-17,50,-12,-11
-23,-1,-10,-22,9,83,-27,8
5,-18,-6,-10,-5,14,-42,-14
-11,10,-5,-26,-30,-18,9,22
-17,13,18,28,11,-77,-17,4
14,6,1,1,-30,11,65,35
-26,-7,0,-9,-1,-77,-49,-21
65,31,-4,-14,-21,-28,-37,-1
-11,-21,-8,-27,-3,-19,-25,20
-13,-15,-5,26,-24,12,-42,-4
-7,45,2,-24,-36,3,-60,-27
-11,8,-1,17,2,36,21,13
-11,-11,-12,-9,6,15,15,-24
6,16,-3,-10,8,-35,2,12
-7,-10,7,-2,6,-20,-35,13
-36,-12,-7,7,-1,63,48,15
19,-7,4,11,24,92,83,-5
-7,-29,-9,-23,5,48,24,-16
3,-15,0,40,15,-8,2,2
-12,4,-7,-6,-58,90,63,20
-30,8,-4,8,20,38,64,20
61,-14,8,10,57,-110,-12,-27
31,19,7,-11,27,76,32,21
-5,2,6,19,6,-54,-23,0
-1,2,-10,3,-31,19,-11,0
-54,-18,0,-15,11,-76,39,4
71,4,-4,-2,28,50,27,-5
4,-3,1,-2,-5,-54,48,14
28,7,17,17,30,60,19,-3
-2,44,11,-1,-6,-73,-50,-24
-37,-46,-13,-15,-38,-79,-12,-15
-31,0,5,23,18,-57,-37,-48
30,67,-15,-16,-4,38,0,18
4,-86,-13,-14,1,62,80,-8
1,48,11,11,-17,48,64,38
-5,-2,-2,4,12,22,37,-1
4,0,-2,-7,-17,-35,-46,10
13,-6,-5,8,8,60,-45,-25
-34,-10,-10,3,-17,-47,-29,-15
20,3,5,-8,23,127,82,19
2,38,10,1,22,-76,59,-9
-3,-6,-6,-8,-71,-14,7,9
32,11,1,-18,62,66,14,-14
-26,4,6,-14,-39,-71,-44,6
-5,-22,-10,9,6,-52,-35,-29
-10,17,4,14,-6,59,2,5
-71,-4,8,-14,-5,-17,71,-5
11,3,-17,28,12,10,-23,2
10,-5,4,-16,18,2,28,-1
-21,-7,-9,-21,-41,78,-46,0
2,-5,-17,19,-18,-16,-63,-20
36,-21,4,7,-20,-59,-33,1
-28,-24,-5,-3,63,107,55,21
33,78,7,5,-8,-67,22,2
-1,-14,6,-7,-17,66,7,-9
-26,5,-12,-4,9,2,10,-3
-23,-27,-2,2,21,-116,-60,-45
-18,-5,6,-4,12,-36,87,8
-55,12,9,13,1,52,46,-21
20,-1,-1,-6,12,-111,29,4
28,-18,4,17,4,47,-2,6
-38,-23,2,-21,6,-8,-21,-6
-14,-9,5,-18,-12,-74,-38,-28
23,11,0,16,8,-109,-50,-4
-32,-14,-1,12,-22,98,64,6
39,-41,7,-15,4,6,21,37
-29,13,-6,23,-15,-22,-19,-20
13,-67,-13,-18,-35,64,47,11
-3,-8,-10,7,-7,-3,50,-1
-32,27,1,-4,21,24,1,-20
-28,-13,1,-18,-33,-46,21,24
37,1,3,40,34,-70,-17,-38
-16,5,0,-16,-13,-78,-53,-3
-37,-28,-16,-1,-36,7,7,0
35,13,1,7,18,-1,26,11
-37,-17,-6,-2,-8,-25,-71,3
-18,-22,-6,-38,-15,-13,-65,10
8,19,5,28,25,-3,-22,-9
10,4,10,-2,5,30,40,20
-12,-19,-14,-11,4,-38,21,7
7,1,-5,-19,-30,107,20,-4
32,4,-6,-9,-6,-109,22,32
1,-3,-6,14,14,90,22,4
-14,6,-11,-30,-26,50,-13,16
19,-3,8,22,29,-61,-9,-8
-23,16,1,-1,-10,15,-27,-7
-3,4,5,-17,17,-32,-53,-21
-13,-7,-19,7,-27,-32,-44,2
-29,-10,-4,-31,17,36,-12,-9
13,-15,6,23,0,25,-3,-8
11,45,5,0,7,-31,-5,20
-15,1,10,-1,-15,21,18,-15
22,-14,-1,-9,7,-19,36,7
-26,17,-3,-13,4,-42,-24,-41
4,-59,-30,-29,-88,14,-43,-8
25,36,26,18,45,91,43,-16
9,-19,7,10,24,77,-2,14
-4,-14,-15,-8,-18,-61,-10,-1
-9,8,10,8,40,-30,30,-7
-41,-47,-18,-18,7,-78,-32,5
26,15,12,-14,-17,16,8,-1
-22,-10,-6,0,-10,28,20,6
61,-13,-7,-1,-3,10,-26,4
-15,15,11,0,51,70,-6,-20
-75,-21,-5,30,-68,-75,-29,1
69,3,14,20,11,98,37,1
-36,-1,4,4,23,-31,-36,-19
3,22,8,11,-9,-25,-1,-1
15,4,-9,-18,0,-23,-13,-8
-15,14,8,-2,12,23,18,-8
26,25,10,-6,4,-30,46,35
-2,-25,-17,-15,-17,-128,-3,2
27,1,3,2,48,89,42,-5
0,5,-3,-12,-43,61,14,-17
-4,-10,1,9,22,38,23,-27
-33,-4,1,-15,-5,31,-29,-42
-26,-10,-10,-40,-6,-48,-22,-3
7,-24,-10,42,-29,-35,-43,-21
-17,-3,13,0,19,-11,-48,2
16,-13,9,10,-11,13,-19,-11
-12,-39,0,-16,5,18,11,16
-1,1,3,-8,-8,-25,-10,9
-11,-9,-7,-2,0,-36,4,-16
14,8,4,6,-5,127,1,49
10,46,-11,0,34,-61,-18,4
9,-9,-5,-30,-18,21,-45,-5
-47,-23,-9,-4,-34,29,47,-36
39,12,0,-3,-4,-38,81,1
4,14,-4,4,-10,12,0,13
-11,-2,0,-2,19,-3,13,13
-3,12,-17,-25,-15,-14,-4,7
-15,-32,8,-3,-7,-14,-7,4
20,47,7,54,27,14,9,-22
24,-1,9,-7,-41,92,65,32
-1,21,1,-3,7,51,27,-4
-3,2,-4,0,17,-61,-7,-1
10,-4,4,5,12,87,24,-17
-1,22,0,-29,38,-46,-18,16
-23,-45,8,34,-12,-6,-14,1
-38,65,0,-2,-17,-25,-18,-3
1,-4,4,-3,9,-123,-55,-28
0,1,-5,-9,-17,-6,0,5
43,-15,-2,-6,29,-40,-30,10
-32,-8,-13,5,7,16,-11,11
22,4,3,-45,-29,-31,-30,3
-18,-3,-6,34,46,10,10,2
4,-17,-5,6,4,51,-43,22
-18,-36,-9,-2,-23,22,-37,-20
13,-26,-3,-5,-30,110,-40,8
3,3,7,-2,26,-4,-13,-2
-3,12,-6,1,-23,19,48,25
-29,-18,-4,-3,32,23,18,-4
2,-12,-3,34,-42,67,64,5
-11,9,-6,-4,10,-44,11,1
-2,-11,-6,1,7,-43,-43,-34
-13,3,0,-2,-9,-27,28,-3
5,-8,-8,-22,-10,-77,-27,29
-29,-13,6,19,-2,48,33,-38
29,53,7,-2,4,-16,4,-12
24,-14,-19,-11,-24,23,-20,7
-37,-13,-2,4,-16,-34,2,-1
22,22,-3,-26,-22,-94,-52,18
-17,-33,5,11,49,101,70,-32
-4,-1,6,15,-3,-29,2,14
29,5,-1,-26,0,-19,23,15
-24,8,-5,37,-16,-63,-17,-11
18,10,5,-20,8,-14,-2,18
7,21,3,-2,-16,34,-5,-13
-41,-23,-2,7,44,-60,-44,-30
37,21,-10,-24,-13,127,83,20
3,-10,-6,8,12,-67,-58,17
-18,-31,3,2,1,-27,2,-5
16,27,4,1,-17,18,42,-1
-14,-17,-5,-19,19,-85,40,-12
-8,-18,5,16,-14,-27,25,34
25,0,2,1,-14,127,44,-18
-5,4,1,26,36,-25,17,23
-7,-20,-3,0,-14,83,-4,-11
2,4,3,-6,26,-58,-11,15
16,15,8,-3,-7,-10,7,11
-31,9,5,12,34,-22,-24,-11
27,-7,-5,7,8,14,3,-15
4,-52,-4,1,-34,-64,-16,-21
19,44,-8,-5,3,96,49,18
-49,-27,-1,8,6,-67,31,5
32,-4,5,-20,-10,-22,0,32
-40,20,-15,10,4,38,-4,-18
22,-24,-12,-26,20,-101,43,41
4,-5,-6,-4,44,106,64,-14
-38,-5,3,16,19,79,-7,-17
14,10,-8,-24,-55,31,3,16
-3,4,6,2,11,24,36,-15
-12,-33,-15,-15,-64,-3,4,21
10,38,1,-4,20,-24,-15,9
-32,-14,10,4,14,-54,-57,-28
-13,2,-8,5,4,-30,-21,-16
-12,-7,2,-6,-33,11,-6,14
38,-9,5,5,-7,-15,-19,-21
11,17,0,0,-26,7,19,16
9,-2,11,10,1,-33,-47,-22
-23,18,2,3,36,9,-5,-7
-46,-10,9,-21,7,-10,-8,9
17,8,-2,13,-4,15,26,6
26,8,-10,-35,-29,34,-52,10
20,-5,4,22,6,-9,-5,-6
-24,-12,-12,-11,-14,2,11,5
-61,-26,-4,-8,-5,0,-29,-8
27,6,1,10,-18,-17,2,5
17,29,2,-26,-19,15,3,14
10,9,2,7,-16,44,50,26
-25,-6,-9,10,19,-76,24,-9
-43,-6,2,10,6,41,12,-11
16,-14,-14,-40,-20,43,33,27
26,24,21,46,-13,-82,26,-12
-4,-4,-8,-35,-6,65,49,18
11,2,7,24,68,-4,31,4
21,-9,1,3,-10,8,-10,-5
-22,-6,-9,-14,-2,4,-28,10
23,23,3,-2,-7,65,22,-3
-56,-37,-9,-6,-7,-56,-19,-9
0,15,-5,-2,-16,-6,9,7
27,38,10,5,2,52,-3,4
8,-38,3,12,-14,-42,-9,0
4,44,10,-2,-4,10,17,10
-13,-17,-1,37,13,69,42,5
-13,-29,0,-17,-4,-128,10,4
-2,-8,0,-9,5,-42,-16,-15
8,-5,-5,30,-3,28,-7,-5
24,1,5,-7,1,-35,10,16
-61,-21,-8,-7,18,-26,17,-2
25,17,2,-2,-2,-16,31,14
-17,-17,0,-13,7,-16,7,2
36,26,5,-12,-25,-23,-11,6
-28,-13,-5,9,-1,40,-7,-12
14,34,-10,-12,4,127,22,-16
-37,9,-5,-5,-27,8,-26,1
36,-4,-4,9,7,-52,-22,1
-3,2,-3,-1,5,43,13,-22
14,-5,-4,7,16,4,41,11
27,-1,3,3,-30,-28,20,2
-52,-12,-9,11,40,-48,-13,-3
-13,10,-5,-7,8,61,-19,-21
34,11,6,5,14,-7,-21,5
-9,-17,-3,-12,-18,-2,-8,5
-6,-5,2,-4,-4,-26,-9,-6
-18,-19,-6,-11,-10,-28,-22,6
-3,-10,5,-6,1,-7,-16,-15
20,20,10,5,-3,-41,-29,-18
-1,3,3,1,4,15,6,-9
18,17,-4,-4,-3,-43,19,5
11,11,-2,-9,-29,14,22,17
6,-7,-2,6,46,88,14,11
22,-7,4,3,-19,-33,-16,-14
17,4,-3,-8,-34,35,-2,2
-10,8,-4,2,26,41,43,12
-4,7,0,-37,1,-54,24,12
-11,-15,-5,31,-38,22,7,-6
39,64,5,3,22,-3,-11,2
-24,-37,-16,-13,-27,-88,-29,-11
12,-28,-3,-8,11,34,12,-16
-28,-10,3,-10,3,31,0,-9
-15,-46,-2,10,-3,-9,12,-2
17,32,-4,-9,17,-13,-15,6
4,-3,-3,-7,39,-25,-4,9
11,3,5,8,-40,-1,35,13
29,11,-10,-10,-8,-68,-23,-4
3,-36,-2,-27,-7,34,-2,-3
-31,-26,-1,23,51,105,15,-22
1,20,0,-3,-12,11,-10,14
10,-6,8,2,-4,-27,-16,6
-37,-2,-4,-1,-7,-23,-13,-31
27,11,-4,-3,-33,-56,-15,11
-9,24,-14,-14,-6,-25,13,22
-89,-84,9,5,32,-17,-56,-51
75,44,17,2,-4,-19,-15,4
0,13,9,16,2,-11,-10,-10
-15,7,-8,-9,4,2,-17,-17
-22,0,-6,-6,-7,-5,-3,5
-18,-3,1,12,-19,8,-33,-22
-1,-22,-12,-7,-19,-34,-7,3
-31,-2,9,-20,-32,7,-2,-13
43,-4,-5,-24,16,20,8,30
-4,9,17,42,6,21,6,-6
7,14,-8,-22,-18,16,0,19
-3,7,-4,4,39,-7,-17,2
15,0,-6,-3,-11,19,-3,4
-32,2,-14,-5,-13,-10,5,7
-7,-28,-2,0,0,-9,-12,-19
16,-25,1,-6,-7,-16,-7,3
-1,19,-1,2,-17,15,11,2
12,34,12,-3,41,-49,0,16
5,-9,1,16,-24,-32,-8,4
-4,10,-8,-4,2,-40,-27,5
15,-17,-11,-10,9,-53,-38,-17
-41,-14,1,-5,5,40,13,-2
50,13,3,1,0,4,1,0
-1,-15,3,4,-1,5,-2,17
-12,6,1,5,-1,25,14,8
15,2,-3,4,-9,-10,-7,2
-4,18,-4,-21,-15,-32,-20,-7
-14,-14,-3,40,18,15,0,1
17,34,2,-1,5,3,10,3
-35,-13,2,10,-1,-18,-12,-5
-23,-35,-6,-4,-5,86,41,23
42,44,20,1,-6,38,10,-30
-13,-19,4,-5,0,16,4,16
73,-11,-5,-1,-5,-24,-6,11
-14,5,1,-6,-19,70,83,10
-44,-12,-7,-13,13,-16,-19,-3
34,3,5,12,-8,21,13,3
-23,-11,-4,-5,-7,10,-7,-13
-16,-13,-6,-1,-3,-43,-25,7
9,-13,-9,-15,27,6,4,-5
-22,-16,1,5,19,2,3,-15
-28,-19,-13,-2,-1,-31,-6,4
34,33,2,-31,-2,-63,-49,13
-23,-14,-5,-10,8,-39,-1,-12
-13,11,2,21,0,0,6,3
27,10,5,-13,6,26,24,29
-8,-39,-7,-16,-10,-28,-14,-3
23,45,-2,19,4,7,4,4
-42,-26,-9,-28,-31,-12,-4,-3
17,8,-2,10,-2,-40,-17,-24
-11,27,7,2,-6,93,44,-5
40,-9,11,20,52,-46,26,13
-1,16,-5,-24,-15,56,66,19
3,5,0,24,9,25,34,5
-13,-18,-7,2,10,-23,-15,-7
13,12,-1,-10,-18,37,10,-3
-6,-35,-1,5,-1,3,14,-7
-28,-14,-8,-32,5,-9,-11,8
21,26,-4,21,-28,-33,-15,-9
7,-3,-2,10,12,3,-2,15
-13,-4,-4,-5,-6,21,-7,2
-15,-5,2,-3,-24,-14,-33,-27
-15,0,-1,6,2,-2,-11,-14
-40,-34,-14,-11,-18,8,-8,-18
35,51,9,-33,-11,-64,-69,14
-10,-54,-3,1,-3,83,10,1
-2,6,1,11,40,-33,-10,-4
-2,-19,1,-8,-22,-23,-20,-28
-11,44,-2,22,4,-75,-64,-29
-1,-29,1,9,4,49,17,20
-8,-22,2,16,-8,-20,-9,-12
18,26,-4,4,-21,36,15,21
-16,-30,-1,16,16,-49,-1,-12
5,27,8,-13,2,107,-2,-15
25,-5,-7,-14,-7,25,-28,-14
-23,-15,-3,10,14,-10,-2,18
18,4,-4,-23,-27,18,37,14
-9,-9,2,6,-3,-65,-16,-16
-11,6,-1,-9,6,-18,-2,10
-14,-7,-4,-22,-3,65,24,-25
32,5,-5,4,-17,33,18,25
-12,27,11,3,-18,11,10,22
-3,-6,-2,8,27,-29,-16,0
-12,-25,-3,-3,-13,-17,-8,-3
-21,6,7,46,39,32,23,-1
41,1,-2,-17,-7,-4,2,-16
-13,0,0,20,-13,-1,25,20
-1,-53,-8,-21,2,-27,-25,-13
-28,-44,-7,3,18,23,-11,-17
-3,26,9,14,-4,-53,-13,-19
15,10,-8,-14,1,-20,-5,0
-16,19,-1,-20,-51,87,48,26
11,-14,1,-2,36,14,7,-3
-15,3,-3,3,3,-11,5,-5
-50,-10,-6,-31,9,-2,5,-15
3,-3,7,26,-7,-5,-4,0
67,25,4,-3,-16,24,32,24
-21,-3,-7,2,-12,-48,11,18
-14,6,10,16,40,-8,2,-4
14,5,1,16,-29,-9,-5,14
-16,2,-13,-4,9,15,-10,4
15,-44,-6,-6,6,-13,-20,1
-13,-14,1,2,-22,-38,-25,13
32,18,6,-13,-14,-19,-13,31
-17,-14,3,10,-2,-37,-20,-10
0,9,-6,7,39,14,12,14
-7,17,-3,22,-7,2,4,4
7,-1,-4,-50,2,-15,-8,4
13,-22,5,1,-10,-16,-14,15
-2,21,2,-8,-5,-4,3,-4
17,-4,-2,19,-25,-3,-11,-15
-5,12,-3,-1,4,50,15,7
-7,-15,-6,-9,-24,-33,-41,-23
-6,24,-6,-32,-15,13,4,0
21,-14,1,22,-22,-1,-9,2
-5,13,0,9,0,0,5,-10
-7,-5,-9,-29,-21,-40,2,20
-4,-1,-2,11,-3,-18,-41,-27
-29,-8,3,-25,-9,29,27,-3
63,7,-11,5,27,-28,1,11
-18,14,1,18,-25,45,19,-1
13,-5,-13,-26,3,23,33,15
25,19,0,-8,14,22,16,3
-40,-29,2,8,11,2,-19,-23
0,5,-3,7,-11,-11,30,-11
-8,1,2,21,-3,-9,18,18
-39,-9,1,-18,4,0,-8,-8
31,0,-10,10,-19,3,1,-1
8,5,2,-2,1,5,-9,-18
-40,14,3,5,3,-13,-18,-10
37,2,5,-1,6,-27,1,21
-32,-5,-3,-5,-12,-19,-10,-16
-11,7,3,8,48,16,28,14
-7,-15,2,19,21,0,-7,-15
-10,11,-1,-14,-21,14,4,7
45,-9,0,10,-18,-6,-1,0
23,55,1,-12,-8,-30,-11,-11
-12,1,1,-5,0,-3,9,-2
9,-5,-11,6,8,-2,-7,-5
-25,-13,3,-3,9,-13,-5,-7
-57,-4,-7,-12,3,-68,-53,-34
44,10,-7,-7,-17,101,-6,1
27,-12,-2,2,3,12,13,12
-46,-38,9,-2,17,-48,-37,-15
7,-12,0,-4,-19,24,-2,21
-28,-4,1,-10,-5,-25,-6,-6
36,18,1,24,0,3,8,-11
-53,7,1,-5,11,12,1,-1
47,0,5,-19,1,41,32,12
-42,-45,1,8,-8,-34,0,-12
12,15,5,-15,-8,8,10,5
13,17,-2,6,2,-14,6,13
15,-9,-6,9,-22,1,20,8
-2,9,-6,-4,-2,36,19,4
-7,-4,3,10,20,-7,-8,8
-19,7,-9,-27,-10,17,26,3
-6,-21,5,14,22,19,0,-12
34,-4,-4,-12,-38,13,23,16
13,-18,0,4,4,-22,-10,-10
4,13,-1,-5,2,13,8,16
-29,-13,-5,-7,-6,-6,8,-4
-8,-10,6,12,24,-19,-11,-12
-2,11,-3,-18,-12,40,23,12
-14,22,8,5,23,21,2,-3
42,-10,-8,-6,-31,49,-2,-10
-37,-24,-11,1,42,-28,-11,-6
2,-5,8,12,20,10,21,13
3,15,6,-2,6,-7,-4,-15
-25,-4,3,15,5,-13,-15,-3
-10,-16,-11,-26,-16,5,3,0
19,1,0,-6,-8,-5,-4,9
14,2,5,18,12,-30,-14,4
15,-14,-2,11,10,-1,-7,14
9,11,0,13,-17,41,8,6
-1,-5,2,-3,-13,-36,10,3
30,-1,2,-9,40,29,25,22
-15,-18,-3,15,-43,24,9,13
5,6,-3,5,-7,2,7,4
-10,-3,-4,-2,33,-9,-16,1
-10,-18,-5,-5,-15,12,4,16
-3,1,-8,-24,-4,-20,-1,11
-2,20,10,10,11,-48,-15,1
-39,-33,-2,-5,-28,1,-12,6
21,11,10,0,11,-15,-9,-25
-8,15,5,11,10,-50,-14,-2
-4,5,0,7,5,17,-8,-7
28,-7,0,-5,-1,11,3,0
-23,-6,-14,-6,-30,34,21,14
-31,48,11,4,81,-58,-19,10
71,-37,-5,-11,-12,26,7,-1
-22,4,0,23,51,1,-7,-12
-10,1,-2,-10,-17,-43,-17,-9
30,-27,-3,17,9,34,10,0
-31,40,-3,-17,-7,-38,-17,19
-5,2,-2,-3,-5,-49,-24,-21
12,-10,-1,-3,4,-57,-18,3
6,-3,-2,-20,-9,19,2,-8
-10,-2,3,3,-3,8,22,8
22,21,0,-3,-18,7,-4,12
-3,-7,-3,6,-3,-7,-3,-11
-4,17,-5,-18,-19,1,2,-8
35,8,-1,2,6,-7,-7,-13
-27,-11,-12,7,-27,6,1,0
39,7,5,-3,45,46,28,12
-20,-9,2,-3,9,16,-3,-3
8,-6,3,19,-44,-37,-12,0
-19,-9,-6,-4,46,24,-2,-14
0,2,-1,-5,-6,-5,-6,22
20,38,-2,9,-36,-1,1,11
-24,24,11,5,7,22,8,-13
27,-10,0,-4,-2,-49,-30,3
5,63,1,0,-3,21,3,-10
-33,-22,4,-8,-14,-18,-28,-6
16,-14,-9,-3,3,12,8,-1
-44,5,-2,-5,-15,53,14,-7
10,-9,-4,-3,-26,-33,-19,-8
-19,-36,-14,-7,3,61,12,-12
-11,-2,1,2,6,0,-4,-8
-10,-24,-5,-10,-17,-16,-1,-10
-30,-23,-8,-2,2,8,-12,-7
24,30,3,4,-16,-9,9,-3
-8,-27,2,-29,2,12,17,4
13,24,4,5,19,32,28,9
-27,-16,2,-13,-5,37,18,-10
6,-17,-14,17,-15,-81,-35,-16
31,10,-1,9,7,3,6,9
-3,15,-5,-40,-45,-18,-2,2
-14,-35,7,30,41,-22,-13,-10
5,17,-1,-14,11,20,14,6
-15,-2,6,-2,-24,-25,-23,-9
-29,-24,-5,19,0,30,35,-2
27,6,-3,-53,-22,-6,22,5
-46,-23,7,26,-10,18,26,16
37,31,10,12,27,-18,-3,-8
-6,-23,-4,-3,-7,-8,10,3
-17,-6,-5,6,-12,-49,-17,-6
4,14,-1,-34,2,100,87,16
0,1,-1,0,11,-18,40,18
-4,0,-5,6,-7,-35,-12,-4
16,-26,-1,2,-9,13,-7,-35
10,10,-11,-14,-10,-22,-29,3
-2,-9,-9,-10,3,16,-21,-5
1,-1,2,-3,-15,-60,-50,-9
52,1,-8,3,-10,3,7,19
-19,-11,10,-6,13,5,-4,-9
-10,13,-8,-8,-12,-38,-28,10
22,-1,-3,-1,10,2,-13,-2
-59,-22,-7,-18,-44,1,-6,13
19,-10,-2,33,51,-1,-9,6
-17,-3,-2,-28,0,4,-13,-9
-22,0,2,5,-2,22,15,5
24,33,2,3,11,-8,2,16
2,-10,2,-13,-4,-11,-14,-8
-14,-22,-6,16,-10,1,-7,-13
-18,2,1,-10,-4,11,12,0
3,15,11,14,32,25,9,12
4,8,-6,11,-6,-30,-6,8
-18,-22,6,3,-11,49,22,10
49,12,1,-13,-4,24,12,5
8,43,-1,5,-15,-12,13,27
-43,-23,-1,9,3,-13,-11,-17
10,-11,-13,9,-3,-8,-3,-11
0,56,3,16,20,17,7,-3
26,-14,-4,-4,-1,-64,-47,2
-39,-7,-3,-5,12,22,-13,-28
-5,-15,-6,-7,-1,-9,-32,-6
1,-23,0,-11,12,1,3,-2
-46,-4,-2,34,-22,-58,-10,-5
54,27,8,-26,-19,62,66,0
3,-4,2,11,18,-20,32,-1
13,-2,3,1,-16,9,16,-7
-5,-24,-8,-5,8,8,5,-6
6,-4,3,3,2,0,-15,-4
-3,23,-2,3,3,9,-3,-5
-33,12,5,-3,4,-15,0,6
2,-19,-11,7,-11,-16,-12,-13
7,-6,2,0,-5,-15,-13,-6
7,4,-2,0,-7,-50,-15,1
-12,-6,0,-4,6,5,-11,0
-26,18,-1,-25,3,19,-2,-4
5,-9,4,20,0,-13,-10,-3
11,3,-3,-8,0,-22,-8,-1
-3,-41,-15,-11,-29,-9,-35,-5
21,-5,10,6,-21,42,4,-22
17,18,-4,-8,20,-23,-4,0
-10,-19,-3,-31,15,20,15,7
-1,2,-2,32,-40,7,12,-6
9,3,6,8,24,33,9,1
-13,-10,-4,3,-16,-70,-23,-6
-19,0,-4,0,-8,62,13,-8
64,12,-2,-9,-1,-11,14,17
-38,0,-7,-10,7,2,2,4
6,5,-5,-13,-26,-19,-9,1
11,-7,4,9,20,5,-20,-6
22,-9,2,-17,-4,-13,-3,8
19,-11,-10,19,9,15,18,-5
-15,35,-2,8,47,11,-5,-9
18,-26,6,-3,-15,-56,-13,12
-52,-19,-5,2,7,-2,39,-6
40,35,-2,-6,7,14,13,22
-4,-20,0,-4,-17,-11,-10,0
-10,3,-14,-12,-22,7,12,6
5,25,6,-9,16,6,-9,-14
-44,-35,-1,-7,-5,5,1,-3
18,11,2,-6,-13,0,13,26
7,8,0,-1,-13,-2,-4,-8
-23,-17,-1,1,-2,2,-6,0
20,22,-5,-9,-7,24,13,6
-23,-41,-6,-5,-36,-51,-55,-46
-10,4,2,7,28,80,49,1
-8,-8,0,7,14,32,6,-2
-4,3,6,4,-11,-58,-20,8
-4,-5,3,5,12,28,3,4
20,-3,-10,-42,-2,-6,4,12
2,3,6,8,-17,-73,11,-1
-24,-7,1,21,-4,9,9,0
0,-7,-7,-18,-5,15,17,10
-42,-19,-1,11,-6,30,28,1
65,-9,-3,7,44,116,14,11
19,-20,3,-14,-26,27,-12,-1
15,23,10,10,-12,9,9,21
-16,12,-14,11,0,-6,-16,-9
-64,-21,-9,-22,-11,-35,-15,8
43,1,-3,-14,24,27,13,38
-4,16,0,17,-22,16,5,10
-12,-10,8,16,1,-53,-29,-19
7,19,1,-8,7,2,-3,10
-21,-13,-4,6,-12,-15,2,-8
-27,-15,-7,-24,9,18,7,-7
24,38,0,27,-36,36,34,40
-3,-3,3,21,10,-92,-104,-46
-13,3,1,-7,-1,6,12,0
-17,-16,-5,-4,-11,0,0,-4
8,3,8,-4,-6,-14,-14,-26
23,5,-8,2,12,0,9,25
-40,2,3,5,11,50,10,5
36,-5,-5,-10,6,-5,-1,-7
-11,-3,3,0,10,-13,-9,5
-34,9,-5,1,-15,5,15,9
15,-5,-3,-15,-48,14,28,-6
-24,-24,11,17,48,4,28,3
27,53,2,-7,0,12,-1,-7
7,15,6,-10,-1,4,9,3
-8,-4,-1,31,-34,-6,3,7
-6,2,-3,-20,5,-5,-6,4
5,-25,-5,5,4,25,1,1
-4,4,-1,-13,-18,81,63,20
-9,4,-2,-6,30,-40,8,-10
4,-10,-2,-3,-21,-11,0,-2
-26,-22,-11,-14,6,26,30,7
14,23,2,6,7,30,29,5
16,-5,4,-1,20,9,-12,-14
-6,4,-8,11,2,-8,-6,-3
-6,-15,4,-4,-24,0,0,-5
10,-11,5,9,27,-62,-24,-6
-18,11,-7,-5,8,19,-7,-19
15,12,2,3,4,-3,-5,20
-8,20,9,-25,-4,-38,-48,-25
26,36,6,-5,23,-16,-3,-3
-11,-18,-1,-11,-10,-13,4,12
6,-4,3,4,7,45,19,-3
-56,-12,1,-3,-9,-60,-48,-7
58,9,3,4,5,41,12,13
14,-12,-1,-6,-8,1,-8,-2
-7,-17,-4,-10,-11,-5,-16,-3
-20,-16,-4,7,-5,-24,1,-1
-1,-24,-6,-7,-43,-11,-5,-13
-10,-4,-7,-8,1,-17,-11,17
-19,-16,0,26,-2,-5,-12,-18
37,24,-9,-6,0,-8,16,18
-28,-38,-11,-18,-26,46,25,7
-10,0,0,-5,19,9,40,12
5,-3,-8,-9,-14,-52,-6,6
5,-29,1,16,7,78,24,-13
29,66,7,7,12,65,29,18
34,0,5,10,-9,-43,-74,5
-47,2,-5,-6,6,-8,-8,-18
10,-15,2,13,12,-12,-9,-9
10,8,1,2,3,-64,-21,-13
-22,-30,-5,-4,-1,-38,-59,-35
17,33,-2,8,-2,1,3,8
0,2,-1,0,4,-22,-6,-1
-40,-37,-12,-3,-3,-20,-22,-11
-7,14,5,4,50,16,29,11
23,-12,1,-11,-30,11,10,6
-19,-3,-3,-2,-4,24,29,-21
-25,-11,-2,-7,-27,-69,-25,0
-17,9,-9,9,-19,43,22,-4
50,19,15,-13,0,91,28,9
15,5,-3,5,13,-30,-26,-15
-24,-16,-8,6,0,37,-23,-11
-24,5,7,-6,-26,27,3,-10
19,-15,-1,-33,6,45,37,39
-2,21,9,59,-29,-57,0,1
-52,6,4,3,54,70,51,-29
27,-2,-5,3,1,-38,6,13
-13,8,-3,-3,-3,-26,-7,19
6,-20,3,-35,-18,46,-41,15
-9,-16,-2,13,-12,53,32,4
-1,15,3,1,-2,-53,-6,28
-18,-23,-6,17,18,-58,-42,-20
4,34,-9,-28,-19,69,29,17
16,-35,-2,-2,-21,45,97,33
6,0,8,22,21,114,122,-7
36,69,23,29,60,-92,12,48
-41,-35,-8,-1,12,-93,-48,-5
42,35,2,0,24,34,-4,35
25,-14,-11,-21,-7,53,51,18
-45,-6,-1,-19,-14,18,-2,-19
40,50,7,3,16,108,110,53
15,-24,15,24,47,42,32,4
-30,-12,-9,-16,-38,-72,-20,-27
21,-7,-4,-7,-22,70,-28,-16
-1,-8,0,-5,43,-54,-25,-30
-20,-4,-10,-17,-45,-10,-45,-9
7,12,-1,-8,12,-58,-22,16
-36,-27,-3,-6,13,29,68,-7
28,17,13,-37,-25,-13,27,-6
-18,-30,-9,62,-63,35,5,7
-17,-6,2,1,29,90,19,-42
5,-29,-7,8,-13,-65,26,-19
18,45,-4,-9,-22,-68,26,47
-10,-2,0,-34,-10,-52,-25,-53
12,24,10,9,10,31,0,21
-30,-8,-10,12,-21,-12,-52,-42
-18,-39,-14,-5,-29,56,27,6
20,38,-3,2,17,-121,-15,-8
-26,19,3,6,10,-18,-30,13
17,-49,-1,1,-14,92,105,17
2,-11,-4,-9,27,-71,35,7
21,4,-4,14,32,-5,-25,13
-57,-62,-12,-36,-7,11,10,-17
62,82,9,35,5,25,23,24
-7,-20,1,-7,-25,25,9,-9
-46,-20,-5,-11,-10,27,20,-6
16,5,-8,-8,-12,-81,3,0
-2,-14,3,-4,15,-5,-27,-5
-24,-34,-7,17,27,-14,-62,-23
-5,27,7,-38,-67,-12,-92,4
-15,-2,-1,5,26,-34,-61,-37
28,7,1,-11,-13,-53,-45,-7
5,-12,-5,4,15,-34,-42,-5
-1,20,-1,-16,-28,-108,-45,-19
-11,2,-4,24,5,43,14,-5
-39,-6,4,5,29,-41,-44,-19
-30,-5,-8,-17,23,43,-9,-52
18,-9,-3,-2,22,123,61,35
93,83,20,3,-63,-35,-14,23
-10,-3,-3,-10,-6,-43,-7,-13
-14,-9,2,20,-4,4,15,-2
-5,-9,-5,-14,-14,12,49,-7
-1,-20,-4,6,30,62,-2,-14
-28,16,-3,-23,-16,44,12,16
49,12,0,10,-1,5,-3,11
22,-14,-5,3,9,30,51,13
-19,-5,2,-16,-20,-69,-18,15
23,42,-2,-40,-28,40,48,26
13,-57,-22,-25,12,18,-21,-33
-29,-12,10,29,23,-27,-24,-15
20,18,6,7,1,75,12,21
-13,-2,-10,-5,-22,4,-8,-10
-47,-18,-6,6,-24,109,55,23
44,51,4,-10,21,56,17,3
-9,-4,-10,-27,-4,-34,-18,5
-52,-59,2,42,-14,-38,-10,0
17,55,15,8,17,-59,-19,-32
7,21,4,1,1,-107,28,-4
-42,-25,-20,-2,40,-65,-26,-12
24,-3,-4,3,-7,9,-4,10
-89,-2,5,14,-24,82,38,14
29,17,8,11,49,-51,29,31
6,-4,14,14,5,11,-13,-2
-11,4,-16,-38,-4,9,-14,-10
26,-1,3,40,31,-28,-36,24
-23,-17,-6,-11,-9,-6,-37,-13
-7,-13,-4,5,-34,-62,-10,8
-6,-16,-17,-27,60,40,42,-16
52,31,24,18,-13,-21,38,25
-24,-23,-14,-21,-38,102,2,3
-32,-31,9,27,-4,-71,-27,-1
69,27,11,5,-5,25,-14,-8
