7,9,-34,-5,2,-1,16,3
1,4,102,2,-4,-1,-5,-10
-5,-20,-88,-22,3,4,-9,10
14,15,-34,26,5,-2,8,9
-34,-13,5,-18,1,2,-5,6
5,14,13,-12,0,2,-2,2
-2,-2,-18,18,-11,-9,-3,-6
6,11,-22,-4,-1,-1,-13,-14
3,-2,-5,11,-3,-3,-21,77
-18,-2,-48,-4,5,9,27,-69
4,5,94,-20,-3,-2,-6,-2
0,-20,110,-12,-3,-3,-8,-3
-9,0,48,27,-3,-3,0,-4
-5,-8,-36,-18,0,-3,-21,16
6,16,118,18,0,-4,5,-5
21,-4,-69,-19,-2,1,8,10
-45,7,99,19,0,-5,-13,-20
12,-16,-12,0,-6,-2,-2,7
-2,13,-20,-3,3,2,8,5
-5,-9,-65,-2,-7,-4,-5,7
9,1,-52,-9,-5,-1,8,-13
-4,0,20,13,1,-1,-20,6
4,5,74,9,4,2,6,2
1,-3,78,-22,1,4,18,25
-5,-2,25,1,-2,-4,-23,3
-7,14,60,26,-1,0,1,0
9,-6,5,-30,-1,4,11,10
-13,-3,16,32,-5,-8,-5,-6
1,5,-47,-8,4,5,7,7
-8,-6,-20,-5,-1,-4,-3,5
25,5,51,-9,0,2,-2,-6
-1,5,10,8,1,1,-1,1
-9,-21,-37,-4,-4,-5,-7,-8
4,15,65,6,1,3,-10,1
8,-2,-89,4,-3,-3,31,14
-15,0,-34,-10,3,0,4,0
7,4,1,-16,2,2,4,4
-14,-11,-76,7,-6,-5,-3,-16
-5,-8,-8,-13,-4,-1,-13,11
6,0,39,19,-2,1,-1,-4
-20,9,-57,-5,-2,-1,5,11
20,-3,19,-19,5,2,-4,-35
-8,-7,-114,10,-2,-2,-8,-9
7,11,58,-2,2,1,2,23
0,-12,-45,-26,1,0,11,-3
-6,8,-12,22,-5,-2,2,-6
-3,1,44,19,3,1,1,26
1,1,19,-9,2,1,-1,-13
-1,-10,-98,-8,-4,-1,-27,-5
2,-5,61,-24,-1,1,23,1
0,3,-96,37,0,-1,-2,-10
-3,0,34,-10,-5,-6,-14,0
2,13,35,4,2,3,8,-2
-2,2,16,1,-2,-4,7,16
-4,-9,33,-14,-1,1,-11,16
7,-3,10,3,0,0,1,-11
-7,-9,-62,7,-5,-5,-3,11
11,7,59,-1,2,-1,-6,7
-22,2,-26,-8,1,-3,0,-12
2,-1,-128,-7,-4,-2,9,-27
-6,-4,119,-9,-6,-1,1,-27
14,-11,-98,8,-2,-1,-2,4
-10,-14,36,-5,-2,-2,-15,1
11,16,21,-4,4,2,6,22
-2,-15,-79,-6,-2,-4,3,-6
-5,16,95,3,4,4,-5,-12
-2,-21,-84,-13,-13,-8,-6,-6
-2,-2,73,0,3,3,-9,-1
-2,7,91,30,-3,-6,9,8
-14,-5,-31,-4,1,1,6,0
10,1,105,0,3,3,7,-5
-5,-8,-41,-21,-4,-3,-15,2
8,-4,19,13,0,1,9,4
4,-6,-15,-12,-7,-4,-11,-12
-8,10,63,11,0,1,5,3
1,-7,-48,3,-2,2,14,1
2,11,3,-6,4,4,-3,16
-15,-13,-6,6,-3,-5,-7,-39
11,5,-11,-1,2,-1,-2,27
-3,-7,3,-2,-1,-2,-8,-21
0,8,20,6,-1,-1,2,-7
-3,1,17,-1,1,0,1,15
5,-14,-82,-10,-9,-3,-1,-3
-2,0,37,6,1,0,10,-7
-3,4,-43,-9,-1,1,-6,18
4,-15,-81,-11,0,-1,-11,1
-3,31,127,40,5,-1,3,-16
-5,-29,-107,-39,-11,-7,-4,10
-4,5,78,-2,-2,-4,-6,-6
-7,-1,19,12,-2,-2,-22,1
6,3,-5,-14,4,5,17,-2
-2,2,1,-1,-2,1,7,9
0,-3,-13,11,1,0,6,1
5,-4,80,-5,-7,-5,-3,-7
4,6,11,-7,-2,2,0,12
-3,1,15,14,1,-1,-9,-23
0,-1,-5,-11,2,1,-7,-1
-8,8,-21,-3,3,2,8,5
-7,-9,-15,5,-3,-4,-3,-9
-3,6,99,7,-2,-2,-2,-2
5,-4,-11,5,-2,-4,-3,-1
-3,-5,-128,-15,-2,0,12,5
-8,0,118,2,-3,-3,-24,-22
3,4,15,-8,-1,-1,11,41
1,-2,24,6,0,-3,-4,-13
-3,7,70,10,0,1,-4,-1
0,2,-71,-20,2,4,1,8
0,-7,0,8,1,-2,-3,5
5,13,-9,7,0,1,-4,-4
-6,-19,-58,-14,-8,-6,-7,2
6,4,10,12,0,0,10,-4
0,-1,-25,-11,2,0,-6,-2
12,-1,-13,-3,-2,-2,-19,-3
-20,8,76,25,3,-3,17,-14
6,-3,6,-9,-4,-1,-8,-7
-1,0,13,4,-3,-1,-4,8
-1,-5,-16,-14,-3,-2,2,-2
3,2,32,-4,0,-1,-22,3
17,-4,-62,-6,2,0,18,27
-11,0,-25,-1,-1,-1,-2,-30
5,0,57,3,-1,0,-9,-2
-1,1,7,1,-5,-3,13,-1
3,6,8,-8,1,-1,0,18
-8,-5,26,6,-3,-2,-11,-27
-10,-3,-10,12,-1,0,6,1
0,2,16,0,2,-1,-1,-9
-12,-13,-114,-12,-6,-4,-6,-17
6,-1,-59,-4,2,0,6,20
-5,-3,1,5,1,2,1,-8
3,5,-10,4,0,0,6,8
2,1,-6,-8,-6,-3,-2,-11
-3,-5,51,1,-2,-2,-8,-2
3,2,-34,-14,0,3,13,6
-3,-5,33,31,0,-1,-6,2
-2,-1,33,-2,-2,-3,-2,-10
0,1,64,-1,-2,-1,-2,-1
-3,1,16,-12,-4,-2,-9,1
-1,12,-7,-9,2,3,23,2
1,-16,33,10,0,-1,-12,25
0,4,-41,4,-1,-3,0,-18
2,-9,11,0,-3,-3,-1,14
-2,-1,-58,-18,0,0,-6,-9
-6,5,5,12,-2,-6,-5,6
-9,-3,-33,-4,1,2,17,4
14,0,28,5,-1,-3,-1,-2
-3,-9,61,-3,-3,-2,2,20
-1,3,9,-3,0,0,-2,-23
1,2,1,-1,-4,-4,-7,1
-8,-2,-37,-5,-3,-3,2,-8
4,-15,-42,-13,-2,4,-25,4
7,1,34,6,5,5,27,-5
-21,-6,15,8,0,-1,-11,-8
1,2,35,-2,-2,-2,1,8
1,-2,-46,-6,-4,-4,-5,-5
1,2,90,4,-1,-2,-4,-5
5,-1,-62,-10,0,-1,-8,12
-9,7,54,7,3,2,18,4
6,-3,61,-4,2,-1,-1,2
4,0,83,15,-4,-4,-7,-9
5,-1,-1,5,1,1,9,17
-1,-3,-36,-8,-1,-2,-12,-7
-12,4,10,2,-2,1,10,-5
30,2,-13,-10,0,2,7,4
2,-3,6,-1,1,-1,4,10
-7,-5,-22,-1,-6,-3,-19,-39
-2,5,47,8,-1,-5,9,-2
-8,-6,-14,-12,-2,-1,-24,-7
5,17,82,10,2,0,12,-4
-7,-20,-91,-14,-2,-1,-2,-2
7,-1,-82,11,-1,-1,0,7
1,4,11,-10,-1,2,6,5
-19,-1,-32,2,-6,-3,-7,-31
-3,6,64,-5,4,2,3,8
0,-3,7,-7,-2,-4,-11,-4
-8,-10,-1,4,-2,-4,8,3
6,4,-34,-6,-2,1,0,0
6,-1,-31,7,1,1,-1,6
0,-2,40,-11,-2,0,2,21
-19,-3,-51,-3,-4,-5,-7,-25
17,1,72,6,-2,-2,-9,-10
-7,-5,-8,-4,-1,1,7,2
2,6,94,0,1,-1,-29,2
-15,-8,-26,2,-2,-2,13,6
0,0,-66,-4,0,2,7,-2
0,1,20,7,-1,-3,12,9
7,-3,-27,-19,2,2,5,-19
-17,1,14,10,-4,-3,-14,42
-8,-3,31,1,-5,-6,-7,-22
6,-3,10,2,-1,-3,-4,3
-9,-4,-64,3,-1,1,4,-13
3,5,-7,0,3,2,-1,-10
14,1,7,-7,0,2,0,28
-32,1,-7,9,-4,-4,-3,-13
9,3,33,0,-2,-1,2,0
1,-6,-98,-11,-3,-7,-10,-10
-6,-7,-37,-13,-1,-2,6,12
9,1,66,2,2,2,3,-11
-9,8,-6,8,0,-2,8,-32
13,-2,-36,-4,1,1,-4,-6
0,-2,-6,-2,-4,-2,-7,-5
4,-4,-8,-1,-4,-6,-14,13
-6,1,9,1,-2,-1,11,0
-6,9,66,-2,3,2,5,-7
-5,-10,-47,-13,-5,-2,7,1
-2,-8,-36,-6,-1,2,1,6
3,-6,-70,-1,-1,-1,-10,11
-8,-4,-43,-4,0,-3,-1,-12
0,1,39,7,1,-1,0,10
-4,1,74,10,-3,-4,-15,-5
9,-1,-77,-19,-3,-2,12,2
3,0,64,13,-4,-3,-3,-5
-8,-4,-35,-3,3,4,-3,-5
13,4,9,-2,0,1,3,14
-9,-7,101,6,0,-1,-7,3
2,1,-70,-12,-4,-1,-1,34
5,0,31,-6,-3,-4,-3,-12
-4,-6,-3,2,-4,-5,7,-14
-1,3,4,6,2,3,14,-1
-6,4,85,3,0,1,-7,3
4,-13,-89,-14,-2,-2,-16,2
2,5,54,-6,-2,-2,15,-6
-7,-15,36,-5,0,0,-8,3
1,5,-3,0,-2,0,-3,-21
-2,10,49,6,-2,-1,4,13
13,-1,-50,-1,1,0,0,-6
14,-3,-47,-10,-1,-4,-20,37
-23,-8,1,7,0,1,19,-77
-10,7,98,13,0,0,-26,-1
-9,-15,-85,-8,-2,-3,6,3
0,5,71,2,-3,-4,-13,2
12,5,-12,-5,3,1,-1,10
3,-15,7,12,1,1,10,5
-4,5,-13,-7,-1,1,8,-10
-4,-6,-22,-8,-5,-2,-2,-6
-1,-6,32,-2,-2,-4,-8,-19
1,7,11,4,3,2,20,1
2,2,-44,-4,2,3,-11,15
-8,2,34,4,-3,-2,5,-20
12,2,-1,-8,-3,-1,-11,24
0,2,47,14,0,-3,-11,-29
4,-5,91,-3,-3,0,10,-2
-14,3,5,1,4,0,3,4
-3,-1,27,-7,0,0,-18,-24
-4,5,-6,9,-1,-1,10,11
7,-3,-31,1,-4,-1,-9,4
4,4,11,2,2,2,11,-7
-2,7,-32,-1,4,2,-11,9
-5,-12,-128,-24,-5,-4,0,0
-3,3,96,7,-2,-6,-31,-20
6,-2,-74,-6,-1,-1,34,24
2,-3,80,18,-1,-1,-9,1
4,-12,-37,-13,2,0,-1,6
-12,1,16,-9,-2,-6,10,-8
7,3,23,12,0,0,-17,-5
-1,-4,-38,-12,0,-1,15,17
2,12,53,6,1,1,9,-1
-10,-13,-21,-3,-2,-2,-19,-7
-1,0,73,3,-3,-3,0,3
-1,-2,-49,0,-2,-2,10,10
0,1,-85,-15,0,-1,-16,3
-4,-3,-19,4,-1,-1,4,2
-14,-12,18,4,-3,-3,-7,-3
-9,-1,-25,0,1,2,-31,11
3,-4,37,1,-2,-4,35,-44
-8,12,-40,-3,0,-1,-10,4
17,-7,-2,-6,-3,-3,-10,-20
2,4,99,8,2,0,7,16
1,-13,-40,-31,-8,-4,-8,17
-1,-2,65,9,-1,1,2,14
-2,4,56,8,4,1,-9,-16
-6,-8,-12,4,0,-1,21,-14
0,3,2,-4,0,1,-15,8
1,4,-43,0,-1,1,12,2
13,1,19,-6,-4,0,-17,15
-34,-3,-9,-13,-5,-2,31,-41
-7,4,76,16,-1,-3,-11,13
16,0,-62,-5,-2,-4,-11,-1
-5,-9,-19,-5,0,1,19,1
1,-8,13,-7,-5,-2,-8,5
0,0,-42,-5,-1,1,-3,2
-3,6,69,8,1,0,4,-13
0,5,-43,-8,-3,-7,-18,-12
5,-4,-51,6,-1,0,2,28
-4,-2,88,0,-2,-3,-3,-6
17,-6,-9,-5,-1,1,-3,7
-11,3,24,4,3,-2,-9,-14
2,2,-50,-4,0,2,8,20
1,-1,105,7,-2,-4,-4,-9
-8,2,-124,-1,-2,1,-3,0
-1,1,7,-6,-2,2,0,-2
1,-9,26,0,-2,-5,-6,-5
2,2,-28,-6,-1,-2,-12,4
-8,-4,37,2,1,0,14,-6
-4,4,3,-4,1,2,6,16
20,2,-49,5,-4,-3,11,5
-2,-1,-60,-8,0,-1,-8,-20
-6,-4,62,6,2,2,-3,-6
-1,10,73,14,2,3,0,13
3,-10,-30,-19,-5,-4,-16,-30
-6,-3,-19,4,-6,-3,2,6
1,4,18,-2,2,-2,-1,6
-6,-2,-16,-9,0,3,8,-8
-9,-1,-1,0,0,-1,-7,20
19,5,48,16,2,0,8,-42
-6,-5,-11,-7,-3,-4,-3,-7
-8,-1,-41,-11,-2,-3,-3,4
17,2,103,0,-3,-3,-2,2
-9,-1,-61,-1,0,0,-6,11
-4,-4,93,-1,-2,1,11,0
-1,-5,-15,8,-3,1,3,-22
-3,9,6,-16,6,1,0,20
-2,2,12,6,1,0,-12,-17
4,-8,-22,1,-3,-1,4,7
0,3,-77,-8,-2,0,0,8
0,2,-1,8,0,0,0,-35
-8,3,35,-15,-3,-1,-8,22
5,-17,10,8,-2,-1,7,-4
4,0,-15,4,-2,-5,-5,-3
-9,5,3,2,3,3,-8,-5
8,-9,17,-5,5,3,6,9
-3,7,-95,-10,-4,-4,-8,-3
-3,-10,70,0,-6,-6,-1,-8
-5,0,-40,-1,-4,-6,-19,-1
-5,1,77,8,-3,1,38,15
23,3,27,-20,-2,-1,-12,28
-37,-8,50,-3,0,0,14,4
-1,2,-27,13,0,1,-5,9
0,1,-12,7,1,-1,3,-23
-4,-2,39,2,-2,-3,-11,-9
11,6,21,-3,-1,-2,1,16
-4,-8,41,-18,-5,-4,3,-22
-11,1,-6,6,-4,-2,-2,1
-2,12,27,11,1,1,-13,0
10,-8,-9,-8,-1,-4,-4,2
-4,6,-18,1,-2,-1,-6,22
3,-13,-64,-8,-5,-3,11,-26
-11,-5,-7,0,10,8,-2,-2
5,4,-71,3,0,2,-4,-16
2,-21,-32,-16,-5,-4,7,12
-3,5,-51,-1,0,-3,-19,0
7,1,-9,-1,-3,-4,-18,11
-9,-3,-7,1,-2,-3,17,-16
4,3,57,1,1,5,-5,0
-3,-1,-61,-6,-1,0,-4,9
-12,-3,26,1,-2,-2,1,-20
6,-1,5,2,-1,0,-7,11
3,9,20,4,-5,-5,6,-8
-9,-8,21,-9,-2,-2,-11,12
-2,3,-28,5,-1,1,22,6
-2,-6,-32,-5,-4,-4,-17,-37
10,-3,-3,1,2,0,-1,10
-28,-1,-20,2,1,0,1,-6
-1,1,10,-14,-1,-1,13,2
4,0,17,20,-3,-2,-6,27
1,0,-60,1,2,2,1,-43
5,-11,-12,1,-2,-2,-10,13
1,-1,-92,-18,-3,-4,-2,-5
-12,-5,40,-2,1,0,-25,-1
-5,-3,-37,12,-1,-1,25,9
11,5,96,-2,-4,1,-8,18
-6,4,40,6,2,2,3,3
7,1,-28,-19,0,-3,1,-17
-16,5,84,20,-2,-3,-5,-2
12,-3,-17,-2,2,0,1,-7
-7,-3,21,0,1,3,11,5
3,8,-6,4,0,2,-2,0
-3,-4,1,-12,-2,-5,-23,-9
1,7,-2,-1,-4,-1,22,12
1,-6,16,-4,-8,-5,-27,-33
-17,-14,-118,-7,1,1,5,-2
27,11,35,2,-1,-3,1,18
10,-20,-18,-6,0,0,-11,-6
-8,6,17,4,1,0,2,-1
4,-1,-31,-16,2,2,4,-5
-11,0,101,7,-3,-4,-23,6
8,4,-5,3,-2,-1,18,11
11,-11,0,0,-1,-2,-1,-8
-1,1,13,2,-2,-2,-5,12
0,1,4,-8,0,3,8,-3
-6,5,-8,-2,0,-3,-7,-4
-6,-5,68,12,-3,-4,-20,-12
7,13,22,11,5,4,22,8
0,-20,-90,-19,-1,-4,-5,-2
-2,5,93,8,-3,-3,4,-13
-6,4,-54,-11,-5,-2,3,11
4,1,56,3,-3,-2,-11,-9
2,6,-59,-2,1,1,9,46
-10,-11,-41,-7,2,2,-6,-41
6,7,38,9,0,-5,-4,24
-2,-10,-15,-5,-3,-4,3,-43
-8,4,-23,-4,-5,-2,0,4
-3,-2,-46,-1,-1,-1,-10,12
-6,0,-21,-4,-1,-1,6,-2
15,-2,-11,-11,-3,-2,-39,3
-5,3,91,12,1,0,33,-23
-2,4,39,3,0,0,-3,17
6,-11,-63,-19,1,1,7,-16
-4,-2,37,21,-6,-5,4,21
6,-2,-20,-5,-1,3,-7,-14
-3,7,-26,-7,-2,-1,-2,-3
-4,3,4,3,1,1,5,1
-2,-1,15,-13,-2,-1,-2,4
-1,-3,-81,7,3,-1,0,-6
-4,-9,2,4,-3,0,7,-4
4,2,7,-7,-2,2,-6,7
-3,-3,-24,-3,1,1,6,-6
-8,0,28,3,-5,-3,-3,1
1,2,-9,-3,-3,-3,-12,3
-5,-1,13,5,-5,-4,-2,-12
0,-2,9,4,-4,-3,7,8
-5,0,-14,-7,1,1,-4,-4
0,3,45,2,3,2,-2,3
5,28,-5,11,8,4,-38,44
-13,-49,-64,-44,-18,-9,34,-42
0,-4,81,3,-2,2,6,1
-4,0,4,11,-2,-2,0,-16
6,9,35,4,3,0,1,23
0,18,38,3,2,-1,-16,12
-2,-5,-45,-8,-3,-5,-7,-12
0,0,16,5,3,0,0,6
-7,-6,-5,-9,2,3,10,-27
5,-1,-36,4,1,1,-7,10
6,-9,7,1,-2,-4,14,1
-7,11,42,6,0,-2,-10,-6
-2,-9,-32,-8,-5,-4,2,-11
-4,2,-8,0,1,1,2,5
13,6,13,3,-1,0,-10,-3
2,-5,90,1,1,-1,2,12
0,-7,52,0,-5,-1,4,-11
-6,5,6,8,0,0,-13,-2
-4,-11,-50,-10,-3,-5,0,0
-1,-9,-21,-9,-2,1,3,11
-1,-1,31,4,-4,-2,18,7
-10,10,-21,3,3,3,1,-23
1,4,127,8,2,1,-14,-7
2,3,13,7,2,1,7,7
-7,-9,-62,-8,-3,-4,-8,-8
-1,0,21,3,0,-1,-2,19
-4,3,-14,-13,-3,-2,-1,6
4,-7,-46,-1,-3,-2,-12,-13
-4,-5,-13,-8,0,0,2,-13
6,0,57,6,0,1,18,9
-2,6,34,-5,3,3,-14,-9
-4,-15,-109,-4,-6,-9,8,5
-1,-10,8,10,-8,-9,-7,-6
3,0,30,-1,4,2,-2,5
-5,-5,49,-2,-2,-1,-5,0
4,14,33,-9,3,3,1,0
-8,-1,5,-5,0,0,-5,-8
14,0,-5,7,-3,-4,4,-2
14,2,-14,2,0,0,1,18
-31,-1,0,-3,-4,-2,-9,-14
3,-5,-6,1,-1,-2,2,-14
-3,3,13,4,2,-2,-27,-1
-6,0,2,0,2,4,29,7
9,-3,-4,3,-1,-1,-3,11
-1,0,9,1,-2,-1,4,5
-6,-4,51,-3,-3,-4,-6,-7
-3,1,-126,-13,0,-2,-2,-6
5,9,56,8,0,0,0,0
-9,-8,20,3,0,0,3,-1
2,-4,-16,-1,1,2,-8,5
-4,-4,-11,-4,-6,-3,11,-11
5,0,2,-3,0,-1,-13,0
-1,8,-8,2,3,1,9,7
-3,0,14,-4,-3,-1,2,-27
0,-7,-79,-2,-3,-3,-13,-1
-1,-3,-21,-2,-4,-4,-2,-8
3,4,15,-2,0,-3,-7,2
-1,8,23,2,1,2,3,9
-8,-9,-6,-4,-1,3,-3,-5
-1,5,35,-3,-4,-7,-4,-1
0,-5,-46,1,-1,-2,-2,-3
-5,-4,-36,-7,-5,-3,-5,7
-11,-7,5,1,3,-1,-7,-43
4,-1,40,6,2,1,-15,6
-2,1,32,0,-2,-3,18,-5
-1,-3,18,-1,0,0,-1,10
-5,4,100,-1,-6,-4,-6,5
-2,-6,-47,-2,0,0,-15,-7
6,-3,-35,-2,-1,1,11,5
0,0,-47,-4,-3,-3,-2,-9
-3,0,61,8,0,-2,2,7
17,0,5,-12,1,2,2,-5
-1,-3,-42,-2,-4,-4,-11,-3
-3,-2,10,9,-1,-3,8,3
3,5,9,1,2,1,3,3
11,2,-60,-9,-3,-1,6,22
-33,-16,-66,-17,-5,-3,-9,-41
3,-3,51,-1,-2,-1,5,1
1,1,-4,9,-3,-5,-10,3
-5,-1,16,-2,0,0,10,3
6,18,24,6,2,0,-1,10
-14,-12,32,-5,-2,0,-4,11
3,-3,-59,-1,-3,-1,0,-5
-7,-1,18,-7,-2,-1,7,-4
8,2,-10,-1,4,4,-10,8
-5,7,0,15,4,-5,25,22
-1,-3,36,2,-2,2,-3,0
-10,-9,-40,-7,-2,-1,2,-7
7,-2,100,5,-3,-2,-1,1
5,4,-46,-5,3,2,-14,0
-2,-2,-40,-13,-1,-2,-1,-4
-1,10,11,16,-2,-4,2,4
9,-3,-1,-2,3,1,-6,-2
-9,-6,-7,-4,-2,2,2,3
-2,-2,-27,-9,-5,-3,-2,-8
-10,-2,42,1,-1,-3,-3,3
9,4,-7,3,2,3,-1,-2
2,-4,-37,-10,-3,-4,-1,-6
-5,4,14,8,0,-1,5,7
4,-13,-8,-18,-4,-3,-8,-11
0,4,109,14,-4,-4,0,8
2,7,23,-1,0,0,8,-4
3,-6,-4,-4,-3,-1,-8,1
3,8,1,2,4,3,7,7
-9,-7,5,-7,1,-1,-5,0
15,-5,-86,-8,-5,-1,-19,-11
-19,-4,30,-5,-2,-3,9,17
3,2,-11,9,-6,-4,-1,-11
-4,-6,-66,-12,0,-1,-2,6
0,-1,-40,2,-3,0,-7,-6
-3,-3,33,-5,1,-1,-4,5
0,3,47,5,-1,0,0,3
-1,-6,6,2,1,-2,0,-6
0,4,28,4,0,-2,-4,2
7,1,-43,-4,-2,0,-6,-3
-7,0,-9,-4,-1,-1,1,-12
4,6,7,-1,0,-1,-5,2
-7,-4,9,0,-1,0,9,11
6,8,39,10,4,5,2,-36
-4,-13,-59,-23,-3,-1,2,23
-2,-6,50,7,-7,-4,-8,11
-3,1,28,-1,0,-1,-10,-6
-7,-4,-21,-4,0,-3,17,1
-3,2,-15,-2,1,0,-8,-3
3,0,39,-1,0,1,4,1
-6,-1,7,-9,-4,-2,-3,-9
-3,-1,-3,12,-1,-2,-9,6
13,-6,24,-1,1,0,-2,-7
-19,3,8,-2,0,1,8,-3
8,1,30,5,0,-4,2,17
-4,-5,-90,-12,1,1,-10,-14
7,4,85,10,-1,-1,6,4
4,-5,-49,2,-2,-2,-5,-9
3,0,-58,-6,0,0,3,8
0,4,53,-1,-1,0,-3,-4
1,-8,-49,10,0,-1,-9,-4
-7,-9,-104,-15,-5,-1,10,-5
-6,2,80,0,-1,-2,-25,-9
1,1,7,-1,0,-1,16,9
9,6,10,4,3,2,-2,-2
4,3,14,-1,0,2,-5,-2
-8,-11,-41,-7,-5,-1,7,-8
2,3,49,11,-2,-2,1,16
2,-4,-28,-4,-1,-1,-1,-37
10,7,31,1,0,-2,0,12
-18,-6,3,4,2,0,0,0
6,-3,-50,-7,-2,-2,-7,5
-11,-9,-70,-5,-5,-1,3,2
-2,3,46,-3,-1,-4,-1,11
-2,-1,23,-1,-2,-1,6,-52
3,0,3,-5,-4,-2,-8,7
-11,-2,-63,-7,-2,-4,2,-2
6,-1,5,0,-1,3,0,-8
3,5,-21,3,4,4,0,11
-2,-2,-13,-1,3,2,4,-4
-9,-1,14,-6,-1,-3,-5,-8
20,3,-2,9,-5,-3,-6,-3
-1,0,35,-2,-3,-3,-12,1
-1,4,-1,1,-3,-1,12,1
1,-5,64,-18,4,4,18,15
-11,-14,-69,14,-3,-4,4,-31
2,3,66,3,-1,3,-10,28
12,1,-9,-8,-2,-2,-3,-28
-19,-3,-63,-2,-3,-2,-3,-9
-6,0,15,-2,1,2,-5,-1
16,8,18,-3,2,-2,6,-19
-4,-2,20,10,0,0,-8,6
-2,1,-9,-3,-3,-3,-2,16
-1,-5,33,-1,-1,0,-2,-39
-4,-3,-42,4,-2,-1,4,-6
6,7,24,1,0,1,-1,16
-7,-3,46,3,-1,0,-4,-9
0,-1,-7,-12,0,-3,-1,13
-1,1,-21,0,-5,-2,10,8
-15,-10,12,-4,0,-1,-7,-9
13,6,50,7,4,0,-1,2
-8,-3,-10,-9,-1,1,2,8
-4,-1,24,2,-2,-4,-14,-9
-6,-7,-80,-9,-4,0,11,10
5,-1,29,2,-1,0,-9,-2
-5,4,-24,4,3,-1,3,7
0,-3,-60,-9,-1,-1,-2,-5
11,-1,-43,-1,-2,-3,-9,4
-35,-4,64,14,0,0,1,-4
3,6,-67,-5,0,-1,2,17
7,-7,54,-13,-5,-4,-2,-42
2,4,33,8,2,0,-3,16
5,-5,-81,-8,-1,-3,1,-29
-6,-1,70,-1,-2,1,-5,0
-6,2,-1,1,0,1,8,19
3,-3,-18,1,-3,-3,-4,-7
8,3,2,3,-1,-4,-4,3
-5,-2,0,5,-2,0,-1,-6
-1,-3,-37,-3,4,1,4,3
-1,-2,48,0,1,2,-1,31
-1,0,16,1,-2,-1,-5,-23
9,4,18,-10,-2,-4,7,5
-11,-7,118,4,-6,-4,5,2
-3,6,13,5,2,-3,-6,-7
1,-1,8,-1,1,-1,-17,16
-4,-8,-31,-13,-1,-2,-17,-6
-1,-1,-41,13,-1,1,14,8
-5,2,24,-6,-3,-3,-6,-18
-2,-2,-13,-4,-1,1,-1,5
-1,4,23,0,-1,0,-3,7
-7,-1,-35,-3,-1,-4,-4,-11
-5,-5,-23,-4,-3,-3,-3,-3
5,-3,-63,-7,0,2,4,12
-6,-4,64,-3,-3,-2,-3,-7
-6,-1,-21,2,1,0,0,7
-2,-5,6,-2,-1,1,0,-1
7,5,27,-10,-1,-2,1,-6
7,3,-32,25,-1,-3,4,12
-25,-3,38,-1,2,0,-5,22
5,-4,17,1,0,4,-14,-27
3,5,1,-1,0,-2,29,9
-8,-4,-17,-7,0,0,-7,-3
7,8,12,3,1,-4,-9,8
-6,-11,-98,-7,-6,-3,7,-4
0,7,40,6,2,3,-9,5
-2,-6,5,-3,3,2,5,-3
-1,-9,19,-2,-6,-3,-2,-10
14,5,-14,-10,-1,-1,-2,3
2,-2,-34,9,-5,-7,-4,-3
-5,-9,-58,-8,-2,-3,-13,-5
6,5,4,-3,0,3,13,14
-9,-3,10,-4,2,-2,0,-27
0,-3,35,-2,-4,-2,0,24
5,6,120,8,-2,-3,-5,-13
-2,-10,-128,-20,-4,-3,-5,-12
-1,1,75,4,-3,-3,5,6
-2,-1,38,0,-3,2,3,2
8,2,1,10,2,1,1,-2
-6,0,49,4,3,3,2,-1
-3,-7,-60,0,0,-1,-4,8
-18,-2,2,-9,-3,-5,-20,-49
20,-3,-68,-8,-3,-2,23,12
13,-1,-8,-1,-3,-4,-11,0
-4,4,47,5,1,4,21,1
-6,-5,-83,-8,-2,1,-3,17
-3,2,-27,-5,-4,-4,-11,-10
-1,2,25,3,-1,-2,4,-12
-2,4,50,-2,-1,-3,-13,4
1,-10,-5,0,-3,-1,3,2
-5,-2,-28,-7,0,1,3,26
8,-8,-50,-3,-1,-2,-7,-23
-1,3,14,6,1,-3,-2,-1
4,-5,19,2,-1,-2,2,4
-10,1,14,-6,1,0,-1,2
1,-1,27,-2,1,1,-13,-2
0,-5,5,1,-2,0,15,-4
16,0,16,0,0,-1,-9,1
-17,-12,4,-13,-3,-1,-1,-9
3,8,43,20,1,-1,-20,-12
-7,2,13,2,1,1,12,14
3,0,-50,1,-3,-4,-3,25
7,-4,22,-7,-3,-3,-11,-48
10,-2,-27,-8,-1,0,11,0
-9,-7,39,1,-2,-3,-15,-2
5,7,-26,-3,0,0,2,0
-12,-6,26,3,-2,1,-3,8
-11,-2,-51,-11,-3,-3,-9,7
13,7,53,2,-1,1,12,-38
-7,-1,-36,-18,1,4,9,2
-8,-1,95,21,1,0,1,17
3,0,-18,14,-1,-2,1,-32
-3,-8,-8,-13,-6,-2,-8,11
-5,-2,56,5,-2,-3,-19,-12
1,-2,7,-15,2,0,18,5
18,13,68,-2,2,2,9,22
-34,-7,-45,15,-6,-5,-9,-7
1,2,10,0,0,-2,0,-8
-2,2,-2,2,0,-3,-6,-3
3,1,27,-11,0,-1,6,11
1,-9,-17,10,-2,-1,-9,0
-14,4,-43,0,-3,-2,-8,-19
19,2,20,-1,-3,2,9,0
-13,-3,7,0,-3,-1,1,10
8,-3,-119,-22,3,1,-5,0
-8,-5,77,2,2,1,5,20
-2,6,39,12,-3,-6,4,-2
-4,-3,-7,-7,-3,0,1,-10
8,7,19,1,-1,1,6,23
1,-2,-14,3,0,0,3,-14
2,-1,-73,-10,1,1,-23,7
-4,-3,80,2,-2,-2,0,18
9,-2,-33,11,1,0,12,8
-26,4,36,-1,-1,-2,-3,-12
4,-3,-37,-6,1,1,3,-7
-1,-1,-12,-10,1,-2,-9,-4
-2,0,93,9,-1,-3,-9,3
22,-1,16,1,0,-2,8,-3
-5,10,9,-6,2,0,-4,6
-17,-14,-61,6,-2,0,8,-21
4,-1,21,-12,-6,-5,-8,-8
1,-5,25,1,-2,1,0,2
-6,13,31,14,0,1,7,-5
4,-15,23,-1,-1,-1,7,11
-6,-4,25,-8,-1,-2,-5,-3
6,4,-70,-1,-4,-2,-5,-8
-2,-15,-27,-9,-1,-3,-8,10
0,6,-17,1,0,2,1,10
-4,4,-10,-4,-1,-4,-8,-33
6,-13,-52,-10,-3,-2,2,14
-6,0,-11,6,-5,-4,-19,6
2,-1,-11,-3,0,-1,25,-3
-4,-4,-13,3,0,1,-12,-2
4,2,16,-1,0,0,1,2
3,-2,-23,1,-1,-1,4,-2
-13,-4,38,-10,-7,-7,-38,-4
14,1,62,2,-5,-4,15,1
-6,-3,-16,0,-1,-2,4,1
-8,-10,-2,-12,-2,-3,-1,-1
6,6,27,10,4,5,2,22
-7,3,-29,-8,0,1,-7,-31
-1,0,7,-1,-3,-5,-6,-1
1,8,71,0,1,-1,10,-4
-1,-2,-118,-1,-3,-3,0,0
-9,-9,9,-5,-2,-1,-3,5
2,-4,-44,0,0,2,-18,7
1,-6,6,-10,-1,-1,28,-18
8,3,4,15,-3,-6,-4,15
-4,0,-48,-8,1,1,-3,-3
1,-1,82,4,-3,0,-6,-7
-3,-5,-66,-6,-1,1,-6,1
13,3,32,-6,0,0,2,-5
-30,-2,20,6,2,0,3,2
-7,10,37,-3,-1,-3,-11,5
2,-23,-54,8,-5,-3,7,-2
-2,4,52,-3,-4,-2,2,-4
1,-6,-64,-17,4,4,-1,26
20,2,32,5,4,1,6,-5
-10,10,56,14,-1,0,4,7
0,1,-29,1,-2,-2,-7,-15
6,-4,-25,-3,-4,-3,5,9
-6,-2,1,4,1,-1,2,-6
3,-1,-44,-9,-2,-1,-10,4
0,-7,26,-3,1,5,-2,-6
-1,7,69,16,-2,-1,-1,-9
-3,-5,38,-1,-3,-5,-1,8
0,-2,-43,-14,-4,-3,6,6
2,2,10,2,0,0,-5,-16
-21,-2,30,-1,-2,-2,-7,-12
6,-2,-17,1,-3,1,4,-6
-8,2,7,8,0,0,-7,5
9,4,-3,-3,-2,-3,-3,4
13,-1,-26,-5,-1,-1,4,3
-7,0,-17,2,-1,-1,5,-2
0,2,0,-4,-2,1,-8,-7
-7,13,68,-4,8,2,-18,4
20,-30,-98,-9,-11,-7,12,16
-15,-2,77,4,-4,-2,24,-44
-1,-10,27,3,0,-2,-14,-6
-6,-1,23,-4,-2,-1,2,-6
4,13,25,-4,5,1,-15,18
-5,-2,-6,-4,0,-1,-7,12
13,1,-7,2,-1,-1,5,-18
-1,-5,-14,-4,-2,-3,0,-2
-12,5,-1,4,0,0,-6,-3
8,-19,-80,-10,-4,-3,4,0
-8,6,43,7,-1,-2,-7,-1
-3,-7,-96,-13,0,0,5,5
8,3,36,15,-2,-3,2,4
-1,7,18,0,-2,1,-2,-3
-1,2,31,-1,1,1,-3,24
0,-7,-47,-3,-2,-3,3,4
2,-4,37,-5,2,1,3,-15
-3,8,11,2,1,-3,-6,5
-5,-1,22,-5,-3,-1,-6,-7
-8,-1,-24,5,-3,-2,5,-5
-2,-5,-77,-14,1,-1,-6,-9
-6,1,107,0,-1,2,0,36
10,-2,-51,-5,-1,-3,-6,-47
-2,-3,70,6,-3,-1,17,14
1,6,13,-3,-1,1,-9,-3
6,3,40,4,1,-1,5,11
-9,4,-60,-1,0,-2,-6,-19
-2,-5,1,-2,0,-1,0,-9
-7,-3,32,6,-4,-4,1,4
14,-1,-52,-10,0,1,-3,-7
5,-2,35,9,2,2,3,12
-7,-4,-17,-1,-4,-2,-8,-10
-11,2,42,-1,-3,-2,-2,-2
4,-2,-79,-13,-2,1,20,7
-1,3,35,7,2,-1,-2,-4
-2,-1,19,7,2,0,3,13
4,-2,16,-4,-3,-2,-7,-5
-6,-12,14,2,0,-4,-7,-9
0,1,-5,-5,-2,-1,3,5
-8,1,21,-2,-1,1,-4,2
9,12,13,1,0,-1,2,-6
-5,-8,-47,-5,-2,-1,-27,0
-21,-5,62,1,0,0,22,-12
10,5,-7,-4,2,0,-12,5
0,-6,20,-1,-1,-2,6,-3
6,1,5,0,-1,-1,1,-5
-14,-3,-6,-1,-1,0,-5,20
21,-1,29,-7,-2,-4,0,-4
-2,4,-72,11,-4,-3,-3,-34
-4,2,20,3,1,3,0,-8
6,-4,-28,-6,-3,-2,-5,18
-12,-3,-91,-13,-5,-3,1,-18
-3,-15,-27,-8,-1,1,-5,11
-4,3,52,7,1,-2,2,-3
7,7,6,1,1,0,1,-5
-9,-10,-46,-11,-3,-2,1,-2
4,7,35,3,1,0,-1,10
-11,-4,-25,3,0,2,-2,-10
6,-1,18,-5,-2,0,-2,6
0,3,24,4,-1,-1,4,1
9,0,35,1,-4,-2,-3,2
-2,-2,-46,-8,0,-2,1,-5
-2,0,-62,-3,0,-3,-27,3
3,2,56,8,-3,-5,25,-14
-2,-13,24,-4,1,5,13,28
6,-3,95,10,0,0,-8,-26
1,0,10,1,-1,0,3,11
-8,1,-8,-6,-2,1,-20,-1
8,7,9,-3,-2,-4,-5,-6
-2,4,14,1,-2,-2,7,10
-1,0,20,5,0,1,-7,-3
-6,-12,-56,-3,-2,-2,-4,2
4,7,77,2,-2,-2,2,5
-9,-5,-104,-5,0,-1,-4,-1
2,1,50,0,-1,-1,4,-9
-2,1,-5,-3,-2,1,0,5
-4,-4,-15,1,2,1,-1,-6
-2,3,-2,-1,0,-2,-3,-3
-4,-2,-11,-3,-3,-1,4,3
12,9,14,5,0,0,-20,-5
-13,-19,-83,-7,-3,-1,13,-5
9,4,14,18,-5,-6,-28,10
-38,-20,-72,-8,-1,-1,32,-9
-1,5,43,6,2,1,-10,14
7,18,26,-10,0,-3,-9,-30
3,5,53,-3,-4,-1,-9,8
1,-16,-22,2,-4,-2,0,-28
-9,3,-1,4,2,0,2,-4
-12,-4,11,1,1,-2,-2,1
-4,-3,-76,-19,-3,0,7,-1
8,12,112,12,0,-2,-11,2
-2,-13,-50,-14,-1,-1,4,1
-2,3,50,7,1,0,0,8
9,-2,-47,-8,3,1,6,4
5,3,37,9,0,-1,-4,2
-4,-6,-13,-1,1,1,3,-2
10,0,-34,-9,-2,-1,-6,5
-11,4,39,17,-2,-3,4,-9
8,-5,-69,-13,-3,-2,-5,5
-6,2,13,-3,-3,-1,1,0
-6,0,0,5,-2,-2,-8,5
9,0,-13,-8,0,-2,15,1
-6,6,-4,-5,-3,1,4,3
-11,-7,57,6,-3,-2,-5,-19
0,-1,-23,-4,-1,-2,0,-30
4,-6,-52,-5,0,-1,-10,1
-1,-1,19,-1,-3,-2,-5,17
1,-1,-14,-5,-5,-1,1,-21
0,0,14,-1,-2,-2,-4,15
-8,-3,17,-2,1,0,-2,-7
2,-6,-12,2,1,0,1,5
7,0,15,-3,0,-2,-30,3
2,0,3,0,1,0,28,4
-10,-5,9,1,-6,-1,-3,-7
5,13,-79,-6,-1,-2,1,3
1,-6,-44,-1,0,0,-2,1
-6,-2,28,3,1,0,-9,-2
-6,-6,24,-6,-1,0,6,-8
3,-1,-20,-8,-4,-4,-6,0
-11,3,-2,5,0,-4,5,9
35,0,-6,5,-1,0,-9,1
0,3,44,0,0,-3,-17,26
-5,-11,41,-1,-3,0,21,-55
2,0,-27,-1,0,2,7,8
-14,-3,4,-3,-2,-2,-1,13
-3,1,-23,-2,1,1,-6,-6
4,-8,16,-5,-1,-3,-10,19
0,-8,8,6,-4,-4,5,-3
-10,-1,-73,-11,-2,0,-5,-10
2,4,4,-3,-4,-2,3,0
-2,-1,64,6,3,0,-5,15
-10,-1,-27,-1,1,2,5,-6
-5,-10,-23,-7,-3,-3,-5,-5
1,-1,24,3,-1,0,11,13
-2,6,57,-11,0,0,-4,-10
-1,0,127,7,-3,-2,-26,0
-3,3,30,4,-2,-3,16,-1
-5,-7,-33,-14,-1,1,-2,-12
-4,1,23,15,1,0,-13,-6
13,-5,-83,-8,-3,-3,-1,23
-15,-5,14,5,1,-1,8,-1
5,8,-26,-6,-1,-1,3,-9
16,-3,-8,6,0,2,-5,46
-33,4,37,-11,-1,1,4,-13
0,-3,-33,2,-5,-7,-17,-10
-8,-6,65,7,-3,-2,10,-9
5,1,-88,-10,0,-2,-2,11
9,-2,-20,-4,-1,-1,8,7
2,3,66,2,0,4,-2,2
-6,0,-6,12,2,-2,-4,-1
5,0,5,-5,-1,-3,-1,-13
4,-3,-62,-4,-1,-1,8,-4
3,8,69,6,2,2,-10,2
1,-13,-13,-4,-2,0,4,-1
4,2,49,2,2,2,0,-17
5,2,-41,-8,-3,-3,4,-6
1,1,-10,9,-2,-2,-7,0
1,7,23,-4,-3,-3,-10,4
-9,0,-22,-1,0,2,6,-5
9,-4,21,-4,1,2,19,1
-10,-5,-80,-7,-3,-3,-14,2
11,-1,20,2,-1,-2,23,-19
-1,1,12,-6,-3,-1,-14,0
-9,3,36,12,-1,-2,-5,4
3,0,16,-7,1,2,5,3
0,-3,-8,1,2,0,-12,-5
-18,-9,-29,-6,-6,-5,-2,23
15,8,54,0,3,2,3,-3
-3,-13,24,1,-4,-3,-4,10
-8,2,19,-3,-1,-1,-5,-4
7,-2,-20,-3,3,3,4,-12
-3,4,55,14,-1,-2,-8,-1
-3,5,11,-8,2,1,7,0
5,-10,-84,-21,-3,-2,-4,0
-9,-6,90,10,-4,-1,1,-11
-2,6,4,2,-2,-4,-7,-4
-1,4,-24,4,0,3,6,-1
-8,8,93,2,0,1,1,-3
12,-5,-52,-6,-3,-4,-2,3
-7,-7,3,-3,-4,-4,-16,-7
0,-1,-62,-7,0,0,-6,-2
-13,-1,19,6,0,-1,15,21
-8,1,-26,-1,3,0,-6,-9
22,-2,-11,4,-1,-2,-18,19
-22,0,53,-1,0,-3,14,-22
4,-3,-42,-1,-2,-2,-8,5
-6,5,54,3,-2,-1,1,-1
-7,-2,57,1,2,2,4,-4
15,-3,-79,-19,-1,-2,-1,12
-2,4,48,7,1,1,-4,3
-6,-7,-44,0,-6,-3,2,-7
-2,1,-15,-2,1,2,4,-5
4,3,-8,-3,3,3,-4,-6
-2,4,35,3,-2,-3,-8,-13
1,-15,-51,-11,-4,-3,17,0
-11,0,49,8,-1,0,7,-6
0,-9,-31,-4,-3,1,-4,-3
3,-3,-80,-7,-2,-1,-6,2
-6,6,-3,-3,1,1,-7,-2
-5,-4,-2,-5,-3,-2,8,-4
8,3,83,2,-3,-2,6,-6
1,-8,-13,-2,1,3,0,3
0,8,45,3,-1,-3,-3,-10
-8,-5,-34,-12,-2,-2,1,-2
6,2,69,7,-1,-2,-10,15
-10,-2,-55,-10,-4,-2,-1,-34
0,-2,14,12,0,-3,-22,-4
1,-1,-118,-10,3,-1,22,27
-2,-8,-19,0,-2,-2,-8,-29
0,0,46,-1,1,1,-1,7
-4,6,-4,-4,-1,-2,-10,4
11,4,-53,-5,-3,-3,2,0
-14,3,46,7,1,0,-4,5
-12,-11,-29,8,-1,-3,7,0
5,0,-69,1,0,-1,-19,-9
-5,-11,53,-7,-2,1,19,-4
1,4,-4,2,0,-1,-2,-1
-7,-7,23,-6,-5,-1,-5,-12
7,2,28,4,0,-1,-4,21
-8,-3,-32,-4,-6,-3,0,16
3,-1,-15,4,-2,1,-3,-3
10,9,87,14,2,-1,2,2
-1,-2,-63,-16,1,0,9,0
0,1,102,10,-1,0,-12,-9
4,-1,-42,2,-2,-3,0,16
2,-5,-44,-12,-2,0,8,-8
-2,-2,120,-1,-2,-2,6,-8
0,2,10,2,1,1,-3,-10
-3,-2,-11,-10,-1,-1,1,15
2,-1,-44,7,-1,-3,-4,9
-4,0,-59,0,-2,-1,8,-36
2,-2,25,-9,-1,0,-15,-5
-11,0,2,20,2,2,1,-9
-1,4,-59,-7,-2,-3,-4,1
6,-4,24,0,0,1,-15,6
-8,3,-69,-14,0,0,13,-5
