(0.061340332, 0.05822754, 0.9388428, 0.3336792)
(0.0612792969, 0.05822754, 0.938964844, 0.333313)
(0.0612792969, 0.05822754, 0.938964844, 0.333313)
(0.0614624023, 0.05822754, 0.9390869, 0.332946777)
(0.0615844727, 0.0584106445, 0.939147949, 0.332763672)
(0.0615844727, 0.0584106445, 0.939147949, 0.332763672)
(0.06201172, 0.05834961, 0.939147949, 0.3326416)
(0.06201172, 0.05834961, 0.939147949, 0.3326416)
(0.0617675781, 0.06201172, 0.938964844, 0.332519531)
(0.0617675781, 0.06201172, 0.938964844, 0.332519531)
(0.06414795, 0.06750488, 0.9388428, 0.331298828)
(0.06549072, 0.07098389, 0.938781738, 0.330627441)
(0.06549072, 0.07098389, 0.938781738, 0.330627441)
(0.06555176, 0.07116699, 0.9388428, 0.33026123)
(0.06555176, 0.07116699, 0.9388428, 0.33026123)
(0.06402588, 0.06719971, 0.93927, 0.33026123)
(0.06402588, 0.06719971, 0.93927, 0.33026123)
(0.06286621, 0.06463623, 0.9393921, 0.330627441)
(0.06286621, 0.06463623, 0.9393921, 0.330627441)
(0.0629272461, 0.06524658, 0.9393921, 0.330505371)
(0.0629272461, 0.06524658, 0.9393921, 0.330505371)
(0.06335449, 0.06719971, 0.939331055, 0.3302002)
(0.06402588, 0.0698852539, 0.93927, 0.3297119)
(0.06402588, 0.0698852539, 0.93927, 0.3297119)
(0.06427002, 0.07159424, 0.93927, 0.329223633)
(0.06427002, 0.07159424, 0.93927, 0.329223633)
(0.0639648438, 0.0713501, 0.939331055, 0.329223633)
(0.0639648438, 0.0713501, 0.939331055, 0.329223633)
(0.0639648438, 0.07128906, 0.939331055, 0.329223633)
(0.06378174, 0.07122803, 0.93927, 0.329406738)
(0.06378174, 0.07122803, 0.93927, 0.329406738)
(0.06378174, 0.07122803, 0.93927, 0.329406738)
(0.06414795, 0.07318115, 0.939209, 0.3291626)
(0.064453125, 0.07531738, 0.939147949, 0.328857422)
(0.064453125, 0.07531738, 0.939147949, 0.328857422)
(0.06439209, 0.0762939453, 0.9390869, 0.328674316)
(0.06439209, 0.0762939453, 0.9390869, 0.328674316)
(0.06390381, 0.0758667, 0.9390869, 0.328918457)
(0.06347656, 0.07537842, 0.939147949, 0.3289795)
(0.06347656, 0.07537842, 0.939147949, 0.3289795)
(0.06323242, 0.07562256, 0.939147949, 0.3289795)
(0.06323242, 0.07562256, 0.939147949, 0.3289795)
(0.06323242, 0.07623291, 0.9390869, 0.328918457)
(0.06323242, 0.07623291, 0.9390869, 0.328918457)
(0.06304932, 0.076171875, 0.939147949, 0.328857422)
(0.06304932, 0.076171875, 0.939147949, 0.328857422)
(0.0626831055, 0.0758667, 0.939147949, 0.329040527)
(0.0625610352, 0.0759277344, 0.939147949, 0.329101563)
(0.0625610352, 0.0759277344, 0.939147949, 0.329101563)
(0.0624389648, 0.0760498047, 0.9390869, 0.329101563)
(0.0624389648, 0.0760498047, 0.9390869, 0.329101563)
(0.0623168945, 0.076171875, 0.9390869, 0.3291626)
(0.0623168945, 0.076171875, 0.9390869, 0.3291626)
(0.06213379, 0.0762939453, 0.9390869, 0.329223633)
(0.06201172, 0.0765380859, 0.9390869, 0.3291626)
(0.06201172, 0.0765380859, 0.9390869, 0.3291626)
(0.06201172, 0.0765380859, 0.9390869, 0.3291626)
(0.06201172, 0.0765380859, 0.9390869, 0.3291626)
(0.06188965, 0.07623291, 0.9390869, 0.329223633)
(0.06188965, 0.07623291, 0.9390869, 0.329223633)
(0.06188965, 0.07623291, 0.9390869, 0.329223633)
(0.06188965, 0.07623291, 0.9390869, 0.329223633)
(0.0620727539, 0.0760498047, 0.9390869, 0.329223633)
(0.0620727539, 0.0760498047, 0.9390869, 0.329223633)
(0.06188965, 0.07543945, 0.9390869, 0.329406738)
(0.06188965, 0.07543945, 0.9390869, 0.329406738)
(0.06188965, 0.07543945, 0.9390869, 0.329406738)
(0.0619506836, 0.07598877, 0.9390869, 0.329223633)
(0.0619506836, 0.07598877, 0.9390869, 0.329223633)
(0.0619506836, 0.07598877, 0.9390869, 0.329223633)
(0.061706543, 0.07489014, 0.93927, 0.329040527)
(0.061706543, 0.07489014, 0.93927, 0.329040527)
(0.0615234375, 0.07409668, 0.939331055, 0.329101563)
(0.0615234375, 0.07409668, 0.939331055, 0.329101563)
(0.0615234375, 0.07409668, 0.939331055, 0.329101563)
(0.0618286133, 0.0745239258, 0.939331055, 0.3289795)
(0.06213379, 0.07513428, 0.93927, 0.328918457)
(0.06213379, 0.07513428, 0.93927, 0.328918457)
(0.0623168945, 0.07550049, 0.93927, 0.328857422)
(0.0623168945, 0.07550049, 0.93927, 0.328857422)
(0.06225586, 0.07513428, 0.93927, 0.328918457)
(0.06225586, 0.07507324, 0.93927, 0.328918457)
(0.06225586, 0.07507324, 0.93927, 0.328918457)
(0.06225586, 0.07513428, 0.93927, 0.328918457)
(0.06225586, 0.07513428, 0.93927, 0.328918457)
(0.06225586, 0.0746459961, 0.939331055, 0.328918457)
(0.06225586, 0.0746459961, 0.939331055, 0.328918457)
(0.061706543, 0.07354736, 0.939331055, 0.3291626)
(0.061706543, 0.07354736, 0.939331055, 0.3291626)
(0.0615234375, 0.07312012, 0.939331055, 0.329223633)
(0.0615234375, 0.07312012, 0.939331055, 0.329223633)
(0.0615844727, 0.07342529, 0.939331055, 0.3291626)
(0.061706543, 0.07397461, 0.939331055, 0.329101563)
(0.061706543, 0.07397461, 0.939331055, 0.329101563)
(0.0615234375, 0.07342529, 0.939331055, 0.329223633)
(0.0615234375, 0.07342529, 0.939331055, 0.329223633)
(0.06121826, 0.07269287, 0.939331055, 0.3295288)
(0.0611572266, 0.07244873, 0.93927, 0.329772949)
(0.0611572266, 0.07244873, 0.93927, 0.329772949)
(0.0614624023, 0.07305908, 0.939147949, 0.329772949)
(0.0614624023, 0.07305908, 0.939147949, 0.329772949)
(0.0614624023, 0.07305908, 0.939147949, 0.329772949)
(0.0614624023, 0.07305908, 0.939147949, 0.329772949)
(0.06109619, 0.0720214844, 0.939209, 0.329956055)
(0.06109619, 0.0720214844, 0.939209, 0.329956055)
(0.06085205, 0.07122803, 0.939147949, 0.33026123)
(0.06085205, 0.07122803, 0.939147949, 0.33026123)
(0.06109619, 0.07171631, 0.9390869, 0.330444336)
(0.06109619, 0.07171631, 0.9390869, 0.330444336)
(0.0615234375, 0.07269287, 0.9390259, 0.3303833)
(0.0614013672, 0.07183838, 0.9390259, 0.330505371)
(0.0614013672, 0.07183838, 0.9390259, 0.330505371)
(0.06072998, 0.0701293945, 0.9390259, 0.330871582)
(0.06072998, 0.0701293945, 0.9390259, 0.330871582)
(0.0609130859, 0.0703735352, 0.9389038, 0.331115723)
(0.061706543, 0.07208252, 0.938781738, 0.3310547)
(0.061706543, 0.07208252, 0.938781738, 0.3310547)
(0.0620727539, 0.07281494, 0.9387207, 0.3310547)
(0.0620727539, 0.07281494, 0.9387207, 0.3310547)
(0.0616455078, 0.07171631, 0.9387207, 0.331298828)
(0.0616455078, 0.07171631, 0.9387207, 0.331298828)
(0.0615844727, 0.07122803, 0.9387207, 0.331542969)
(0.0615844727, 0.07122803, 0.9387207, 0.331542969)
(0.0619506836, 0.07183838, 0.938659668, 0.331481934)
(0.0619506836, 0.07183838, 0.938659668, 0.331481934)
(0.0624389648, 0.07293701, 0.938598633, 0.331298828)
(0.0626831055, 0.07324219, 0.9385376, 0.331298828)
(0.0626831055, 0.07324219, 0.9385376, 0.331298828)
(0.06274414, 0.07330322, 0.9385376, 0.331298828)
(0.06274414, 0.07330322, 0.9385376, 0.331298828)
(0.0628051758, 0.07305908, 0.9385376, 0.331359863)
(0.0628051758, 0.07305908, 0.9385376, 0.331359863)
(0.06286621, 0.07305908, 0.9385376, 0.331359863)
(0.06286621, 0.07305908, 0.9385376, 0.331359863)
(0.06262207, 0.0727539063, 0.9385376, 0.331481934)
(0.06237793, 0.0723876953, 0.9385376, 0.331542969)
(0.06237793, 0.0723876953, 0.9385376, 0.331542969)
(0.0623168945, 0.07232666, 0.938598633, 0.331359863)
(0.0623168945, 0.07232666, 0.938598633, 0.331359863)
(0.0625, 0.07269287, 0.938659668, 0.3310547)
(0.0625, 0.07269287, 0.938659668, 0.3310547)
(0.0625610352, 0.07269287, 0.938659668, 0.3310547)
(0.0625, 0.0725097656, 0.9387207, 0.3310547)
(0.0625, 0.0725097656, 0.9387207, 0.3310547)
(0.0625, 0.0725097656, 0.9387207, 0.3310547)
(0.0625, 0.0725097656, 0.9387207, 0.3310547)
(0.0625, 0.0725097656, 0.9387207, 0.3310547)
(0.0625, 0.0725097656, 0.9387207, 0.3310547)
(0.06262207, 0.07220459, 0.9387207, 0.330993652)
(0.06262207, 0.07220459, 0.9387207, 0.330993652)
(0.0626831055, 0.07220459, 0.9387207, 0.330993652)
(0.0626831055, 0.07220459, 0.9387207, 0.330993652)
(0.0626831055, 0.07220459, 0.9387207, 0.330993652)
(0.06274414, 0.072265625, 0.9387207, 0.330993652)
(0.06274414, 0.072265625, 0.9387207, 0.330993652)
(0.0628051758, 0.0717773438, 0.9387207, 0.3310547)
(0.0628051758, 0.0717773438, 0.9387207, 0.3310547)
(0.06274414, 0.07122803, 0.9387207, 0.331176758)
(0.06304932, 0.07147217, 0.938659668, 0.331298828)
(0.06304932, 0.07147217, 0.938659668, 0.331298828)
(0.06304932, 0.07147217, 0.938659668, 0.331298828)
(0.06347656, 0.0718994141, 0.938659668, 0.331115723)
(0.06347656, 0.0718994141, 0.938659668, 0.331115723)
(0.06378174, 0.0718994141, 0.9387207, 0.330932617)
(0.06378174, 0.0718994141, 0.9387207, 0.330932617)
(0.06378174, 0.07110596, 0.938781738, 0.330871582)
(0.06378174, 0.07110596, 0.938781738, 0.330871582)
(0.06378174, 0.07110596, 0.938781738, 0.330871582)
(0.06378174, 0.07110596, 0.938781738, 0.330871582)
(0.0645751953, 0.07196045, 0.9388428, 0.330444336)
(0.0645751953, 0.07196045, 0.9388428, 0.330444336)
(0.06451416, 0.07147217, 0.9389038, 0.33026123)
(0.06451416, 0.07147217, 0.9389038, 0.33026123)
(0.064453125, 0.07098389, 0.9390259, 0.33013916)
(0.064453125, 0.07098389, 0.9390259, 0.33013916)
(0.0645751953, 0.07122803, 0.9390259, 0.32989502)
(0.0645751953, 0.07122803, 0.9390259, 0.32989502)
(0.0647583, 0.07171631, 0.9390869, 0.329772949)
(0.0647583, 0.07171631, 0.9390869, 0.329772949)
(0.06451416, 0.07098389, 0.939209, 0.329589844)
(0.06451416, 0.07098389, 0.939209, 0.329589844)
(0.06451416, 0.07098389, 0.939209, 0.329589844)
(0.0645751953, 0.07141113, 0.939209, 0.329406738)
(0.06463623, 0.07171631, 0.93927, 0.3291626)
(0.06463623, 0.07171631, 0.93927, 0.3291626)
(0.06463623, 0.07171631, 0.93927, 0.3291626)
(0.064453125, 0.0713501, 0.939331055, 0.329101563)
(0.064453125, 0.0713501, 0.939331055, 0.329101563)
(0.06427002, 0.07092285, 0.9393921, 0.3291626)
(0.06427002, 0.07092285, 0.9393921, 0.3291626)
(0.0643310547, 0.07116699, 0.9393921, 0.329101563)
(0.06439209, 0.07116699, 0.9393921, 0.329101563)
(0.06439209, 0.07116699, 0.9393921, 0.329101563)
(0.06439209, 0.07116699, 0.9393921, 0.329101563)
(0.06439209, 0.07116699, 0.9393921, 0.329101563)
(0.0643310547, 0.07080078, 0.9393921, 0.3291626)
(0.0643310547, 0.07080078, 0.9393921, 0.3291626)
(0.0643310547, 0.07080078, 0.9393921, 0.3291626)
(0.0642089844, 0.0706176758, 0.939331055, 0.329223633)
(0.0640869141, 0.07086182, 0.9393921, 0.329223633)
(0.0640869141, 0.07086182, 0.9393921, 0.329223633)
(0.0640869141, 0.07086182, 0.9393921, 0.329223633)
(0.0637207, 0.07043457, 0.93951416, 0.328918457)
(0.0637207, 0.07043457, 0.93951416, 0.328918457)
(0.0637207, 0.06994629, 0.9395752, 0.3287964)
(0.0637207, 0.06994629, 0.9395752, 0.3287964)
(0.0637207, 0.06994629, 0.9395752, 0.3287964)
(0.06359863, 0.0700073242, 0.93963623, 0.3287964)
(0.06359863, 0.0700073242, 0.93963623, 0.3287964)
(0.06329346, 0.06964111, 0.939697266, 0.328735352)
(0.06329346, 0.06964111, 0.939697266, 0.328735352)
(0.06304932, 0.0692749, 0.9397583, 0.328674316)
(0.06304932, 0.0692749, 0.9397583, 0.328674316)
(0.06304932, 0.0692749, 0.9397583, 0.328674316)
(0.06304932, 0.0692749, 0.9397583, 0.328674316)
(0.06304932, 0.06921387, 0.939819336, 0.3284912)
(0.06304932, 0.06921387, 0.939819336, 0.3284912)
(0.0629272461, 0.06896973, 0.939819336, 0.3284912)
(0.0629272461, 0.06896973, 0.939819336, 0.3284912)
(0.0629272461, 0.06896973, 0.939819336, 0.3284912)
(0.06286621, 0.06921387, 0.9398804, 0.328430176)
(0.06286621, 0.06921387, 0.9398804, 0.328430176)
(0.06286621, 0.06921387, 0.9398804, 0.328430176)
(0.06274414, 0.06945801, 0.939819336, 0.3284912)
(0.0624389648, 0.06964111, 0.939819336, 0.328430176)
(0.06201172, 0.06951904, 0.9398804, 0.3284912)
(0.06201172, 0.06951904, 0.9398804, 0.3284912)
(0.061340332, 0.06915283, 0.9399414, 0.328552246)
(0.061340332, 0.06915283, 0.9399414, 0.328552246)
(0.06060791, 0.0686035156, 0.9398804, 0.328857422)
(0.06060791, 0.0686035156, 0.9398804, 0.328857422)
(0.0601806641, 0.0680542, 0.939819336, 0.329223633)
(0.0601806641, 0.0680542, 0.939819336, 0.329223633)
(0.0601806641, 0.06817627, 0.939697266, 0.3295288)
(0.0601806641, 0.06817627, 0.939697266, 0.3295288)
(0.05999756, 0.0678710938, 0.9395752, 0.330078125)
(0.0596923828, 0.06756592, 0.9393921, 0.330688477)
(0.0596923828, 0.06756592, 0.9393921, 0.330688477)
(0.059753418, 0.06774902, 0.939147949, 0.331298828)
(0.059753418, 0.06774902, 0.939147949, 0.331298828)
(0.0600585938, 0.0682373047, 0.9389038, 0.331848145)
(0.06060791, 0.06854248, 0.9387207, 0.3322754)
(0.06060791, 0.06854248, 0.9387207, 0.3322754)
(0.06060791, 0.06854248, 0.9387207, 0.3322754)
(0.0610351563, 0.06866455, 0.938476563, 0.332702637)
(0.0615844727, 0.0687255859, 0.9383545, 0.3330078)
(0.0615844727, 0.0687255859, 0.9383545, 0.3330078)
(0.0621948242, 0.06890869, 0.9381714, 0.333313)
(0.0621948242, 0.06890869, 0.9381714, 0.333313)
(0.06286621, 0.06896973, 0.9380493, 0.333557129)
(0.06286621, 0.06896973, 0.9380493, 0.333557129)
(0.06347656, 0.06903076, 0.937927246, 0.333740234)
(0.06402588, 0.06915283, 0.9378662, 0.3338623)
(0.06402588, 0.06915283, 0.9378662, 0.3338623)
(0.0646972656, 0.06994629, 0.937744141, 0.33392334)
(0.0646972656, 0.06994629, 0.937744141, 0.33392334)
(0.06488037, 0.07019043, 0.9376831, 0.33392334)
(0.06488037, 0.07019043, 0.9376831, 0.33392334)
(0.0649414063, 0.0704956055, 0.9376831, 0.3338623)
(0.0649414063, 0.0704956055, 0.9376831, 0.3338623)
(0.06530762, 0.0713501, 0.9376831, 0.333618164)
(0.06530762, 0.0713501, 0.9376831, 0.333618164)
(0.06536865, 0.0717773438, 0.9376831, 0.3334961)
(0.06536865, 0.0717773438, 0.9376831, 0.3334961)
(0.06542969, 0.07196045, 0.9376831, 0.333557129)
(0.06549072, 0.0725097656, 0.937561035, 0.333618164)
(0.06549072, 0.0725097656, 0.937561035, 0.333618164)
(0.06549072, 0.0725097656, 0.937561035, 0.333618164)
(0.06561279, 0.0746459961, 0.9375, 0.333313)
(0.06561279, 0.0746459961, 0.9375, 0.333313)
(0.06542969, 0.07507324, 0.937561035, 0.333129883)
(0.06542969, 0.07507324, 0.937561035, 0.333129883)
(0.06530762, 0.0758056641, 0.9376221, 0.332885742)
(0.06530762, 0.0758056641, 0.9376221, 0.332885742)
(0.06555176, 0.0770874, 0.9376221, 0.332519531)
(0.06555176, 0.0770874, 0.9376221, 0.332519531)
(0.06555176, 0.0770874, 0.9376221, 0.332519531)
(0.0657959, 0.078125, 0.9376831, 0.3320923)
(0.06555176, 0.07879639, 0.9378052, 0.331604)
(0.06488037, 0.07940674, 0.9380493, 0.330871582)
(0.06488037, 0.07940674, 0.9380493, 0.330871582)
(0.0635376, 0.07928467, 0.938476563, 0.329956055)
(0.0635376, 0.07928467, 0.938476563, 0.329956055)
(0.06201172, 0.0785522461, 0.9390259, 0.328918457)
(0.06201172, 0.0785522461, 0.9390259, 0.328918457)
(0.06072998, 0.07745361, 0.9394531, 0.328125)
(0.0599365234, 0.0765380859, 0.939697266, 0.327697754)
(0.0599365234, 0.0765380859, 0.939697266, 0.327697754)
(0.0599365234, 0.0765380859, 0.939697266, 0.327697754)
(0.05987549, 0.0765380859, 0.939697266, 0.327697754)
(0.0602417, 0.07672119, 0.93963623, 0.327880859)
(0.0602417, 0.07672119, 0.93963623, 0.327880859)
(0.0602417, 0.07672119, 0.93963623, 0.327880859)
(0.0606689453, 0.07684326, 0.9395752, 0.3279419)
(0.0609130859, 0.0764160156, 0.9395752, 0.32800293)
(0.0610351563, 0.07562256, 0.93951416, 0.32824707)
(0.0610351563, 0.07562256, 0.93951416, 0.32824707)
(0.0611572266, 0.07525635, 0.9394531, 0.3284912)
(0.0611572266, 0.07525635, 0.9394531, 0.3284912)
(0.061340332, 0.07556152, 0.93927, 0.328918457)
(0.061340332, 0.07556152, 0.93927, 0.328918457)
(0.0615234375, 0.0762939453, 0.9390869, 0.329223633)
(0.0615234375, 0.0762939453, 0.9390869, 0.329223633)
(0.0615234375, 0.0765380859, 0.938964844, 0.329589844)
(0.0615234375, 0.0765380859, 0.938964844, 0.329589844)
(0.0614624023, 0.07672119, 0.9388428, 0.329833984)
(0.0615844727, 0.07727051, 0.938781738, 0.32989502)
(0.0615844727, 0.07727051, 0.938781738, 0.32989502)
(0.0616455078, 0.07775879, 0.938781738, 0.329772949)
(0.0616455078, 0.07775879, 0.938781738, 0.329772949)
(0.0616455078, 0.07824707, 0.9388428, 0.329467773)
(0.0615234375, 0.07824707, 0.9390259, 0.329040527)
(0.0615234375, 0.07824707, 0.9390259, 0.329040527)
(0.061340332, 0.07800293, 0.939209, 0.328613281)
(0.061340332, 0.07800293, 0.939209, 0.328613281)
(0.0611572266, 0.07788086, 0.9393921, 0.328125)
(0.0611572266, 0.07788086, 0.9393921, 0.328125)
(0.0611572266, 0.07788086, 0.9393921, 0.328125)
(0.0609130859, 0.07775879, 0.93951416, 0.327819824)
(0.0606689453, 0.07763672, 0.93963623, 0.3274536)
(0.0606689453, 0.07763672, 0.93963623, 0.3274536)
(0.0603027344, 0.07727051, 0.939819336, 0.327209473)
(0.0601806641, 0.0769043, 0.9399414, 0.326965332)
(0.0601806641, 0.0769043, 0.9399414, 0.326965332)
(0.0602417, 0.07696533, 0.940002441, 0.326782227)
(0.0602417, 0.07696533, 0.940002441, 0.326782227)
(0.0601806641, 0.07672119, 0.9400635, 0.326660156)
(0.0601806641, 0.07672119, 0.9400635, 0.326660156)
(0.0602417, 0.0766601563, 0.9400635, 0.326599121)
(0.0602417, 0.0766601563, 0.9400635, 0.326599121)
(0.0603027344, 0.0766601563, 0.9401245, 0.326477051)
(0.0604248047, 0.07678223, 0.9401245, 0.32635498)
(0.0604248047, 0.07678223, 0.9401245, 0.32635498)
(0.060546875, 0.0770874, 0.940185547, 0.32611084)
(0.060546875, 0.0770874, 0.940185547, 0.32611084)
(0.06048584, 0.07702637, 0.9402466, 0.325927734)
(0.06048584, 0.07702637, 0.9402466, 0.325927734)
(0.06048584, 0.07672119, 0.940368652, 0.3256836)
(0.0606689453, 0.07684326, 0.940368652, 0.325561523)
(0.0606689453, 0.07684326, 0.940368652, 0.325561523)
(0.0609130859, 0.0770874, 0.9403076, 0.325622559)
(0.0609130859, 0.0770874, 0.9403076, 0.325622559)
(0.0609130859, 0.07714844, 0.9403076, 0.325622559)
(0.0609130859, 0.07714844, 0.9403076, 0.325622559)
(0.06097412, 0.07714844, 0.9403076, 0.325622559)
(0.06097412, 0.07714844, 0.9403076, 0.325622559)
(0.06097412, 0.07714844, 0.9403076, 0.325622559)
(0.06097412, 0.07714844, 0.9403076, 0.325622559)
(0.06097412, 0.07720947, 0.9403076, 0.325622559)
(0.0611572266, 0.07696533, 0.940368652, 0.325561523)
(0.0611572266, 0.07696533, 0.940368652, 0.325561523)
(0.061340332, 0.07672119, 0.940368652, 0.325561523)
(0.061340332, 0.07672119, 0.940368652, 0.325561523)
(0.061340332, 0.07672119, 0.940368652, 0.325561523)
(0.061340332, 0.07672119, 0.940368652, 0.325561523)
(0.0614013672, 0.07678223, 0.940368652, 0.325561523)
(0.0614013672, 0.07678223, 0.940368652, 0.325561523)
(0.0614013672, 0.07678223, 0.940368652, 0.325561523)
(0.0615234375, 0.07696533, 0.9404297, 0.325256348)
(0.0615234375, 0.07696533, 0.9404297, 0.325256348)
(0.0615234375, 0.0769043, 0.940551758, 0.3250122)
(0.0615234375, 0.0769043, 0.940551758, 0.3250122)
(0.0615234375, 0.0769043, 0.9406128, 0.324707031)
(0.0615234375, 0.0769043, 0.9406128, 0.324707031)
(0.0616455078, 0.0770874, 0.9406738, 0.3244629)
(0.0617675781, 0.07733154, 0.940734863, 0.3241577)
(0.0617675781, 0.07733154, 0.940734863, 0.3241577)
(0.06188965, 0.07745361, 0.940856934, 0.3237915)
(0.06188965, 0.07745361, 0.940856934, 0.3237915)
(0.0620727539, 0.0776977539, 0.940979, 0.3234253)
(0.0620727539, 0.0776977539, 0.940979, 0.3234253)
(0.06225586, 0.07775879, 0.941040039, 0.323120117)
(0.0625, 0.0778198242, 0.9411011, 0.322875977)
(0.0625, 0.0778198242, 0.9411011, 0.322875977)
(0.0626831055, 0.0778198242, 0.941223145, 0.322631836)
(0.0626831055, 0.0778198242, 0.941223145, 0.322631836)
(0.06286621, 0.07788086, 0.9412842, 0.32232666)
(0.06286621, 0.07788086, 0.9412842, 0.32232666)
(0.0629272461, 0.07800293, 0.9413452, 0.322021484)
(0.0629272461, 0.07800293, 0.9413452, 0.322021484)
(0.06323242, 0.0779418945, 0.9414673, 0.321655273)
(0.06323242, 0.0779418945, 0.9414673, 0.321655273)
(0.06323242, 0.07733154, 0.941589355, 0.321472168)
(0.06341553, 0.07678223, 0.9416504, 0.3213501)
(0.06341553, 0.07678223, 0.9416504, 0.3213501)
(0.0635376, 0.0765380859, 0.9417114, 0.321228027)
(0.0635376, 0.0765380859, 0.9417114, 0.321228027)
(0.0637207, 0.0766601563, 0.9417114, 0.321105957)
(0.0637207, 0.0766601563, 0.9417114, 0.321105957)
(0.06384277, 0.0762939453, 0.941772461, 0.321167)
(0.06384277, 0.0762939453, 0.941772461, 0.321167)
(0.06384277, 0.07574463, 0.9417114, 0.3213501)
(0.06384277, 0.07574463, 0.9417114, 0.3213501)
(0.06378174, 0.07550049, 0.9416504, 0.3215332)
(0.06378174, 0.07550049, 0.9416504, 0.3215332)
(0.06378174, 0.07550049, 0.9416504, 0.3215332)
(0.06378174, 0.07550049, 0.9416504, 0.3215332)
(0.06384277, 0.07537842, 0.9416504, 0.321655273)
(0.06390381, 0.07501221, 0.9416504, 0.3217163)
(0.06390381, 0.07501221, 0.9416504, 0.3217163)
(0.06384277, 0.07446289, 0.9416504, 0.321838379)
(0.06359863, 0.07366943, 0.9416504, 0.322021484)
(0.06359863, 0.07366943, 0.9416504, 0.322021484)
(0.0635376, 0.07305908, 0.9416504, 0.322143555)
(0.0635376, 0.07305908, 0.9416504, 0.322143555)
(0.0635376, 0.07312012, 0.9416504, 0.322143555)
(0.0635376, 0.07312012, 0.9416504, 0.322143555)
(0.06365967, 0.07287598, 0.9416504, 0.3222046)
(0.06365967, 0.07287598, 0.9416504, 0.3222046)
(0.06390381, 0.07269287, 0.9416504, 0.3222046)
(0.0642089844, 0.0725708, 0.9416504, 0.322265625)
(0.0642089844, 0.0725708, 0.9416504, 0.322265625)
(0.06439209, 0.072265625, 0.941589355, 0.32244873)
(0.06439209, 0.072265625, 0.941589355, 0.32244873)
(0.06451416, 0.0720214844, 0.9415283, 0.322692871)
(0.06451416, 0.0720214844, 0.9415283, 0.322692871)
(0.06451416, 0.0720214844, 0.9415283, 0.322692871)
(0.06451416, 0.0720214844, 0.9415283, 0.322692871)
(0.06451416, 0.0720214844, 0.9415283, 0.322692871)
(0.064453125, 0.07183838, 0.9415283, 0.3227539)
(0.064453125, 0.07183838, 0.9415283, 0.3227539)
(0.06439209, 0.07141113, 0.9414673, 0.322937)
(0.06439209, 0.07141113, 0.9414673, 0.322937)
(0.06439209, 0.07110596, 0.94140625, 0.323303223)
(0.06439209, 0.07110596, 0.94140625, 0.323303223)
(0.06463623, 0.07141113, 0.941223145, 0.323730469)
(0.06488037, 0.07196045, 0.940979, 0.3241577)
(0.06488037, 0.07196045, 0.940979, 0.3241577)
(0.06500244, 0.07244873, 0.9407959, 0.324584961)
(0.06500244, 0.07244873, 0.9407959, 0.324584961)
(0.06500244, 0.07269287, 0.940734863, 0.324768066)
(0.06500244, 0.07269287, 0.940734863, 0.324768066)
(0.06506348, 0.0727539063, 0.940734863, 0.324768066)
(0.06506348, 0.0727539063, 0.940734863, 0.324768066)
(0.06506348, 0.0727539063, 0.940734863, 0.324768066)
(0.06506348, 0.0727539063, 0.940734863, 0.324768066)
(0.06506348, 0.0727539063, 0.940734863, 0.324768066)
(0.06506348, 0.0727539063, 0.940734863, 0.324768066)
(0.06506348, 0.07244873, 0.9407959, 0.324523926)
(0.06506348, 0.0721435547, 0.940856934, 0.32434082)
(0.06506348, 0.0721435547, 0.940856934, 0.32434082)
(0.06530762, 0.07220459, 0.940917969, 0.3241577)
(0.06530762, 0.07220459, 0.940917969, 0.3241577)
(0.06561279, 0.07220459, 0.940856934, 0.32421875)
(0.06561279, 0.07220459, 0.940856934, 0.32421875)
(0.06591797, 0.07196045, 0.9407959, 0.3244629)
(0.06591797, 0.07196045, 0.9407959, 0.3244629)
(0.0662231445, 0.0717773438, 0.9406738, 0.324707031)
(0.0664672852, 0.0717773438, 0.9406128, 0.324951172)
