(-0.470275879, 0.353210449, 0.5541992, -0.5890503)
(-0.470214844, 0.3531494, 0.5541992, -0.5890503)
(-0.470214844, 0.3531494, 0.5541992, -0.5890503)
(-0.470214844, 0.3531494, 0.5543823, -0.5888672)
(-0.470214844, 0.3531494, 0.5543823, -0.5888672)
(-0.470275879, 0.3534546, 0.554443359, -0.5886841)
(-0.469482422, 0.3546753, 0.5543823, -0.588562)
(-0.469482422, 0.3546753, 0.5543823, -0.588562)
(-0.469177246, 0.355102539, 0.5543213, -0.588623047)
(-0.469177246, 0.355102539, 0.5543213, -0.588623047)
(-0.469238281, 0.3557129, 0.5541382, -0.5883789)
(-0.469238281, 0.3557129, 0.5541382, -0.5883789)
(-0.4694214, 0.356140137, 0.5540161, -0.58807373)
(-0.4694214, 0.356140137, 0.5540161, -0.58807373)
(-0.4696045, 0.3564453, 0.5539551, -0.5878296)
(-0.4696045, 0.3564453, 0.5539551, -0.5878296)
(-0.469299316, 0.356811523, 0.5540161, -0.587768555)
(-0.469299316, 0.356811523, 0.5540161, -0.587768555)
(-0.468994141, 0.35736084, 0.553894043, -0.5878296)
(-0.4680786, 0.359924316, 0.553894043, -0.5869751)
(-0.4680786, 0.359924316, 0.553894043, -0.5869751)
(-0.467590332, 0.361572266, 0.5536499, -0.5866089)
(-0.467956543, 0.361877441, 0.553405762, -0.5863037)
(-0.467956543, 0.361877441, 0.553405762, -0.5863037)
(-0.468139648, 0.3616333, 0.553405762, -0.586364746)
(-0.468444824, 0.3605957, 0.5536499, -0.5864868)
(-0.468444824, 0.3605957, 0.5536499, -0.5864868)
(-0.468444824, 0.3605957, 0.553710938, -0.5864868)
(-0.468688965, 0.361755371, 0.553833, -0.5853882)
(-0.468688965, 0.361755371, 0.553833, -0.5853882)
(-0.46862793, 0.3619995, 0.553833, -0.585327148)
(-0.46862793, 0.3619995, 0.553833, -0.585327148)
(-0.468505859, 0.361938477, 0.5539551, -0.585327148)
(-0.468505859, 0.361938477, 0.5539551, -0.585327148)
(-0.46875, 0.3619995, 0.554077148, -0.585022)
(-0.468688965, 0.362121582, 0.5543823, -0.584655762)
(-0.468688965, 0.362121582, 0.5543823, -0.584655762)
(-0.468688965, 0.3623047, 0.554626465, -0.5843506)
(-0.468139648, 0.362609863, 0.555114746, -0.584106445)
(-0.468139648, 0.362609863, 0.555114746, -0.584106445)
(-0.467834473, 0.362854, 0.5553589, -0.5839844)
(-0.467834473, 0.362854, 0.5553589, -0.5839844)
(-0.467651367, 0.36315918, 0.555542, -0.583740234)
(-0.4673462, 0.36340332, 0.555847168, -0.5835571)
(-0.4673462, 0.36340332, 0.555847168, -0.5835571)
(-0.4666748, 0.3638916, 0.5564575, -0.5831909)
(-0.4666748, 0.3638916, 0.5564575, -0.5831909)
(-0.4663086, 0.364135742, 0.5567627, -0.5830078)
(-0.4663086, 0.364135742, 0.5567627, -0.5830078)
(-0.466064453, 0.364379883, 0.5570679, -0.5828247)
(-0.466064453, 0.364379883, 0.5570679, -0.5828247)
(-0.4658203, 0.364501953, 0.557312, -0.582702637)
(-0.4658203, 0.364501953, 0.557312, -0.582702637)
(-0.465026855, 0.364318848, 0.5585327, -0.5822754)
(-0.465026855, 0.364318848, 0.5585327, -0.5822754)
(-0.465026855, 0.3642578, 0.5587158, -0.5821533)
(-0.4650879, 0.364379883, 0.5588379, -0.5819092)
(-0.4650879, 0.364379883, 0.5588379, -0.5819092)
(-0.465209961, 0.364501953, 0.5588989, -0.581665039)
(-0.465209961, 0.364501953, 0.5588989, -0.581665039)
(-0.465209961, 0.364501953, 0.559082031, -0.581481934)
(-0.465209961, 0.364501953, 0.559082031, -0.581481934)
(-0.465332031, 0.3647461, 0.558959961, -0.581359863)
(-0.465332031, 0.3647461, 0.558959961, -0.581359863)
(-0.4654541, 0.364868164, 0.5588379, -0.5812988)
(-0.465576172, 0.364990234, 0.5587158, -0.5812378)
(-0.465576172, 0.364990234, 0.5587158, -0.5812378)
(-0.465759277, 0.364990234, 0.5586548, -0.5811157)
(-0.465759277, 0.364990234, 0.5586548, -0.5811157)
(-0.465759277, 0.364990234, 0.5586548, -0.5811157)
(-0.465759277, 0.364990234, 0.5586548, -0.5811157)
(-0.4658203, 0.364990234, 0.5586548, -0.5811157)
(-0.4658203, 0.364990234, 0.5586548, -0.5811157)
(-0.4658203, 0.364990234, 0.5586548, -0.5811157)
(-0.465759277, 0.364990234, 0.5586548, -0.5811157)
(-0.465759277, 0.364990234, 0.5586548, -0.5811157)
(-0.466003418, 0.364807129, 0.5586548, -0.5810547)
(-0.466003418, 0.364807129, 0.5586548, -0.5810547)
(-0.466186523, 0.364624023, 0.5586548, -0.580993652)
(-0.466247559, 0.364624023, 0.5587158, -0.580993652)
(-0.4673462, 0.3609619, 0.5595703, -0.581481934)
(-0.4673462, 0.3609619, 0.5595703, -0.581481934)
(-0.4673462, 0.3609619, 0.5595703, -0.581481934)
(-0.4673462, 0.360900879, 0.559631348, -0.581481934)
(-0.4673462, 0.360900879, 0.559631348, -0.581481934)
(-0.4673462, 0.360900879, 0.559631348, -0.581481934)
(-0.4673462, 0.360900879, 0.559631348, -0.581481934)
(-0.4673462, 0.360900879, 0.559631348, -0.581481934)
(-0.4673462, 0.360839844, 0.5596924, -0.581481934)
(-0.4673462, 0.360839844, 0.5596924, -0.581481934)
(-0.467224121, 0.360717773, 0.5597534, -0.581604)
(-0.467102051, 0.360534668, 0.5598755, -0.581665039)
(-0.467102051, 0.360534668, 0.5598755, -0.581665039)
(-0.467102051, 0.360534668, 0.5598755, -0.581665039)
(-0.467102051, 0.360534668, 0.5598755, -0.581665039)
(-0.467102051, 0.360473633, 0.5599365, -0.581665039)
(-0.467102051, 0.360473633, 0.5599365, -0.581665039)
(-0.467102051, 0.360473633, 0.5599365, -0.581665039)
(-0.467102051, 0.360473633, 0.5599365, -0.581665039)
(-0.467102051, 0.360473633, 0.5599365, -0.581665039)
(-0.467102051, 0.3604126, 0.5599365, -0.581665039)
(-0.467102051, 0.3604126, 0.5599365, -0.581665039)
(-0.466918945, 0.360473633, 0.5599365, -0.5817871)
(-0.466918945, 0.360473633, 0.5599365, -0.5817871)
(-0.4668579, 0.360534668, 0.559814453, -0.5819702)
(-0.466369629, 0.360290527, 0.559814453, -0.5824585)
(-0.466430664, 0.360534668, 0.5597534, -0.5823364)
(-0.466430664, 0.360534668, 0.5597534, -0.5823364)
(-0.466430664, 0.360534668, 0.5597534, -0.5823364)
(-0.466430664, 0.360534668, 0.5597534, -0.5823364)
(-0.466430664, 0.360473633, 0.559814453, -0.5823364)
(-0.466430664, 0.3604126, 0.5598755, -0.5822754)
(-0.4664917, 0.3604126, 0.5598755, -0.5822754)
(-0.466430664, 0.3604126, 0.5598755, -0.5822754)
(-0.466430664, 0.3604126, 0.5598755, -0.5822754)
(-0.466430664, 0.3604126, 0.5598755, -0.5823364)
(-0.466247559, 0.360168457, 0.559997559, -0.5824585)
(-0.466247559, 0.360168457, 0.559997559, -0.5824585)
(-0.466247559, 0.360168457, 0.5600586, -0.5824585)
(-0.466186523, 0.360107422, 0.5600586, -0.5824585)
(-0.466186523, 0.360107422, 0.5600586, -0.5824585)
(-0.466186523, 0.360107422, 0.5600586, -0.5824585)
(-0.466247559, 0.360107422, 0.5600586, -0.5824585)
(-0.466247559, 0.360107422, 0.5600586, -0.5824585)
(-0.466247559, 0.3602295, 0.5601196, -0.5823364)
(-0.466247559, 0.360168457, 0.5601196, -0.5823364)
(-0.466247559, 0.360168457, 0.5601196, -0.5823364)
(-0.466247559, 0.360168457, 0.5601196, -0.5823364)
(-0.466247559, 0.360168457, 0.5601196, -0.5823364)
(-0.466247559, 0.360351563, 0.5601196, -0.5822754)
(-0.466247559, 0.360290527, 0.5601196, -0.5822754)
(-0.466247559, 0.3602295, 0.560180664, -0.5822754)
(-0.466369629, 0.360473633, 0.5604248, -0.5817871)
(-0.466369629, 0.360473633, 0.5604248, -0.5817871)
(-0.466369629, 0.360473633, 0.5604248, -0.5817871)
(-0.466369629, 0.360473633, 0.5604248, -0.5817871)
(-0.466369629, 0.360473633, 0.5604248, -0.5817871)
(-0.466369629, 0.360473633, 0.5604248, -0.5817871)
(-0.466369629, 0.360473633, 0.5604248, -0.5817871)
(-0.466369629, 0.3604126, 0.5604248, -0.5817871)
(-0.466369629, 0.3604126, 0.5604248, -0.5817871)
(-0.466369629, 0.3604126, 0.56048584, -0.5817871)
(-0.466369629, 0.360351563, 0.56048584, -0.5817871)
(-0.466369629, 0.360351563, 0.56048584, -0.5817871)
(-0.466369629, 0.360290527, 0.5605469, -0.5817871)
(-0.466369629, 0.360290527, 0.5605469, -0.5817871)
(-0.466369629, 0.360290527, 0.5605469, -0.5817871)
(-0.466369629, 0.360290527, 0.5605469, -0.5817871)
(-0.466369629, 0.360168457, 0.560668945, -0.5817261)
(-0.466369629, 0.360168457, 0.560668945, -0.5817261)
(-0.466369629, 0.360107422, 0.560668945, -0.5817871)
(-0.46661377, 0.359802246, 0.5610962, -0.581359863)
(-0.4666748, 0.359680176, 0.5610962, -0.581359863)
(-0.4666748, 0.359680176, 0.5611572, -0.581359863)
(-0.4666748, 0.359680176, 0.5611572, -0.5812988)
(-0.4666748, 0.359680176, 0.5611572, -0.5812988)
(-0.46673584, 0.359802246, 0.5611572, -0.5812378)
(-0.4666748, 0.359680176, 0.561218262, -0.5812378)
(-0.4666748, 0.359680176, 0.561218262, -0.5812378)
(-0.4666748, 0.359680176, 0.561218262, -0.5812378)
(-0.4666748, 0.359680176, 0.561218262, -0.5812378)
(-0.4666748, 0.359619141, 0.561218262, -0.5812988)
(-0.4666748, 0.359619141, 0.561218262, -0.5812988)
(-0.4666748, 0.359619141, 0.5612793, -0.5812378)
(-0.4666748, 0.359619141, 0.5612793, -0.5812378)
(-0.4666748, 0.359619141, 0.5612793, -0.5812378)
(-0.4666748, 0.3595581, 0.5612793, -0.5812988)
(-0.46673584, 0.359436035, 0.561401367, -0.581176758)
(-0.46673584, 0.359375, 0.5614624, -0.581176758)
(-0.46673584, 0.359313965, 0.561523438, -0.5811157)
(-0.46673584, 0.35925293, 0.5615845, -0.5811157)
(-0.46673584, 0.35925293, 0.5615845, -0.5811157)
(-0.46673584, 0.35925293, 0.5615845, -0.5811157)
(-0.46673584, 0.35925293, 0.5615845, -0.5811157)
(-0.46673584, 0.35925293, 0.5615845, -0.5811157)
(-0.46673584, 0.35925293, 0.5615845, -0.5811157)
(-0.46673584, 0.3591919, 0.5615845, -0.5811157)
(-0.46673584, 0.3591919, 0.5615845, -0.5811157)
(-0.46673584, 0.3591919, 0.5616455, -0.5811157)
(-0.46673584, 0.3590088, 0.561706543, -0.5811157)
(-0.46673584, 0.3590088, 0.561706543, -0.5811157)
(-0.46673584, 0.3590088, 0.5617676, -0.5811157)
