(-0.4951172, 0.319335938, 0.5172119, -0.6207886)
(-0.4951172, 0.319396973, 0.5171509, -0.6207886)
(-0.494995117, 0.318786621, 0.5175781, -0.6208496)
(-0.494995117, 0.318786621, 0.5175781, -0.6208496)
(-0.49420166, 0.318969727, 0.518859863, -0.6203003)
(-0.49420166, 0.318969727, 0.518859863, -0.6203003)
(-0.494689941, 0.319030762, 0.519714355, -0.61920166)
(-0.496398926, 0.323120117, 0.522583, -0.61328125)
(-0.500061035, 0.32409668, 0.5229492, -0.609436035)
(-0.500061035, 0.32409668, 0.5229492, -0.609436035)
(-0.5001221, 0.320068359, 0.5216675, -0.612609863)
(-0.5001221, 0.320068359, 0.5216675, -0.612609863)
(-0.50201416, 0.31463623, 0.519165039, -0.6159668)
(-0.50201416, 0.31463623, 0.519165039, -0.6159668)
(-0.5024414, 0.313598633, 0.5189209, -0.616394043)
(-0.502197266, 0.3114624, 0.518859863, -0.6176758)
(-0.502197266, 0.3114624, 0.518859863, -0.6176758)
(-0.5024414, 0.310546875, 0.5187988, -0.618042)
(-0.5028076, 0.309936523, 0.518676758, -0.618103)
(-0.5028076, 0.309936523, 0.518676758, -0.618103)
(-0.5031738, 0.309448242, 0.5187378, -0.618042)
(-0.5026245, 0.308898926, 0.5189209, -0.6185913)
(-0.5028076, 0.308898926, 0.518676758, -0.618652344)
(-0.5028076, 0.308898926, 0.518676758, -0.618652344)
(-0.5029907, 0.308959961, 0.5186157, -0.6185303)
(-0.5029907, 0.308959961, 0.5186157, -0.6185303)
(-0.5025635, 0.308410645, 0.5189209, -0.6188965)
(-0.5025635, 0.308410645, 0.5189209, -0.6188965)
(-0.5026245, 0.308227539, 0.519104, -0.6187744)
(-0.5026245, 0.308227539, 0.519104, -0.6187744)
(-0.5025635, 0.308044434, 0.5194702, -0.6185913)
(-0.5025635, 0.308044434, 0.5194702, -0.6185913)
(-0.5025635, 0.308044434, 0.51953125, -0.6185913)
(-0.5023804, 0.3076172, 0.519897461, -0.6185913)
(-0.5023804, 0.3076172, 0.519897461, -0.6185913)
(-0.5024414, 0.3076172, 0.519897461, -0.6185913)
(-0.5022583, 0.307189941, 0.5198364, -0.6189575)
(-0.5022583, 0.307189941, 0.5198364, -0.6189575)
(-0.5024414, 0.3071289, 0.5195923, -0.6190796)
(-0.502197266, 0.306884766, 0.5196533, -0.61932373)
(-0.502197266, 0.306884766, 0.5196533, -0.61932373)
(-0.50213623, 0.306396484, 0.5195923, -0.619689941)
(-0.502502441, 0.305847168, 0.51953125, -0.619689941)
(-0.502502441, 0.305847168, 0.51953125, -0.619689941)
(-0.502502441, 0.305847168, 0.51953125, -0.619689941)
(-0.502502441, 0.305847168, 0.51953125, -0.619689941)
(-0.5025635, 0.305664063, 0.5196533, -0.6196289)
(-0.5025635, 0.305603027, 0.519714355, -0.6196289)
(-0.5023804, 0.305603027, 0.519714355, -0.619751)
(-0.5023804, 0.305603027, 0.519714355, -0.619751)
(-0.5023804, 0.305603027, 0.519714355, -0.619751)
(-0.5023804, 0.305603027, 0.519714355, -0.619751)
(-0.5024414, 0.305542, 0.519714355, -0.619751)
(-0.5024414, 0.305542, 0.519714355, -0.619751)
(-0.5024414, 0.305542, 0.5197754, -0.619689941)
(-0.5024414, 0.305542, 0.5197754, -0.619689941)
(-0.5027466, 0.305603027, 0.5195923, -0.6195679)
(-0.5027466, 0.305603027, 0.5195923, -0.6195679)
(-0.5029297, 0.3053589, 0.5194092, -0.619689941)
(-0.5029297, 0.3053589, 0.5194092, -0.619689941)
(-0.503234863, 0.3050537, 0.5192871, -0.619689941)
(-0.503417969, 0.305175781, 0.5192871, -0.619506836)
(-0.5048828, 0.304260254, 0.5194702, -0.6185913)
(-0.5048828, 0.304260254, 0.5194702, -0.6185913)
(-0.5048828, 0.304260254, 0.5194702, -0.6185913)
(-0.5048828, 0.304260254, 0.5194702, -0.6185913)
(-0.5048828, 0.304260254, 0.5194702, -0.6185913)
(-0.5048828, 0.304260254, 0.5194702, -0.6185913)
(-0.504760742, 0.304443359, 0.519348145, -0.6187134)
(-0.504760742, 0.304443359, 0.519348145, -0.6187134)
(-0.5050049, 0.30456543, 0.519165039, -0.6185913)
(-0.5050049, 0.30456543, 0.519165039, -0.6185913)
(-0.5050049, 0.3043213, 0.519104, -0.6187744)
(-0.5050049, 0.3043213, 0.519104, -0.6187744)
(-0.505249, 0.304199219, 0.518859863, -0.618835449)
(-0.505249, 0.304199219, 0.518859863, -0.618835449)
(-0.505249, 0.304199219, 0.518859863, -0.618835449)
(-0.505310059, 0.3043213, 0.5187378, -0.618835449)
(-0.505310059, 0.3043213, 0.5187378, -0.618835449)
(-0.505310059, 0.3043213, 0.5187378, -0.618835449)
(-0.505310059, 0.3043213, 0.5187378, -0.618835449)
(-0.5050049, 0.304199219, 0.5187378, -0.6191406)
(-0.5050049, 0.304199219, 0.5187378, -0.6191406)
(-0.5048828, 0.304138184, 0.518676758, -0.61932373)
(-0.5048828, 0.304138184, 0.518676758, -0.61932373)
(-0.5048828, 0.304138184, 0.518676758, -0.61932373)
(-0.5048828, 0.304138184, 0.518676758, -0.61932373)
(-0.5048828, 0.304138184, 0.518676758, -0.61932373)
(-0.5048828, 0.304138184, 0.518676758, -0.61932373)
(-0.5048828, 0.304138184, 0.518676758, -0.61932373)
(-0.5048828, 0.304138184, 0.518676758, -0.61932373)
(-0.5048828, 0.304138184, 0.518676758, -0.61932373)
(-0.5048828, 0.304138184, 0.518676758, -0.61932373)
(-0.5048828, 0.304138184, 0.518676758, -0.61932373)
(-0.505249, 0.30480957, 0.5180664, -0.61920166)
(-0.505249, 0.30480957, 0.5180664, -0.61920166)
(-0.5054321, 0.304931641, 0.5178833, -0.6191406)
(-0.5054321, 0.304931641, 0.5178833, -0.6191406)
(-0.5055542, 0.305175781, 0.5177002, -0.6190796)
(-0.5055542, 0.305175781, 0.5177002, -0.6190796)
(-0.5050049, 0.305480957, 0.517089844, -0.619873047)
(-0.5050049, 0.305480957, 0.517089844, -0.619873047)
(-0.505249, 0.305664063, 0.5168457, -0.619812)
(-0.505249, 0.3057251, 0.516784668, -0.619812)
(-0.505249, 0.3057251, 0.516784668, -0.619812)
(-0.505188, 0.304138184, 0.516418457, -0.6209717)
(-0.505249, 0.304260254, 0.516235352, -0.6209717)
(-0.505249, 0.304260254, 0.516235352, -0.6209717)
(-0.505249, 0.304260254, 0.516235352, -0.6209717)
(-0.505249, 0.304260254, 0.516235352, -0.6209717)
(-0.505249, 0.304260254, 0.516235352, -0.6210327)
(-0.5057373, 0.3026123, 0.516723633, -0.6209717)
(-0.5057373, 0.3026123, 0.516723633, -0.6209717)
(-0.505615234, 0.302368164, 0.516601563, -0.6213379)
(-0.50567627, 0.3024292, 0.5163574, -0.6213989)
(-0.50567627, 0.3024292, 0.5163574, -0.6213989)
(-0.50567627, 0.3024292, 0.5163574, -0.6213989)
(-0.50567627, 0.3024292, 0.5163574, -0.6213989)
(-0.50567627, 0.3024292, 0.5163574, -0.6213989)
(-0.5057373, 0.302490234, 0.5163574, -0.6213989)
(-0.5059204, 0.3024292, 0.5162964, -0.621276855)
(-0.50579834, 0.302368164, 0.5163574, -0.6213989)
(-0.5055542, 0.302063, 0.516418457, -0.621643066)
(-0.5055542, 0.302063, 0.516418457, -0.621643066)
(-0.5054321, 0.302001953, 0.516418457, -0.6218262)
(-0.505126953, 0.301940918, 0.5164795, -0.6220093)
(-0.505126953, 0.301940918, 0.5164795, -0.6220093)
(-0.504760742, 0.301879883, 0.5165405, -0.622314453)
(-0.5041504, 0.302063, 0.5163574, -0.62286377)
(-0.5041504, 0.302063, 0.5163574, -0.62286377)
(-0.5036621, 0.301940918, 0.5165405, -0.623168945)
(-0.5036621, 0.301940918, 0.5165405, -0.623168945)
