(-0.475463867, 0.368530273, 0.5588379, -0.5708008)
(-0.475646973, 0.368713379, 0.559082031, -0.570251465)
(-0.4749756, 0.3682251, 0.559631348, -0.5706177)
(-0.4749756, 0.3682251, 0.559631348, -0.5706177)
(-0.474914551, 0.36706543, 0.5599365, -0.571105957)
(-0.474914551, 0.36706543, 0.5599365, -0.571105957)
(-0.475280762, 0.3656006, 0.559448242, -0.5722046)
(-0.475280762, 0.3656006, 0.559448242, -0.5722046)
(-0.475708, 0.365356445, 0.55859375, -0.572876)
(-0.473693848, 0.362731934, 0.5599365, -0.574890137)
(-0.473693848, 0.362731934, 0.5599365, -0.574890137)
(-0.474609375, 0.3635254, 0.5586548, -0.574890137)
(-0.474609375, 0.3635254, 0.5586548, -0.574890137)
(-0.4744873, 0.3614502, 0.5567627, -0.578125)
(-0.472167969, 0.359313965, 0.557189941, -0.5809326)
(-0.472167969, 0.359313965, 0.557189941, -0.5809326)
(-0.474609375, 0.3591919, 0.55267334, -0.583313)
(-0.474609375, 0.3591919, 0.55267334, -0.583313)
(-0.473022461, 0.354980469, 0.5540161, -0.585876465)
(-0.473022461, 0.354980469, 0.5540161, -0.585876465)
(-0.4697876, 0.3515625, 0.555542, -0.589172363)
(-0.47277832, 0.354431152, 0.550109863, -0.5900879)
(-0.47277832, 0.354431152, 0.550109863, -0.5900879)
(-0.471130371, 0.3484497, 0.549743652, -0.5952759)
(-0.471130371, 0.3484497, 0.549743652, -0.5952759)
(-0.4708252, 0.348571777, 0.5492554, -0.595947266)
(-0.4734497, 0.3534546, 0.543823242, -0.595947266)
(-0.4734497, 0.3534546, 0.543823242, -0.595947266)
(-0.472839355, 0.353088379, 0.5446167, -0.595947266)
(-0.47265625, 0.3564453, 0.5411377, -0.597229)
(-0.47265625, 0.3564453, 0.5411377, -0.597229)
(-0.47277832, 0.3574829, 0.5404663, -0.597106934)
(-0.47277832, 0.3574829, 0.5404663, -0.597106934)
(-0.472839355, 0.358276367, 0.5401001, -0.596984863)
(-0.470397949, 0.35949707, 0.539978, -0.598205566)
(-0.470397949, 0.35949707, 0.539978, -0.598205566)
(-0.4699707, 0.3600464, 0.539978, -0.5982666)
(-0.469726563, 0.3604126, 0.5391846, -0.598938)
(-0.469543457, 0.3609619, 0.5391846, -0.5987549)
(-0.469543457, 0.3609619, 0.5391846, -0.5987549)
(-0.4696045, 0.3616333, 0.5388794, -0.5985718)
(-0.469665527, 0.36151123, 0.5390625, -0.5984497)
(-0.469726563, 0.361328125, 0.5391846, -0.5983887)
(-0.469726563, 0.361328125, 0.5391846, -0.5983887)
(-0.470458984, 0.3595581, 0.539917, -0.598205566)
(-0.471557617, 0.3597412, 0.539672852, -0.597473145)
(-0.471984863, 0.3597412, 0.539672852, -0.597106934)
(-0.4724121, 0.359436035, 0.5397949, -0.5968628)
(-0.4724121, 0.359436035, 0.5397949, -0.5968628)
(-0.4727173, 0.357543945, 0.540710449, -0.5969238)
(-0.4727173, 0.357543945, 0.540710449, -0.5969238)
(-0.47265625, 0.357543945, 0.540710449, -0.5969238)
(-0.47265625, 0.357543945, 0.540710449, -0.5969238)
(-0.4727173, 0.357910156, 0.5405884, -0.596801758)
(-0.4727173, 0.3579712, 0.5405884, -0.596801758)
(-0.4711914, 0.35723877, 0.541259766, -0.5977783)
(-0.471069336, 0.3574829, 0.541259766, -0.5977783)
(-0.4708252, 0.357666016, 0.541259766, -0.597839355)
(-0.4708252, 0.357666016, 0.541259766, -0.597839355)
(-0.470947266, 0.357910156, 0.5411377, -0.5977173)
(-0.471130371, 0.358093262, 0.54107666, -0.5975342)
(-0.47076416, 0.357666016, 0.5413208, -0.597839355)
(-0.47076416, 0.357666016, 0.5413208, -0.597839355)
(-0.470458984, 0.357666016, 0.5414429, -0.5979614)
(-0.4703369, 0.357421875, 0.541626, -0.598022461)
(-0.4703369, 0.357421875, 0.541626, -0.598022461)
(-0.470214844, 0.3571167, 0.5420532, -0.5979614)
(-0.470581055, 0.357666016, 0.541931152, -0.5974121)
(-0.470581055, 0.357666016, 0.541931152, -0.5974121)
(-0.470581055, 0.357666016, 0.541931152, -0.597473145)
(-0.4706421, 0.357666016, 0.5418701, -0.5974121)
(-0.4706421, 0.357666016, 0.5418701, -0.5974121)
(-0.4703369, 0.357727051, 0.5421753, -0.5974121)
(-0.470214844, 0.3579712, 0.5421753, -0.597290039)
(-0.470214844, 0.3579712, 0.5421753, -0.597290039)
(-0.470214844, 0.3579712, 0.5421753, -0.597290039)
(-0.470214844, 0.3579712, 0.5421753, -0.597290039)
(-0.469909668, 0.3579712, 0.542480469, -0.597290039)
(-0.469909668, 0.3579712, 0.542480469, -0.597290039)
(-0.469909668, 0.3579712, 0.542419434, -0.597290039)
(-0.4699707, 0.3579712, 0.542419434, -0.597290039)
(-0.4699707, 0.3579712, 0.542419434, -0.597290039)
(-0.469848633, 0.358093262, 0.5425415, -0.597167969)
(-0.469848633, 0.358093262, 0.5425415, -0.597167969)
(-0.469848633, 0.358093262, 0.5425415, -0.597167969)
(-0.469848633, 0.358093262, 0.5425415, -0.597167969)
(-0.469848633, 0.358093262, 0.5425415, -0.597167969)
(-0.469726563, 0.3579712, 0.5427246, -0.597229)
(-0.469543457, 0.358276367, 0.5430298, -0.5968628)
(-0.469543457, 0.358276367, 0.5430298, -0.5968628)
(-0.469238281, 0.3579712, 0.543457031, -0.5969238)
(-0.469238281, 0.3579712, 0.543457031, -0.5969238)
(-0.469238281, 0.3579712, 0.543457031, -0.5969238)
(-0.469238281, 0.3579712, 0.543457031, -0.5969238)
(-0.469360352, 0.357727051, 0.543640137, -0.5967407)
(-0.469360352, 0.357727051, 0.543640137, -0.5967407)
(-0.469360352, 0.357666016, 0.5438843, -0.596618652)
(-0.469360352, 0.357666016, 0.5438843, -0.596618652)
(-0.469482422, 0.357666016, 0.5439453, -0.596435547)
(-0.469482422, 0.357666016, 0.5439453, -0.596435547)
(-0.4694214, 0.35760498, 0.544189453, -0.5963745)
(-0.468811035, 0.357849121, 0.5441284, -0.5966797)
(-0.468811035, 0.357849121, 0.5441284, -0.5966797)
(-0.468811035, 0.3581543, 0.5441284, -0.5965576)
(-0.468811035, 0.3579712, 0.5440674, -0.5966797)
(-0.468811035, 0.357910156, 0.5441284, -0.5966797)
(-0.468811035, 0.357910156, 0.5441284, -0.5966797)
(-0.468811035, 0.357910156, 0.5441284, -0.5966797)
(-0.468811035, 0.357910156, 0.5441284, -0.5966797)
(-0.468811035, 0.357910156, 0.5441284, -0.5966797)
(-0.4685669, 0.358093262, 0.5441284, -0.5967407)
(-0.4685669, 0.3581543, 0.5441284, -0.5967407)
(-0.4685669, 0.3585205, 0.5440674, -0.5965576)
(-0.4685669, 0.3585205, 0.5440674, -0.5965576)
(-0.4683838, 0.3585205, 0.5442505, -0.5965576)
(-0.468505859, 0.3587036, 0.5446167, -0.595947266)
(-0.468505859, 0.3587036, 0.5446167, -0.595947266)
(-0.468444824, 0.3585205, 0.5447998, -0.595947266)
(-0.468444824, 0.3585205, 0.5447998, -0.595947266)
(-0.468505859, 0.3587036, 0.5449219, -0.5957031)
(-0.468505859, 0.3587036, 0.5449219, -0.5957031)
(-0.4685669, 0.359130859, 0.5449829, -0.5953369)
(-0.4685669, 0.359130859, 0.5449829, -0.5953369)
(-0.468505859, 0.359375, 0.545043945, -0.595214844)
(-0.468200684, 0.359802246, 0.5453491, -0.594909668)
(-0.468200684, 0.359802246, 0.5453491, -0.594909668)
(-0.468017578, 0.360351563, 0.5454712, -0.5946045)
(-0.468017578, 0.360351563, 0.5454712, -0.5946045)
(-0.4675293, 0.360717773, 0.5456543, -0.5946045)
(-0.4675293, 0.360717773, 0.5456543, -0.5946045)
(-0.467285156, 0.361083984, 0.5455322, -0.5946655)
(-0.467285156, 0.361083984, 0.5455322, -0.5946655)
(-0.467285156, 0.361083984, 0.5455322, -0.5946655)
(-0.467407227, 0.3612671, 0.5452881, -0.594726563)
(-0.4685669, 0.362121582, 0.5439453, -0.5944824)
(-0.468811035, 0.362060547, 0.5440674, -0.5942383)
(-0.469177246, 0.361938477, 0.5441284, -0.5939331)
(-0.469177246, 0.361938477, 0.5441284, -0.5939331)
(-0.469177246, 0.3619995, 0.5441284, -0.5939331)
(-0.4691162, 0.361938477, 0.5441284, -0.593994141)
(-0.4691162, 0.361938477, 0.5441284, -0.593994141)
(-0.4697876, 0.3640747, 0.5430298, -0.5932007)
(-0.470031738, 0.3649292, 0.5426636, -0.592773438)
(-0.470031738, 0.3649292, 0.5426636, -0.592773438)
(-0.4699707, 0.365234375, 0.5426636, -0.592651367)
(-0.4699707, 0.365234375, 0.5426636, -0.592651367)
(-0.469360352, 0.36505127, 0.5429077, -0.5930176)
(-0.469360352, 0.36505127, 0.5429077, -0.5930176)
(-0.469055176, 0.3651123, 0.54296875, -0.593139648)
(-0.469055176, 0.3651123, 0.54296875, -0.593139648)
(-0.469055176, 0.3651123, 0.54296875, -0.593139648)
(-0.469055176, 0.3651123, 0.54296875, -0.593139648)
(-0.469055176, 0.3651123, 0.54296875, -0.593139648)
(-0.469055176, 0.3651123, 0.54296875, -0.593139648)
(-0.468994141, 0.36541748, 0.5429077, -0.5930786)
(-0.4691162, 0.365905762, 0.5428467, -0.592773438)
(-0.46887207, 0.3661499, 0.5428467, -0.592773438)
(-0.46887207, 0.3661499, 0.5428467, -0.592773438)
(-0.46875, 0.3661499, 0.5428467, -0.5928955)
(-0.4685669, 0.366760254, 0.5428467, -0.592651367)
(-0.4685669, 0.366760254, 0.5428467, -0.592651367)
(-0.4685669, 0.366760254, 0.5428467, -0.592651367)
(-0.468505859, 0.366760254, 0.5428467, -0.5927124)
(-0.468444824, 0.366638184, 0.5429077, -0.592773438)
(-0.468444824, 0.366638184, 0.5429077, -0.592773438)
(-0.468444824, 0.366638184, 0.5429077, -0.592773438)
(-0.468444824, 0.366638184, 0.5429077, -0.592773438)
(-0.468444824, 0.366638184, 0.5429077, -0.592773438)
(-0.468444824, 0.366638184, 0.5429077, -0.592773438)
(-0.468444824, 0.366638184, 0.5429077, -0.592773438)
(-0.468444824, 0.366699219, 0.5429077, -0.5927124)
(-0.468444824, 0.366699219, 0.5429077, -0.5927124)
(-0.4685669, 0.366577148, 0.54296875, -0.592651367)
(-0.4685669, 0.366577148, 0.54296875, -0.592651367)
(-0.468688965, 0.366394043, 0.5432739, -0.5924072)
(-0.468688965, 0.3661499, 0.5432739, -0.5925293)
(-0.468688965, 0.3661499, 0.5432739, -0.5925293)
(-0.46887207, 0.366027832, 0.5432129, -0.5925293)
(-0.46887207, 0.366027832, 0.5432129, -0.5925293)
(-0.46887207, 0.366027832, 0.5432129, -0.5925293)
(-0.46875, 0.365905762, 0.5432129, -0.5927124)
