(-0.5894165, 0.11315918, 0.260375977, -0.7562866)
(-0.5894165, 0.11315918, 0.260375977, -0.7562866)
(-0.590026855, 0.116394043, 0.260620117, -0.755249)
(-0.5869751, 0.118347168, 0.262207031, -0.7567749)
(-0.5817871, 0.118896484, 0.265930176, -0.7593994)
(-0.588501, 0.1204834, 0.2675171, -0.753417969)
(-0.59552, 0.114074707, 0.268310547, -0.7485962)
(-0.5975342, 0.110351563, 0.2626953, -0.7495117)
(-0.5973511, 0.109985352, 0.2625122, -0.749755859)
(-0.5973511, 0.109985352, 0.262573242, -0.749755859)
(-0.5973511, 0.109924316, 0.262573242, -0.749755859)
(-0.5973511, 0.109924316, 0.262573242, -0.749755859)
(-0.5973511, 0.109985352, 0.262573242, -0.749755859)
(-0.594909668, 0.108459473, 0.261230469, -0.7523804)
(-0.595947266, 0.107299805, 0.259521484, -0.752319336)
(-0.598022461, 0.1015625, 0.2597046, -0.7514038)
(-0.5977783, 0.09429932, 0.262207031, -0.751709)
(-0.5969238, 0.08758545, 0.265319824, -0.7520752)
(-0.5977783, 0.08654785, 0.2654419, -0.751464844)
(-0.5977783, 0.08654785, 0.2654419, -0.751464844)
