(0, 0, 0, 0)
(-0.7945061, -0.229673833, -0.5219007, 0.208876908)
(-0.799753249, -0.227663562, -0.5214694, 0.191399321)
(-0.7994537, -0.209017709, -0.5289431, 0.193402365)
(-0.8027576, -0.205837578, -0.531298459, 0.175877854)
(-0.8033079, -0.22007893, -0.52900815, 0.16251795)
(-0.7971353, -0.240210876, -0.5267391, 0.171522155)
(-0.790285051, -0.2548794, -0.525428057, 0.185502887)
(-0.78465277, -0.264918119, -0.5235861, 0.199990377)
(-0.7813292, -0.272043526, -0.519775, 0.212957978)
(-0.7797415, -0.2755331, -0.5155476, 0.224266067)
(-0.7783301, -0.276266962, -0.513885438, 0.231949747)
(-0.7867311, -0.2684126, -0.5137635, 0.212263584)
(-0.7919525, -0.263290346, -0.5132294, 0.200212151)
(-0.785581, -0.279351354, -0.508238733, 0.215682164)
(-0.7792402, -0.289627939, -0.505406559, 0.231223881)
(-0.78577137, -0.2849725, -0.504661858, 0.216033265)
(-0.790352166, -0.2727695, -0.50743556, 0.208444953)
(-0.784896851, -0.277603328, -0.506924868, 0.2233842)
(-0.791491, -0.266916424, -0.5082846, 0.209629312)
(-0.789155543, -0.252941221, -0.513473332, 0.222709283)
(-0.7884046, -0.2698938, -0.5066126, 0.221177071)
(-0.792907357, -0.2573618, -0.5097857, 0.212558717)
(-0.7877172, -0.2716933, -0.506110966, 0.222567)
(-0.791390538, -0.2599822, -0.5096217, 0.215397537)
(-0.78545624, -0.273194939, -0.5065329, 0.227700114)
(-0.7847576, -0.2911127, -0.499622971, 0.22312735)
(-0.7832721, -0.275816619, -0.506580532, 0.231918573)
(-0.7889308, -0.2734754, -0.505939245, 0.216390669)
(-0.782186568, -0.279617041, -0.5059482, 0.232411191)
(-0.787108362, -0.269705951, -0.5085296, 0.2216228)
(-0.780899644, -0.279098719, -0.5067124, 0.235673845)
(-0.7853202, -0.2670338, -0.510062754, 0.2275985)
(-0.781436861, -0.2822761, -0.504969656, 0.233842731)
(-0.7859507, -0.269722551, -0.50843364, 0.225890577)
(-0.782101, -0.2848563, -0.5032191, 0.232261971)
(-0.7868355, -0.2723189, -0.50636816, 0.224329084)
(-0.7887785, -0.287136137, -0.499324977, 0.21460627)
(-0.787980258, -0.2708895, -0.505655646, 0.223647937)
(-0.7830729, -0.2832934, -0.501651943, 0.234279588)
(-0.7884688, -0.272004664, -0.503868639, 0.2246039)
(-0.793962836, -0.27781558, -0.4990253, 0.208363637)
(-0.7882567, -0.273481071, -0.502223432, 0.227224886)
(-0.792071044, -0.284485251, -0.496053427, 0.213594422)
(-0.7854126, -0.282607943, -0.4988165, 0.233327553)
(-0.7792979, -0.275969326, -0.502990544, 0.252063781)
(-0.7851075, -0.278372616, -0.49990505, 0.237086311)
(-0.778247356, -0.281617522, -0.499912322, 0.255167246)
(-0.771569848, -0.2871509, -0.4985876, 0.271356851)
(-0.7706266, -0.271317661, -0.5050408, 0.2783074)
(-0.768992364, -0.28788656, -0.497617126, 0.279551744)
(-0.7624787, -0.2933741, -0.4962764, 0.29371345)
(-0.7650594, -0.2782431, -0.502729654, 0.2907364)
(-0.758110046, -0.270852536, -0.5075991, 0.307003736)
(-0.7517229, -0.281670272, -0.5043512, 0.31812647)
(-0.7556108, -0.295105934, -0.498607069, 0.305541545)
(-0.7491219, -0.283699751, -0.5065607, 0.318946928)
(-0.753476262, -0.2962896, -0.5014752, 0.304973155)
(-0.7568488, -0.31065017, -0.495583773, 0.291672826)
(-0.756857038, -0.328781784, -0.48851642, 0.2835871)
(-0.7546238, -0.315618515, -0.4980933, 0.287803739)
(-0.7504502, -0.333578467, -0.49323985, 0.28681758)
(-0.7459908, -0.320475549, -0.503976762, 0.29461956)
(-0.7438056, -0.305057079, -0.5147893, 0.297801048)
(-0.743516266, -0.288977921, -0.5246566, 0.2973394)
(-0.7474368, -0.276067734, -0.531259358, 0.287903279)
(-0.7549885, -0.272984356, -0.5318264, 0.2695045)
(-0.7629745, -0.275132447, -0.5294091, 0.248793229)
(-0.7700265, -0.2821375, -0.525135159, 0.227355719)
(-0.7758563, -0.28977558, -0.5212919, 0.2057469)
(-0.7797829, -0.2997794, -0.51724714, 0.185812935)
(-0.7737093, -0.293818861, -0.5242113, 0.200616583)
(-0.7685502, -0.282879084, -0.5324632, 0.213993043)
(-0.763372242, -0.271206856, -0.5403953, 0.2273383)
(-0.768228769, -0.277265072, -0.5380658, 0.208407864)
(-0.766944766, -0.293656766, -0.533277154, 0.202920556)
(-0.7693732, -0.305099666, -0.529057741, 0.187288761)
(-0.761269569, -0.305837, -0.533767641, 0.204998478)
(-0.755750239, -0.321942985, -0.530697048, 0.2086978)
(-0.7597637, -0.3280816, -0.527664363, 0.191551417)
(-0.7521693, -0.3270671, -0.5325623, 0.208915964)
(-0.7582316, -0.3256988, -0.5313641, 0.191461608)
(-0.764231265, -0.3191952, -0.531852961, 0.176627934)
(-0.7575833, -0.32074973, -0.5345746, 0.193434954)
(-0.7560257, -0.306255549, -0.541709542, 0.202937186)
(-0.7527797, -0.32227847, -0.5362416, 0.204705164)
(-0.7530599, -0.306289, -0.5432764, 0.209615052)
(-0.7587313, -0.297145545, -0.5452095, 0.196920782)
(-0.7523982, -0.304400176, -0.5445395, 0.2114572)
(-0.7586488, -0.2976947, -0.544924438, 0.197198287)
(-0.7525568, -0.304496855, -0.544123769, 0.211823478)
(-0.7592851, -0.304384649, -0.541389465, 0.1942514)
(-0.7538201, -0.3150105, -0.538775265, 0.205535442)
(-0.7594771, -0.303060234, -0.5412835, 0.195860058)
(-0.7568761, -0.290039837, -0.547200263, 0.2087759)
(-0.760707736, -0.302534223, -0.5402557, 0.194731712)
(-0.756494939, -0.294103533, -0.544785142, 0.210778758)
(-0.753612161, -0.3081869, -0.5392536, 0.215163171)
(-0.752207041, -0.292570233, -0.545782447, 0.225186065)
(-0.7497612, -0.307155341, -0.539975166, 0.2279044)
(-0.75431025, -0.2924011, -0.544602454, 0.221191734)
(-0.7553855, -0.308096021, -0.5374243, 0.213645846)
(-0.7504328, -0.299433738, -0.542431355, 0.230126679)
(-0.755593061, -0.309134662, -0.536134064, 0.214651063)
(-0.751280546, -0.299187332, -0.541280568, 0.230390429)
(-0.7586277, -0.298952252, -0.538427532, 0.212620229)
(-0.752953351, -0.296861827, -0.540582657, 0.229575053)
(-0.7601581, -0.2950821, -0.538523734, 0.2123167)
(-0.7544946, -0.302885443, -0.536784351, 0.225523382)
(-0.7604814, -0.292589515, -0.5390027, 0.213390335)
(-0.7546778, -0.3004499, -0.537538052, 0.226371944)
(-0.761191368, -0.293584138, -0.5382623, 0.2113524)
(-0.754733264, -0.294865966, -0.5397907, 0.2281614)
(-0.761137545, -0.297082841, -0.5367538, 0.210491866)
(-0.754874, -0.296175331, -0.539290667, 0.22718069)
(-0.7614258, -0.2920681, -0.539051831, 0.210594729)
(-0.765973568, -0.2795289, -0.5427117, 0.20152463)
(-0.760335743, -0.290274829, -0.5405893, 0.213056937)
(-0.75386405, -0.286972344, -0.5442163, 0.230574369)
(-0.7595378, -0.2915695, -0.5410937, 0.2128547)
(-0.7652654, -0.288651228, -0.540828049, 0.196352765)
(-0.7581988, -0.289772123, -0.543453336, 0.214067981)
(-0.762904942, -0.296260327, -0.5397508, 0.197167486)
(-0.7563881, -0.29243958, -0.544172943, 0.215015933)
(-0.7611287, -0.299833447, -0.5399317, 0.198132783)
(-0.7553804, -0.293019533, -0.545075357, 0.215482727)
(-0.760990739, -0.297297567, -0.541481137, 0.198255822)
(-0.75717, -0.2852105, -0.5477657, 0.2128408)
(-0.7626316, -0.2905647, -0.5438033, 0.19555904)
(-0.757828951, -0.281352043, -0.549136639, 0.2120971)
(-0.7631513, -0.287409544, -0.544994, 0.19487831)
(-0.756937, -0.295702, -0.5439301, 0.20915693)
(-0.7625988, -0.287825257, -0.545175731, 0.195916265)
(-0.756333768, -0.2965257, -0.5440413, 0.209882781)
(-0.762205362, -0.290652, -0.5445226, 0.195088252)
(-0.7555752, -0.2961522, -0.544818759, 0.2111221)
(-0.761047542, -0.287721217, -0.54644686, 0.198542088)
(-0.7549986, -0.297660232, -0.5446196, 0.211577177)
(-0.759815633, -0.286393166, -0.5476089, 0.2019501)
(-0.754199564, -0.2978054, -0.544938445, 0.2133943)
(-0.758740962, -0.2852552, -0.5485857, 0.204927921)
(-0.7534801, -0.297720671, -0.5453171, 0.215080082)
(-0.757882655, -0.2849066, -0.549140036, 0.207092524)
(-0.7546049, -0.3010127, -0.5437832, 0.210386842)
(-0.757281244, -0.285659224, -0.5492707, 0.207908079)
(-0.7556116, -0.302587539, -0.5431351, 0.206145912)
(-0.755696237, -0.28630352, -0.5499364, 0.211005658)
(-0.754157066, -0.3031601, -0.543751061, 0.20898737)
(-0.756709039, -0.2875891, -0.549515843, 0.206679329)
(-0.752058446, -0.301796764, -0.545562267, 0.213748962)
(-0.756856263, -0.290169746, -0.5490088, 0.2038618)
(-0.7503362, -0.297451228, -0.5485269, 0.218257919)
(-0.75604105, -0.289657056, -0.5501534, 0.204528883)
(-0.750256658, -0.300930858, -0.5477394, 0.215724513)
(-0.755618632, -0.29173395, -0.5500703, 0.20335798)
(-0.749392748, -0.301192969, -0.5486372, 0.216079846)
(-0.7546105, -0.2907557, -0.551525056, 0.204558849)
(-0.7486908, -0.3011412, -0.5495242, 0.216331214)
(-0.753953457, -0.2907954, -0.5523413, 0.204722568)
(-0.7489578, -0.303475618, -0.549081445, 0.2132471)
(-0.754761, -0.29444766, -0.551001251, 0.200085029)
(-0.748684168, -0.303073943, -0.549756646, 0.213039219)
(-0.753830969, -0.2919833, -0.5527962, 0.2022397)
(-0.747410059, -0.3000467, -0.5518596, 0.216335535)
(-0.753536046, -0.299084276, -0.55036974, 0.199562311)
(-0.746722, -0.303168118, -0.551252842, 0.215906724)
(-0.7529529, -0.301468968, -0.5499504, 0.199331313)
(-0.746272445, -0.302452922, -0.551967442, 0.216636688)
(-0.752569258, -0.2977205, -0.5518776, 0.201079786)
(-0.7464413, -0.293595433, -0.555667758, 0.218770012)
(-0.751349151, -0.302443922, -0.5504491, 0.2025038)
(-0.7451019, -0.298640847, -0.554177761, 0.220281273)
(-0.750962555, -0.303499341, -0.5502631, 0.202864453)
(-0.748332, -0.2896191, -0.5568424, 0.214584231)
(-0.751745164, -0.3025524, -0.5504194, 0.200946763)
(-0.7481285, -0.290475935, -0.5566287, 0.2146907)
(-0.7505067, -0.305113465, -0.549892068, 0.203135908)
(-0.7485267, -0.290519744, -0.5566344, 0.213222921)
(-0.750102341, -0.3060767, -0.549742639, 0.203584075)
(-0.746988952, -0.293047756, -0.556187749, 0.216300085)
(-0.750097752, -0.306519628, -0.5496059, 0.20330359)
(-0.7502863, -0.2903358, -0.556237638, 0.208267376)
(-0.74972403, -0.307189822, -0.549488, 0.203988492)
(-0.7515408, -0.291071981, -0.555529833, 0.204573348)
(-0.750632, -0.3077324, -0.5490103, 0.201097086)
(-0.754400969, -0.2928509, -0.5537881, 0.196051657)
(-0.7515806, -0.308935285, -0.548275769, 0.197684661)
(-0.753329456, -0.292803049, -0.554322243, 0.198715463)
(-0.7506546, -0.309321821, -0.548683167, 0.199460268)
(-0.7533035, -0.293832451, -0.554394364, 0.1970869)
(-0.7461783, -0.299488544, -0.555273056, 0.212593958)
(-0.751066, -0.29263857, -0.5575363, 0.1985338)
(-0.754258156, -0.2814388, -0.5621611, 0.189371675)
(-0.748379648, -0.297120124, -0.55963, 0.196116477)
(-0.742938161, -0.3137256, -0.5562179, 0.200600937)
(-0.742940366, -0.298850983, -0.5636858, 0.202450171)
(-0.736771941, -0.311851025, -0.561273, 0.211869687)
(-0.739913344, -0.298060626, -0.5667379, 0.206146)
(-0.7350706, -0.311929882, -0.563017368, 0.213031262)
(-0.7350406, -0.2963676, -0.569905937, 0.21699959)
(-0.7337773, -0.313257039, -0.563212, 0.215019286)
(-0.7303745, -0.300977767, -0.5693282, 0.227663592)
(-0.7354706, -0.311822951, -0.5629238, 0.21205236)
(-0.7295594, -0.307674885, -0.5661002, 0.22936815)
(-0.7365563, -0.311369777, -0.5618084, 0.211908266)
(-0.740160644, -0.295559675, -0.566533, 0.209396616)
(-0.741573751, -0.311146438, -0.5588017, 0.202477217)
(-0.7430545, -0.294327974, -0.5645843, 0.206120327)
(-0.747391641, -0.3049365, -0.558155358, 0.192047)
(-0.750399649, -0.288574934, -0.563140631, 0.191042677)
(-0.7490782, -0.3046443, -0.5567559, 0.1899906)
(-0.748682857, -0.2881593, -0.5631611, 0.198211417)
(-0.7514292, -0.301257, -0.556681752, 0.186289832)
(-0.7507204, -0.285186082, -0.5632119, 0.194628)
(-0.748914957, -0.301703274, -0.5572108, 0.193952426)
(-0.749133468, -0.285344154, -0.563729644, 0.198963836)
(-0.748592556, -0.3021315, -0.557291031, 0.19430019)
(-0.743532956, -0.2936473, -0.562586367, 0.210775942)
(-0.747148037, -0.305946678, -0.556453645, 0.196280137)
(-0.742281556, -0.2970233, -0.56197, 0.212096587)
(-0.746999, -0.306669176, -0.5564604, 0.195699334)
(-0.743299365, -0.294952959, -0.5626292, 0.209659532)
(-0.7426947, -0.3118064, -0.5558668, 0.205410972)
(-0.7458167, -0.296753556, -0.561205447, 0.201849282)
(-0.743560433, -0.313217, -0.5552416, 0.2017912)
(-0.744539559, -0.296861947, -0.5617388, 0.204898745)
(-0.7444133, -0.312917233, -0.5550726, 0.199564382)
(-0.745417953, -0.2962481, -0.5615756, 0.203032032)
(-0.7429732, -0.312101275, -0.5557969, 0.204140484)
(-0.746431947, -0.2968378, -0.5608655, 0.20039095)
(-0.743364155, -0.3123544, -0.555428, 0.20333226)
(-0.746426761, -0.29676652, -0.5608265, 0.2006249)
(-0.7448663, -0.3132465, -0.5545342, 0.198853478)
(-0.744579, -0.297066718, -0.5614011, 0.2053833)
(-0.7486981, -0.307686031, -0.555551469, 0.190112963)
(-0.744729459, -0.296481133, -0.5616902, 0.2048929)
(-0.7466692, -0.3113455, -0.554891646, 0.194021568)
(-0.7424361, -0.300758153, -0.56091094, 0.209074438)
(-0.7464497, -0.311969429, -0.554888, 0.193874076)
(-0.7447452, -0.297170848, -0.5616784, 0.2038665)
(-0.739711761, -0.309624285, -0.558111966, 0.213237748)
(-0.7450658, -0.2985559, -0.5609259, 0.2027399)
(-0.742760241, -0.3147434, -0.554938257, 0.20319289)
(-0.744347334, -0.298354536, -0.5612006, 0.20490396)
(-0.750625253, -0.2991167, -0.558562338, 0.1873469)
(-0.744425356, -0.298015952, -0.5611714, 0.205192834)
(-0.7472535, -0.311543, -0.554448247, 0.192718282)
(-0.7452874, -0.296984464, -0.561109662, 0.203722134)
(-0.74675, -0.312309355, -0.554122269, 0.194360018)
(-0.7452555, -0.297125846, -0.560931, 0.204124868)
(-0.7515785, -0.2931477, -0.560204744, 0.188055485)
