(0, 0, 0, 0)
(-0.6138398, -0.419436038, -0.299947, 0.5977507)
(-0.6050139, -0.426191777, -0.29370147, 0.605027437)
(-0.6116972, -0.4173439, -0.3021304, 0.6003065)
(-0.612486959, -0.429775327, -0.288423628, 0.597465158)
(-0.614542, -0.418005049, -0.300976485, 0.597514153)
(-0.6166324, -0.430558741, -0.286891431, 0.5933608)
(-0.6135591, -0.418318421, -0.3004466, 0.598570645)
(-0.620876968, -0.428473234, -0.287781656, 0.59000355)
(-0.614032745, -0.41753608, -0.30054906, 0.598579645)
(-0.608183742, -0.427066267, -0.290983945, 0.602540553)
(-0.613786936, -0.417247027, -0.3007873, 0.5989137)
(-0.60557723, -0.42511645, -0.293394327, 0.60536927)
(-0.612584233, -0.417047, -0.301103681, 0.600124061)
(-0.623522162, -0.4187976, -0.297464848, 0.5893583)
(-0.612274349, -0.418764353, -0.299480945, 0.6000564)
(-0.614581048, -0.431071848, -0.285678953, 0.595696747)
(-0.6131434, -0.418573856, -0.2995794, 0.5992523)
(-0.623797059, -0.4180968, -0.2982376, 0.5891745)
(-0.6125476, -0.419248581, -0.298729926, 0.5998138)
(-0.6235246, -0.419494867, -0.296369672, 0.5894117)
(-0.612360358, -0.4159124, -0.3020204, 0.6006791)
(-0.611947358, -0.428033471, -0.2888021, 0.599083543)
(-0.612421453, -0.4157899, -0.302087158, 0.600667953)
(-0.6117901, -0.428265333, -0.288682222, 0.5991363)
(-0.6142576, -0.417009622, -0.300780833, 0.5985997)
(-0.612069547, -0.4292559, -0.288098156, 0.5984227)
(-0.611849964, -0.417189181, -0.301672846, 0.6004883)
(-0.6142469, -0.4297693, -0.2876845, 0.5960173)
(-0.609420657, -0.417963237, -0.301453054, 0.6025274)
(-0.6185948, -0.426378161, -0.2907244, 0.592470646)
(-0.6111102, -0.4159045, -0.303233653, 0.6013461)
(-0.6103338, -0.4280637, -0.289961874, 0.6001469)
(-0.609383643, -0.4156371, -0.303647339, 0.6030718)
(-0.6139086, -0.427562684, -0.2897863, 0.59693414)
(-0.6097685, -0.415471226, -0.303581327, 0.6028303)
(-0.61240834, -0.427885264, -0.28953144, 0.598366)
(-0.612038255, -0.4155929, -0.3029971, 0.600736558)
(-0.614184, -0.428129, -0.288908333, 0.5966703)
(-0.61352706, -0.41587165, -0.302299976, 0.5993747)
(-0.613007963, -0.428325146, -0.288778365, 0.597800851)
(-0.612845361, -0.416003883, -0.302164733, 0.6000481)
(-0.6064889, -0.425257236, -0.2928637, 0.6046141)
(-0.6120348, -0.415401429, -0.3026241, 0.60106045)
(-0.6083217, -0.4265621, -0.2909726, 0.602764)
(-0.612055957, -0.415814042, -0.30225578, 0.600939)
(-0.6072452, -0.4265948, -0.291349739, 0.603643537)
(-0.6114859, -0.416224748, -0.302253246, 0.601236165)
(-0.6057631, -0.426374137, -0.292154074, 0.604898453)
(-0.6112306, -0.416795015, -0.30197078, 0.6012426)
(-0.608524859, -0.4285151, -0.289610565, 0.601828933)
(-0.6115173, -0.417203516, -0.301535368, 0.6008863)
(-0.609772265, -0.429103166, -0.28862378, 0.6006202)
(-0.613059044, -0.4178572, -0.300231248, 0.599512458)
(-0.623974741, -0.420610875, -0.295306742, 0.5886731)
(-0.6127372, -0.419644356, -0.298145145, 0.599634349)
(-0.6013139, -0.417219251, -0.302492321, 0.610612869)
(-0.612533152, -0.4189794, -0.299048036, 0.5998581)
(-0.6008155, -0.417928874, -0.302158445, 0.6107834)
(-0.61177, -0.41763854, -0.3011756, 0.6005072)
(-0.6013246, -0.410500765, -0.310658485, 0.6110558)
(-0.609969735, -0.4200686, -0.2994769, 0.6014923)
(-0.6094218, -0.4325201, -0.286076754, 0.599742949)
(-0.609079063, -0.420342863, -0.299713, 0.6020853)
(-0.612109542, -0.409143, -0.3115382, 0.6007227)
(-0.6088419, -0.4205145, -0.299876332, 0.602124035)
(-0.6198182, -0.4203734, -0.298425138, 0.5916537)
(-0.608629346, -0.421592444, -0.299162447, 0.601940155)
(-0.6133528, -0.411676139, -0.309410781, 0.5988206)
(-0.608517051, -0.422439426, -0.298721552, 0.6016787)
(-0.614271343, -0.413104057, -0.308247, 0.5974943)
(-0.609364867, -0.423077315, -0.298355818, 0.600553)
(-0.616450369, -0.413699, -0.307607055, 0.5951639)
(-0.6135093, -0.424342662, -0.296843678, 0.596174)
(-0.6162744, -0.412077278, -0.309951931, 0.59525454)
(-0.6121071, -0.4220384, -0.300176859, 0.5975804)
(-0.612602055, -0.4094599, -0.313649327, 0.5989034)
(-0.6071289, -0.4190851, -0.3035075, 0.603030145)
(-0.614239, -0.4104887, -0.311399966, 0.597695231)
(-0.6109423, -0.421061218, -0.3003232, 0.5993854)
(-0.6198775, -0.4138144, -0.306821942, 0.591920555)
(-0.623704851, -0.4257781, -0.2937761, 0.586004138)
(-0.6218865, -0.412798554, -0.308044672, 0.589883864)
(-0.615829468, -0.4224564, -0.29868257, 0.594199836)
(-0.6191275, -0.411220968, -0.3098792, 0.59291923)
(-0.6123798, -0.420157045, -0.301146358, 0.59813863)
(-0.621236861, -0.413291276, -0.307059646, 0.5907363)
(-0.6245136, -0.42549172, -0.29351005, 0.5854839)
(-0.6222246, -0.4127621, -0.3073594, 0.589910269)
(-0.6205634, -0.424861461, -0.294775933, 0.5894921)
(-0.622975469, -0.4130029, -0.307017833, 0.5891266)
(-0.615949869, -0.421432048, -0.299136639, 0.5945738)
(-0.6189365, -0.4098012, -0.3109282, 0.5935523)
(-0.612822831, -0.419032574, -0.3018283, 0.5981299)
(-0.6205569, -0.4111605, -0.308926523, 0.5919633)
(-0.6142152, -0.420480072, -0.299857885, 0.5966753)
(-0.6196585, -0.410546184, -0.309353232, 0.5931068)
(-0.613204241, -0.419405162, -0.3004045, 0.5981949)
(-0.619877934, -0.410058647, -0.308891356, 0.5934556)
(-0.611591, -0.416466743, -0.3027657, 0.6007037)
(-0.620430768, -0.409827352, -0.308092, 0.59345305)
(-0.6180796, -0.421493232, -0.2955874, 0.594095349)
(-0.620954156, -0.4097106, -0.307268083, 0.593413353)
(-0.618912339, -0.4214478, -0.2946128, 0.5937444)
(-0.618374646, -0.408629984, -0.307879, 0.596527338)
(-0.617106259, -0.420593262, -0.294787854, 0.5961387)
(-0.6187733, -0.4085381, -0.3070854, 0.596586)
(-0.6230768, -0.4208472, -0.293108672, 0.59055084)
(-0.6203706, -0.408479154, -0.306476533, 0.5952791)
(-0.629115045, -0.4175556, -0.295362771, 0.5853396)
(-0.6205592, -0.408263773, -0.3064578, 0.595240057)
(-0.631038845, -0.406957924, -0.306129634, 0.5852008)
(-0.6202334, -0.408986151, -0.305496424, 0.595577657)
(-0.624300361, -0.421347767, -0.2915215, 0.5896867)
(-0.620831549, -0.408945739, -0.305084467, 0.595193267)
(-0.622097135, -0.421536177, -0.291185677, 0.5920417)
(-0.620521367, -0.4087088, -0.3047735, 0.595838368)
(-0.623062432, -0.421033829, -0.290802151, 0.591572344)
(-0.619227231, -0.408492565, -0.304446548, 0.5974979)
(-0.613868952, -0.4185203, -0.294200867, 0.601208448)
(-0.6185372, -0.407939851, -0.3046993, 0.5984606)
(-0.6257587, -0.400145739, -0.3118242, 0.592516)
(-0.622425735, -0.411987334, -0.299957275, 0.5940356)
(-0.6293459, -0.40398863, -0.307348222, 0.588433564)
(-0.6231588, -0.413891345, -0.298106045, 0.5928743)
(-0.6269257, -0.4028505, -0.3092748, 0.590783238)
(-0.6195803, -0.411069244, -0.3019482, 0.5966319)
(-0.6211075, -0.39901647, -0.31465748, 0.596658945)
(-0.618163049, -0.410693526, -0.303004742, 0.5978238)
(-0.620573342, -0.399207979, -0.314980537, 0.596916139)
(-0.6201151, -0.411837369, -0.302030027, 0.595504045)
(-0.6180333, -0.4239442, -0.289437979, 0.5954257)
(-0.6192391, -0.4117427, -0.302467257, 0.5962587)
(-0.628677666, -0.406760246, -0.3064253, 0.5877194)
(-0.619487464, -0.413119584, -0.301453352, 0.595561445)
(-0.6277816, -0.4071998, -0.306631982, 0.588264763)
(-0.6192352, -0.4149205, -0.300024956, 0.595293045)
(-0.6286434, -0.410784185, -0.302960157, 0.5867531)
(-0.61910814, -0.4160293, -0.299010962, 0.595161557)
(-0.627277255, -0.408846647, -0.305247873, 0.588380456)
(-0.617478251, -0.413285583, -0.301961064, 0.5972732)
(-0.625672162, -0.406499654, -0.307777345, 0.590394437)
(-0.616470456, -0.412523031, -0.302781641, 0.598424733)
(-0.6104306, -0.4013014, -0.315703452, 0.605527043)
(-0.6163226, -0.4135523, -0.302292854, 0.598113835)
(-0.6059474, -0.406573325, -0.311746061, 0.608556)
(-0.615120649, -0.415693253, -0.301402271, 0.5983162)
(-0.6085025, -0.4049811, -0.3144666, 0.6056615)
(-0.6159897, -0.4159142, -0.302302837, 0.5968125)
(-0.6209479, -0.4065594, -0.3117568, 0.593246043)
(-0.6184075, -0.418813556, -0.2992566, 0.5938123)
(-0.6204217, -0.407093078, -0.3111692, 0.5937389)
(-0.617071748, -0.418789953, -0.299191356, 0.5952495)
(-0.612272263, -0.406902224, -0.312720627, 0.6014641)
(-0.6179988, -0.418884069, -0.2994867, 0.594072)
(-0.6180129, -0.407139361, -0.312684357, 0.595420837)
(-0.6216755, -0.4201664, -0.299260259, 0.589426041)
(-0.622496545, -0.408707768, -0.312047839, 0.5899847)
(-0.622315943, -0.421991348, -0.29888767, 0.5876328)
(-0.6193339, -0.409994572, -0.312747568, 0.5920463)
(-0.618599951, -0.422782421, -0.29997164, 0.5904287)
(-0.6072447, -0.419408917, -0.306039333, 0.6014067)
(-0.6180285, -0.424603, -0.299372554, 0.590024531)
(-0.6069558, -0.426529527, -0.299735755, 0.5998631)
(-0.6179074, -0.42616123, -0.298790634, 0.589322567)
(-0.6064535, -0.42575866, -0.301623851, 0.599972367)
(-0.617276967, -0.430756062, -0.2947152, 0.5886945)
(-0.60619235, -0.426014245, -0.302088052, 0.59982115)
(-0.616701841, -0.424613655, -0.302064627, 0.5900331)
(-0.6056072, -0.419384331, -0.309396416, 0.601357341)
(-0.616676033, -0.422238082, -0.304528624, 0.590498)
(-0.6051204, -0.421876848, -0.306453675, 0.6016107)
(-0.6160984, -0.422636867, -0.303639531, 0.5912732)
(-0.604549348, -0.419101, -0.308765858, 0.602941155)
(-0.61570096, -0.4206051, -0.305001318, 0.5924339)
(-0.6260913, -0.4181445, -0.305346876, 0.5830335)
(-0.6153193, -0.420058429, -0.30449295, 0.593478739)
(-0.624122858, -0.4284485, -0.2933593, 0.583817542)
(-0.615061343, -0.419602782, -0.303942829, 0.594349861)
(-0.611726, -0.406974822, -0.317535341, 0.5994449)
(-0.61659956, -0.4190533, -0.303878337, 0.59317553)
(-0.626011968, -0.4149264, -0.306672662, 0.5847196)
(-0.6159299, -0.4196318, -0.303387016, 0.5937136)
(-0.6235461, -0.412141323, -0.310302764, 0.5874027)
(-0.6142083, -0.4179752, -0.305822521, 0.595413744)
(-0.6038796, -0.410934269, -0.315242022, 0.605875432)
(-0.612974942, -0.4201871, -0.3045922, 0.5957584)
(-0.60230726, -0.413668722, -0.313755751, 0.606351)
(-0.611780047, -0.422265232, -0.3039166, 0.595862448)
(-0.600064754, -0.419313163, -0.309691519, 0.6067865)
(-0.610630333, -0.424771518, -0.303085774, 0.595683336)
(-0.6162379, -0.4363918, -0.290111, 0.5879191)
(-0.612444162, -0.4245725, -0.304113984, 0.593435)
(-0.617811561, -0.436125368, -0.2908347, 0.5861047)
(-0.613562047, -0.4239519, -0.304777622, 0.59238255)
(-0.6144588, -0.436101973, -0.29121688, 0.5894473)
(-0.6125382, -0.423454434, -0.305029273, 0.593667)
(-0.6127107, -0.435721546, -0.2913346, 0.5914867)
(-0.611035168, -0.423387319, -0.304930568, 0.5953122)
(-0.6136239, -0.4358813, -0.2908849, 0.590643048)
(-0.6104142, -0.423870444, -0.304726422, 0.5957098)
(-0.620472848, -0.430522174, -0.296004027, 0.584846735)
(-0.6096498, -0.425201476, -0.30381155, 0.5960113)
(-0.619951963, -0.431704968, -0.295012832, 0.585028052)
(-0.609922, -0.4248572, -0.304051518, 0.5958559)
(-0.6162835, -0.436022043, -0.290490121, 0.587958336)
(-0.610887945, -0.4245667, -0.303660452, 0.5952724)
(-0.61381954, -0.436820477, -0.289370954, 0.590489447)
(-0.6106837, -0.424540341, -0.303091228, 0.595790863)
(-0.601028264, -0.416580021, -0.312902421, 0.6060679)
(-0.6112906, -0.424158275, -0.303030461, 0.5954713)
(-0.6212998, -0.420038432, -0.305684716, 0.5866098)
(-0.612981558, -0.42707774, -0.299361736, 0.5934987)
(-0.6238115, -0.425101936, -0.29926002, 0.5836017)
(-0.613112032, -0.426024646, -0.29969, 0.593955)
(-0.6242268, -0.4233479, -0.300007641, 0.584048748)
(-0.613455057, -0.42118454, -0.303458869, 0.595137954)
(-0.613431752, -0.408374876, -0.316644222, 0.597216845)
(-0.6129118, -0.420550317, -0.303525835, 0.596111238)
(-0.60661155, -0.430151582, -0.294274, 0.600329)
(-0.6137939, -0.422362149, -0.3021482, 0.5946206)
(-0.623839438, -0.419885039, -0.303770155, 0.5850168)
(-0.6137516, -0.425174832, -0.300566524, 0.593460262)
(-0.6240258, -0.423042923, -0.301718384, 0.583603)
(-0.61319524, -0.425324172, -0.30159086, 0.5934087)
(-0.624224365, -0.425069273, -0.30014205, 0.5827304)
(-0.6130709, -0.424758762, -0.302372217, 0.593544543)
(-0.623422861, -0.421123236, -0.304271, 0.584310055)
(-0.6128274, -0.4227052, -0.304104537, 0.5943764)
(-0.6239216, -0.421571672, -0.3033326, 0.5839424)
(-0.613981962, -0.4257004, -0.30067426, 0.592790246)
(-0.6246713, -0.4243953, -0.3004628, 0.582577348)
(-0.613235354, -0.424637854, -0.302797616, 0.5932442)
(-0.6239717, -0.4282795, -0.297635078, 0.5819358)
(-0.6126284, -0.4249177, -0.303841, 0.593137443)
(-0.623279154, -0.429757923, -0.297090739, 0.5818663)
(-0.61200583, -0.426951081, -0.3022321, 0.593142)
(-0.6231904, -0.4283312, -0.29866305, 0.5822084)
(-0.612367034, -0.423733324, -0.3052156, 0.5935487)
(-0.622800231, -0.429717839, -0.296524167, 0.582697)
(-0.6119758, -0.424548954, -0.303508639, 0.594244361)
(-0.6220606, -0.4310332, -0.294195235, 0.5836953)
(-0.612722754, -0.4225595, -0.3044845, 0.5943934)
(-0.6235151, -0.427352577, -0.297063738, 0.5833967)
(-0.612821, -0.421726167, -0.3046433, 0.5948025)
(-0.6237685, -0.4248217, -0.2991901, 0.5838875)
(-0.614655435, -0.415891737, -0.309889317, 0.5943074)
(-0.62477535, -0.4225573, -0.3009789, 0.5835348)
(-0.614553154, -0.415695518, -0.309771657, 0.5946118)
(-0.624252, -0.42344898, -0.300249547, 0.5838242)
