(0, 0, 0, 0)
(-0.6962758, -0.250533849, -0.164859146, 0.6521153)
(-0.6865986, -0.2541582, -0.162166417, 0.661579847)
(-0.6962829, -0.2507826, -0.163952321, 0.6522405)
(-0.6876364, -0.257698834, -0.157968134, 0.660146654)
(-0.695931554, -0.2504516, -0.163793, 0.652782559)
(-0.686888039, -0.256706536, -0.15861918, 0.661155462)
(-0.6955117, -0.2499868, -0.16405046, 0.6533434)
(-0.6873151, -0.257785529, -0.157353252, 0.6605941)
(-0.694266, -0.2484533, -0.165574774, 0.6548669)
(-0.684174538, -0.252030879, -0.163049221, 0.664680839)
(-0.6938604, -0.2490168, -0.16462183, 0.6553228)
(-0.702581763, -0.255859971, -0.156568661, 0.645291269)
(-0.693091452, -0.249450192, -0.164257482, 0.6560628)
(-0.693320036, -0.2629149, -0.150694162, 0.6538153)
(-0.693281233, -0.248842567, -0.164627865, 0.6560001)
(-0.6948806, -0.26226458, -0.150831014, 0.652386546)
(-0.692171335, -0.248601481, -0.164682224, 0.6572486)
(-0.6896679, -0.261639118, -0.1518364, 0.6579125)
(-0.69184947, -0.2481958, -0.1648959, 0.657687247)
(-0.6831554, -0.254718781, -0.159238666, 0.6656276)
(-0.691615939, -0.247875735, -0.164842382, 0.6580669)
(-0.6912265, -0.233941019, -0.1786063, 0.659982741)
(-0.6896697, -0.247301519, -0.16567488, 0.660113156)
(-0.6792124, -0.248358518, -0.166287959, 0.670326)
(-0.6896383, -0.252429456, -0.160676315, 0.65944016)
(-0.6961531, -0.24118343, -0.170491174, 0.6543195)
(-0.6934985, -0.253182858, -0.158163026, 0.655700147)
(-0.6940733, -0.238425151, -0.172037914, 0.6571291)
(-0.687631, -0.246248811, -0.164295956, 0.6629721)
(-0.6806638, -0.2515223, -0.157933757, 0.6696942)
(-0.691354334, -0.244440973, -0.161582157, 0.660430849)
(-0.7004667, -0.23577705, -0.167580292, 0.652435839)
(-0.6984874, -0.247499138, -0.155629873, 0.65317595)
(-0.706066966, -0.234972641, -0.164965585, 0.6473357)
(-0.6993708, -0.240922332, -0.157426357, 0.654258251)
(-0.708366334, -0.231205776, -0.16311805, 0.6466479)
(-0.7004103, -0.233318672, -0.159933567, 0.655293047)
(-0.694435656, -0.237312987, -0.153876677, 0.661637)
(-0.707202137, -0.230489761, -0.155622825, 0.650016248)
(-0.7143163, -0.21720621, -0.164081618, 0.64471)
(-0.716687262, -0.22948806, -0.148027524, 0.6417029)
(-0.72505033, -0.216791466, -0.1549338, 0.635058165)
(-0.7349113, -0.206327856, -0.160257086, 0.6258208)
(-0.746237457, -0.206263721, -0.156891987, 0.6131637)
(-0.7385942, -0.214146048, -0.149668589, 0.6214656)
(-0.744892955, -0.2029362, -0.1574891, 0.6157505)
(-0.7362414, -0.206679791, -0.154578567, 0.625569642)
(-0.7270866, -0.210947752, -0.152074561, 0.6353891)
(-0.7292614, -0.197321564, -0.165390551, 0.6339464)
(-0.7262281, -0.212303355, -0.153719291, 0.6355236)
(-0.7128048, -0.215155721, -0.1539783, 0.6495445)
(-0.718737, -0.210386932, -0.1593912, 0.6432332)
(-0.721054733, -0.224242762, -0.147668228, 0.638740361)
(-0.7095563, -0.223747239, -0.149981976, 0.651131749)
(-0.7078429, -0.209076226, -0.163873076, 0.654516)
(-0.715931535, -0.210199758, -0.16196622, 0.6457748)
(-0.707925, -0.220873669, -0.152239829, 0.653360546)
(-0.7010668, -0.207851782, -0.165227681, 0.661817849)
(-0.7092472, -0.216058582, -0.156891018, 0.6524357)
(-0.7002792, -0.20712249, -0.166932091, 0.6624522)
(-0.703072965, -0.220772833, -0.153896183, 0.6582277)
(-0.702442944, -0.207110614, -0.167108521, 0.660116553)
(-0.707669854, -0.2188168, -0.156082541, 0.653422356)
(-0.700256348, -0.20771037, -0.168214753, 0.661967754)
(-0.707107663, -0.218081445, -0.15835011, 0.6537313)
(-0.695759058, -0.218106538, -0.159804225, 0.6654408)
(-0.7041467, -0.215967119, -0.161229819, 0.6569175)
(-0.693519, -0.221164137, -0.1574647, 0.667325)
(-0.7017173, -0.215027079, -0.163325608, 0.659303367)
(-0.6968982, -0.226773992, -0.1528636, 0.662977457)
(-0.6977004, -0.213238016, -0.166528672, 0.663333952)
(-0.6981493, -0.227787614, -0.152907014, 0.6613015)
(-0.6936406, -0.2151182, -0.166267559, 0.667039752)
(-0.7000879, -0.226008072, -0.155280635, 0.6593066)
(-0.6986739, -0.212174773, -0.169300348, 0.6619471)
(-0.695366442, -0.22477597, -0.157496125, 0.664180934)
(-0.6923645, -0.2111965, -0.171405286, 0.668317)
(-0.6991821, -0.222151041, -0.160543069, 0.66031754)
(-0.6888581, -0.22343263, -0.1603271, 0.6707068)
(-0.6981499, -0.221352041, -0.161297917, 0.661492944)
(-0.6880762, -0.215243086, -0.167950287, 0.6723201)
(-0.6979262, -0.2186603, -0.1639461, 0.661973059)
(-0.688910663, -0.224242672, -0.159715116, 0.6705283)
(-0.6988056, -0.221438855, -0.161978528, 0.6606048)
(-0.6889701, -0.224939659, -0.159825161, 0.670207739)
(-0.6986947, -0.227866843, -0.155926153, 0.659992039)
(-0.69492507, -0.21435529, -0.169582829, 0.665111)
(-0.6953301, -0.2284116, -0.156006351, 0.663329542)
(-0.6868749, -0.219316542, -0.1660836, 0.672695637)
(-0.6968047, -0.219017237, -0.165939689, 0.6625396)
(-0.692203939, -0.231487513, -0.1543869, 0.6659068)
(-0.696067, -0.2197012, -0.165666714, 0.6631566)
(-0.7056667, -0.221711308, -0.162819847, 0.652968764)
(-0.696006, -0.225605577, -0.159976438, 0.6626352)
(-0.6958627, -0.211812183, -0.1733676, 0.6639687)
(-0.6959572, -0.225969613, -0.15969418, 0.6626304)
(-0.699273, -0.213656574, -0.171496689, 0.6602704)
(-0.6917739, -0.223354161, -0.1625212, 0.6671946)
(-0.69932276, -0.216862932, -0.168221921, 0.6600148)
(-0.6928371, -0.22732769, -0.1587485, 0.665656)
(-0.7020158, -0.222532019, -0.162949651, 0.656582534)
(-0.6924826, -0.227821961, -0.1589479, 0.66580826)
(-0.6951615, -0.215793863, -0.170837909, 0.664076746)
(-0.6906483, -0.228697762, -0.158970609, 0.667405844)
(-0.691984355, -0.215696752, -0.172336712, 0.6670326)
(-0.69364655, -0.229987487, -0.158964738, 0.663845062)
(-0.685244143, -0.221652, -0.16877158, 0.6729243)
(-0.693219066, -0.230365559, -0.159967855, 0.663919747)
(-0.683665, -0.222256377, -0.169470683, 0.674154162)
(-0.692358732, -0.230201319, -0.16135934, 0.6645373)
(-0.682698548, -0.223394215, -0.169345215, 0.674788833)
(-0.691695, -0.230464265, -0.161544353, 0.665092349)
(-0.7008104, -0.225317776, -0.165572137, 0.6562641)
(-0.691083, -0.22849369, -0.163389817, 0.665957)
(-0.690570533, -0.24235332, -0.1497901, 0.664785862)
(-0.691149831, -0.228925139, -0.163412154, 0.6657338)
(-0.6833923, -0.218340933, -0.174884617, 0.6743274)
(-0.689169466, -0.230371013, -0.16259253, 0.667486548)
(-0.6815302, -0.219963208, -0.174013883, 0.6759082)
(-0.6884617, -0.230801225, -0.162751228, 0.6680293)
(-0.68280524, -0.242063046, -0.151821718, 0.672408044)
(-0.6871419, -0.230215684, -0.1632245, 0.6694733)
(-0.694783747, -0.222665131, -0.169996873, 0.662417352)
(-0.6892318, -0.2339997, -0.159305245, 0.6669523)
(-0.6857898, -0.220564157, -0.172942489, 0.6716656)
(-0.6876926, -0.234391958, -0.158952639, 0.6684858)
(-0.684619546, -0.2211037, -0.172691226, 0.6727459)
(-0.6865504, -0.234958053, -0.1586865, 0.669523656)
(-0.6906671, -0.223050818, -0.170526072, 0.6664443)
(-0.685923, -0.235025451, -0.159116536, 0.670040846)
(-0.6906937, -0.2242323, -0.1694838, 0.66628623)
(-0.686980963, -0.237042546, -0.156849489, 0.668779552)
(-0.681893945, -0.224502116, -0.169743791, 0.675134361)
(-0.6908295, -0.232005835, -0.161090165, 0.665565848)
(-0.681172669, -0.225765631, -0.168295071, 0.6758036)
(-0.6909046, -0.2316436, -0.161492527, 0.6655165)
(-0.683501542, -0.220928282, -0.172820866, 0.673906)
(-0.6907341, -0.231195137, -0.16184628, 0.6657635)
(-0.680319965, -0.2336085, -0.160591841, 0.6758714)
(-0.6897025, -0.2292721, -0.164125577, 0.6669389)
(-0.680255651, -0.234707624, -0.159736961, 0.6757578)
(-0.6878156, -0.226862326, -0.167185351, 0.66894865)
(-0.682784557, -0.239003509, -0.155744657, 0.6726263)
(-0.689281642, -0.229647383, -0.164518222, 0.6671481)
(-0.681055069, -0.2376303, -0.157256991, 0.6745117)
(-0.683733046, -0.224702582, -0.170024619, 0.6731341)
(-0.679373145, -0.236897811, -0.158051834, 0.676277339)
(-0.686548948, -0.228737473, -0.165777549, 0.669960856)
(-0.694988132, -0.236850232, -0.156973168, 0.6604944)
(-0.685170233, -0.230730727, -0.164273039, 0.6710585)
(-0.6906372, -0.242411613, -0.151755676, 0.6642493)
(-0.686906159, -0.229195923, -0.165316582, 0.66955173)
(-0.680227339, -0.238944, -0.155898884, 0.6751978)
(-0.6858138, -0.22832258, -0.166163981, 0.670759141)
(-0.689062059, -0.241939843, -0.152251512, 0.6659414)
(-0.686735868, -0.2287657, -0.166085914, 0.669683158)
(-0.683183, -0.2417215, -0.153588325, 0.6717457)
(-0.6819907, -0.228099689, -0.167509973, 0.674388349)
(-0.671090841, -0.226485685, -0.1696695, 0.685239732)
(-0.6812686, -0.227434367, -0.167743847, 0.6752842)
(-0.6805642, -0.240853429, -0.153953627, 0.674626052)
(-0.687519133, -0.2311802, -0.162947729, 0.6688207)
(-0.68226105, -0.242555335, -0.151741847, 0.672800958)
(-0.686351657, -0.230737954, -0.163153127, 0.6701212)
(-0.6795124, -0.240672708, -0.15376541, 0.675792634)
(-0.687105358, -0.232535675, -0.161336765, 0.669166446)
(-0.6791315, -0.240914345, -0.153679222, 0.676108956)
(-0.687575161, -0.235199, -0.158499748, 0.6684307)
(-0.676914334, -0.230896279, -0.163810015, 0.679441035)
(-0.6862758, -0.23586224, -0.1575543, 0.669754744)
(-0.6759698, -0.230762929, -0.163588539, 0.6804792)
(-0.686442852, -0.232124358, -0.1611919, 0.670023739)
(-0.676542759, -0.2338691, -0.16033724, 0.6796228)
(-0.6859476, -0.229584426, -0.163650855, 0.6708095)
(-0.675206959, -0.227076411, -0.167200491, 0.681597948)
(-0.684774041, -0.233213857, -0.160115451, 0.6716091)
(-0.6744249, -0.23540391, -0.158988163, 0.6815121)
(-0.683162451, -0.23008129, -0.163731858, 0.6734564)
(-0.68018806, -0.243125036, -0.150762677, 0.6749111)
(-0.684277833, -0.2313742, -0.162537888, 0.672169)
(-0.6801784, -0.24350737, -0.150757819, 0.674784064)
(-0.6850701, -0.231946349, -0.1620742, 0.671276331)
(-0.677205443, -0.24072893, -0.153730854, 0.67809236)
(-0.6853751, -0.2336039, -0.16011703, 0.670859635)
(-0.675045967, -0.232751533, -0.162019059, 0.681094348)
(-0.6851721, -0.2361691, -0.157343775, 0.6708251)
(-0.6755189, -0.228799, -0.165586382, 0.681106746)
(-0.6858526, -0.229205266, -0.164165869, 0.6709104)
(-0.6845275, -0.2424858, -0.15091306, 0.670707)
(-0.690599561, -0.231438935, -0.161428913, 0.6659197)
(-0.681507766, -0.236301064, -0.157311037, 0.6745089)
(-0.686804056, -0.225045279, -0.168083861, 0.670375049)
(-0.6813078, -0.236418232, -0.157033324, 0.6747345)
(-0.689825, -0.230182424, -0.162622809, 0.6668668)
(-0.683719158, -0.240191519, -0.153394014, 0.6717935)
(-0.6831425, -0.226558551, -0.167402774, 0.673768461)
(-0.685533643, -0.240157485, -0.153429866, 0.6699457)
(-0.6842434, -0.226569459, -0.167402983, 0.6726467)
(-0.6822568, -0.2398074, -0.154055372, 0.6732645)
(-0.6768908, -0.227402538, -0.167125627, 0.679835141)
(-0.68431896, -0.2371477, -0.15613763, 0.6716321)
(-0.684819043, -0.2233355, -0.169971079, 0.6724982)
(-0.6843841, -0.236567169, -0.156488225, 0.6716888)
(-0.6770512, -0.225666836, -0.168172777, 0.679995656)
(-0.6862077, -0.231904611, -0.160789341, 0.670437038)
(-0.6929906, -0.222597063, -0.1691656, 0.6645281)
(-0.685130835, -0.2299157, -0.1622592, 0.6718679)
(-0.674795747, -0.231706247, -0.161162853, 0.6819014)
(-0.684560835, -0.231432289, -0.1602019, 0.6724216)
(-0.6941734, -0.235803962, -0.154584616, 0.66228646)
(-0.686259151, -0.226570308, -0.164758444, 0.6712443)
(-0.686914444, -0.240277424, -0.150889009, 0.66906476)
(-0.685758352, -0.226580352, -0.164949954, 0.671705544)
(-0.6867766, -0.240330443, -0.151013315, 0.669159234)
(-0.679406345, -0.2297995, -0.162467137, 0.677645564)
(-0.689063251, -0.227150217, -0.164288267, 0.6682843)
(-0.679761946, -0.232326671, -0.159929633, 0.677030742)
(-0.6872187, -0.2239422, -0.167531341, 0.670457661)
(-0.679212451, -0.231541291, -0.160307333, 0.6777615)
(-0.686384559, -0.222558543, -0.168703377, 0.671478331)
(-0.680041552, -0.232422546, -0.159321815, 0.6768603)
(-0.6898072, -0.228717476, -0.162124351, 0.6675103)
(-0.6796429, -0.230102077, -0.161390826, 0.677562952)
(-0.688762665, -0.224919841, -0.165234119, 0.6691149)
(-0.687066853, -0.237770021, -0.15186131, 0.669584036)
(-0.688894, -0.223961279, -0.165094748, 0.6693356)
(-0.685012341, -0.235915974, -0.152957529, 0.67209053)
(-0.68629545, -0.222451046, -0.166160271, 0.6722387)
(-0.692849338, -0.23336193, -0.154585674, 0.664533854)
(-0.684613764, -0.224157333, -0.1647627, 0.6737288)
(-0.691693, -0.234850928, -0.153420672, 0.6654832)
(-0.683433056, -0.225987464, -0.1634503, 0.674635351)
(-0.693567932, -0.228234991, -0.160337329, 0.664202034)
(-0.683270633, -0.225223213, -0.164524868, 0.674794257)
(-0.6778997, -0.237002954, -0.153132051, 0.6788461)
(-0.6846968, -0.227976412, -0.161978871, 0.673037767)
(-0.679157734, -0.23949182, -0.1510064, 0.6771894)
(-0.6844108, -0.228580713, -0.161836639, 0.673158)
(-0.677318752, -0.217645049, -0.1737491, 0.680941343)
(-0.683832049, -0.229306459, -0.16164346, 0.6735456)
(-0.693776667, -0.228559062, -0.1615909, 0.663568437)
(-0.683424056, -0.229095921, -0.162207872, 0.6738956)
(-0.6884696, -0.218338817, -0.1726921, 0.6697128)
(-0.682954848, -0.229668275, -0.161879569, 0.674255252)
(-0.691722333, -0.224039853, -0.1671404, 0.665875733)
(-0.685551167, -0.234203771, -0.157765225, 0.6710279)
(-0.68123734, -0.221226513, -0.171190947, 0.6765117)
(-0.687770247, -0.232319742, -0.159378245, 0.669027746)
(-0.67808646, -0.225730985, -0.167136744, 0.6791977)
(-0.687868237, -0.231734037, -0.160494283, 0.6688633)
