-8,1,6,2,2,1,-3,-21
1,-2,-6,-9,-5,-3,-1,9
25,5,-3,2,1,-3,0,-1
11,0,-1,-1,-2,2,4,19
1,-4,1,1,1,-5,1,1
-17,-13,-8,-6,-8,-4,-2,-3
-18,0,-5,-7,1,-2,-11,-30
8,3,9,4,-1,-5,3,42
30,2,-1,0,1,20,7,0
-7,2,-1,-3,5,4,-4,-27
-12,0,2,1,-2,0,-6,-2
28,-1,1,1,-1,3,1,11
-6,-7,-3,-3,-1,-4,3,2
-11,-4,-4,0,-1,-1,4,7
-5,1,-3,-2,-3,-3,-3,-5
-5,1,-2,-5,-2,0,-2,-14
10,1,-1,1,0,5,4,8
8,3,2,-3,-1,1,-13,27
-19,-5,4,5,4,1,4,-23
6,1,-3,-3,-2,-8,-2,-16
-4,-5,-5,2,-2,0,7,14
-11,-4,-1,0,-2,-8,4,-16
24,9,1,-1,-4,-3,-2,7
-17,-9,-1,-2,-4,-2,-8,-6
14,1,-4,-3,-3,-10,-9,0
-7,0,3,8,4,1,6,6
3,1,2,-2,-2,4,5,-9
-2,-5,-7,-4,1,1,-2,33
-6,2,-1,-5,-4,5,0,-27
-8,-3,-1,3,0,-19,-2,19
-15,-1,-1,-1,1,0,-10,-30
17,-1,-2,-6,-3,-4,-1,15
-1,7,5,2,-6,-9,-1,-14
3,0,2,0,14,42,16,15
8,-5,-6,-1,2,-34,-6,22
-9,-6,-8,-2,1,-5,-5,-36
-23,-4,-4,-10,-9,6,-2,7
2,6,3,1,-6,-4,-1,-15
18,-4,-2,-3,-1,12,3,11
13,-2,-4,0,-2,-2,-13,10
-2,0,0,4,9,9,-2,-22
-9,2,5,2,-9,-39,-9,3
-16,-1,-2,-5,-3,2,-5,-19
-2,2,0,-2,0,-7,9,19
13,-2,-6,3,4,13,2,-5
11,-3,2,-4,-3,4,0,-7
-45,-5,-3,-2,-4,-4,-3,2
7,6,0,-3,-6,5,4,-8
5,3,3,0,-1,-17,-6,25
-2,-6,-4,3,8,13,7,-7
5,-3,-1,0,-2,-1,4,5
-5,-2,0,0,2,3,-2,-7
5,-2,0,-2,0,-2,-5,-8
-6,4,-3,-10,-14,-15,1,4
-6,-5,-2,-1,-3,12,-1,-11
-28,-11,-10,-1,7,-6,-8,-27
12,0,2,4,7,21,5,11
7,1,1,-1,-15,-36,-1,-6
-3,7,4,0,-4,6,0,3
8,4,0,0,-7,-10,-1,6
-6,-6,-6,-5,0,-8,1,0
-4,-7,-7,-2,6,23,-3,-8
-7,-2,0,-2,-1,-15,-5,0
0,0,2,4,1,12,1,-6
-3,-1,2,-3,-6,10,0,2
8,1,0,1,2,-18,-11,8
3,-1,-3,-2,-5,-7,2,-3
1,-3,-8,-8,-3,1,1,-10
-17,-1,-4,-4,-6,-12,-13,1
-1,2,1,-2,-1,10,1,-19
12,-3,-3,-1,-1,7,11,10
-19,-2,6,1,1,-7,-10,-23
25,5,1,3,-5,-12,-8,17
-22,-9,-9,-8,-11,0,-2,-34
0,1,0,1,3,1,1,-5
7,5,-7,-7,-7,2,6,20
-12,1,4,3,6,2,9,9
-16,-5,2,5,4,-2,-3,-6
1,-2,2,2,3,26,4,-11
0,0,2,-1,-7,-34,-10,5
19,3,-2,3,11,1,3,-1
-5,-5,-4,-10,-17,-4,-17,34
-1,-3,-1,-1,0,7,-3,10
-27,-1,4,-1,-11,-14,-6,-58
5,-1,-2,0,10,-2,7,2
70,10,2,4,7,11,16,98
-10,-4,-2,-5,-13,-18,-22,-88
-21,-9,-2,-2,1,9,5,23
21,-2,-6,-7,-8,-10,-2,0
19,7,-6,-2,5,7,25,-8
-53,-3,5,1,0,-8,-8,-14
13,-5,2,2,-1,15,0,8
-39,-5,-4,-2,-5,-9,-5,-15
4,7,0,-3,-6,5,9,-11
98,10,1,0,6,3,8,72
-102,-8,-3,-1,1,-13,-8,-74
6,-8,-3,-3,-11,-10,0,-8
-32,-7,-2,2,9,22,2,-1
0,-1,1,4,4,12,4,-14
38,3,7,6,4,-25,-21,33
14,4,-1,-2,0,2,-9,-13
-16,-7,-9,-9,-12,-10,7,6
-2,-1,4,6,9,9,10,0
15,-3,-6,-1,5,20,5,8
-10,-4,-3,-7,-8,-1,-7,-16
45,7,4,3,4,-3,0,11
-61,-10,-6,-5,-3,-1,-8,22
24,2,-3,-2,2,8,-4,-19
-26,4,8,7,-6,-9,6,-8
-6,-1,0,3,11,10,-4,3
27,4,-1,0,-4,-23,-14,37
54,9,1,-1,5,22,15,22
3,-7,-1,0,2,8,-1,13
-47,-8,-2,-1,-5,-9,-37,-46
25,34,12,0,-4,-8,18,-9
-51,-21,-10,-6,-3,-2,-9,-7
18,7,0,-1,0,6,24,28
7,-5,5,1,-2,-7,-3,-5
0,-3,-1,4,8,-6,5,20
30,6,0,-2,1,7,-14,-17
-26,-6,-6,-8,-7,-11,2,7
-8,-3,-3,-4,1,16,5,-16
-55,-13,-6,-5,-10,-20,-10,-42
18,3,1,5,5,4,22,20
-5,2,3,2,-1,-1,-28,11
-12,1,4,3,-3,1,-11,-43
32,-1,-2,-2,8,29,0,29
-21,-9,-7,-8,-13,-46,-15,-13
1,1,-3,-2,4,15,-3,-10
-16,-9,-7,1,5,1,-23,3
17,1,1,-1,-2,14,12,15
23,3,9,3,-13,-7,17,-8
3,5,-4,-1,4,7,-9,13
-25,-5,0,0,-2,-9,3,-20
13,-9,-8,-2,-6,-11,5,21
-31,0,1,-3,1,11,-10,-22
7,-6,-3,-3,-6,-7,15,3
14,4,-1,-2,-4,-5,4,-19
-24,-13,-5,-2,3,-10,-16,10
25,12,2,1,5,8,-12,23
-28,-8,0,0,-4,-2,-12,-37
40,6,-6,-5,-2,-7,18,37
-9,-11,-2,2,1,2,1,-16
3,5,-3,-1,-1,11,14,5
30,-6,-10,-6,-5,-13,3,37
-47,-6,5,-2,-2,-13,-16,-24
-7,3,-2,1,0,-6,0,-7
40,-3,-1,0,-10,13,9,57
-14,4,2,1,5,-29,-18,-39
-19,-7,-2,2,8,14,3,-22
19,2,-4,-7,-11,-13,3,-18
-14,-9,-9,-9,-6,-7,0,-18
30,7,6,1,-1,16,19,49
5,-2,-4,-3,-5,-3,-13,-5
-13,2,4,2,0,-4,-16,-16
-22,-7,-3,1,1,5,8,-14
9,-2,-3,1,12,11,9,-1
11,2,1,1,-12,-5,15,27
7,-1,-3,-4,-8,-3,-20,-38
-26,-5,-1,3,8,-1,-5,30
4,1,2,-3,-12,-6,-1,-15
13,1,-1,0,0,-14,-9,-14
16,1,-2,-3,0,6,8,7
5,3,-1,-1,-1,-4,-2,27
-34,-6,-1,1,5,-3,2,-37
-5,5,5,1,3,7,-2,14
8,0,-3,-2,-3,-2,-19,38
5,6,2,-6,-12,-10,-10,-4
-44,-8,-1,1,-1,6,13,-17
16,-6,-3,0,-10,-12,1,13
-7,-11,-5,0,16,16,10,-9
31,7,-2,-2,0,-2,-4,-8
-13,-3,-3,-8,-6,-1,-5,-6
-12,-1,2,4,3,5,0,-22
-32,-3,-2,-3,-3,-5,-7,-10
-32,-4,-3,1,3,7,16,-10
13,-3,-1,0,-1,-12,-28,10
-16,2,0,-1,4,5,5,-30
58,11,5,1,-1,11,3,18
48,2,-1,1,0,3,3,44
-63,-11,-4,-2,-4,8,2,-4
1,10,6,-1,0,2,10,16
-40,-9,-7,-1,-8,-27,-2,-28
-41,-11,-4,-6,-1,2,0,-45
27,4,-1,2,-4,2,15,65
21,6,9,5,6,11,-6,-11
-7,0,8,5,5,8,2,-8
9,2,-5,0,-5,-21,2,4
-7,-11,-8,-4,3,6,-5,-22
1,0,-7,-3,-1,1,15,43
-36,-11,-5,0,0,-7,0,-51
16,2,1,2,3,3,-31,27
40,10,2,0,-1,0,11,-3
-2,-10,-3,-3,-5,-12,10,10
-16,-1,-6,-5,-5,11,14,-10
-6,-6,-2,0,-2,2,9,29
-27,3,13,4,0,-4,0,-29
6,8,-8,-7,-9,-12,-15,-2
43,-2,-1,-1,5,9,5,49
-37,-9,2,1,5,16,0,-65
11,-1,2,-1,-13,-35,-8,8
9,0,-3,1,12,-7,-10,-6
-1,7,1,-1,-4,-1,15,49
48,9,4,2,4,3,-8,-35
-57,-16,-10,-4,-5,-2,-28,-7
-19,-19,-14,-7,-8,3,-3,-19
52,13,7,-1,2,-5,0,1
-13,-1,2,3,4,1,11,12
26,6,0,0,4,13,14,27
30,6,2,3,-8,-5,-9,-24
-105,-17,-7,-6,-3,-4,-6,-46
17,-2,0,-4,-8,-1,-5,-1
28,-1,-2,1,7,5,0,1
-29,-7,-4,-2,0,6,5,27
46,16,9,2,-3,-9,-32,33
-48,-7,-2,2,5,-6,-3,7
-62,-21,-11,-5,0,-3,-18,-82
11,-4,-4,-5,-2,1,-2,-7
2,-6,-2,2,-4,-4,-9,12
5,17,8,-1,-4,-4,15,24
43,14,6,1,-2,3,1,29
-32,-7,-6,0,4,-2,-17,-12
-12,-7,-3,1,15,8,6,-33
-1,0,-5,3,-7,-30,-6,14
23,-3,-3,-5,4,14,0,5
-10,-5,8,1,-4,6,-1,-38
29,9,-4,-1,-4,-15,17,2
3,-6,-6,-5,-7,1,13,14
28,10,3,5,14,13,3,12
0,-1,-4,1,9,-3,1,-22
-12,-2,2,-3,-13,2,17,35
77,9,5,-8,-26,-5,4,-17
-72,-12,-4,-6,-6,-15,-10,-7
3,4,1,2,5,8,-3,25
9,0,-1,3,8,2,-2,-21
49,18,7,9,14,10,13,70
-21,-12,-4,0,-3,-6,-12,-1
-3,-8,-7,-5,-3,-6,-6,-6
-18,4,0,-2,-2,9,-3,9
-18,-1,6,4,0,12,-10,-9
48,4,-1,5,20,-6,-7,5
-16,10,7,5,-8,-21,-22,24
-1,-10,-9,-4,-5,1,-2,-13
-34,-11,-10,-7,5,8,-11,-26
35,8,1,-1,-10,5,28,-14
11,-6,-4,-1,-3,-5,-8,17
-17,-3,-5,-1,-2,-3,3,-13
-8,2,11,2,1,-9,-7,-15
-11,7,3,-1,-9,-8,-1,-27
0,0,2,-1,3,6,15,33
27,1,-4,-1,-6,-1,10,-16
-31,-15,-13,-8,-2,-4,-41,30
-41,-8,3,0,-8,-2,1,-19
10,0,-3,-2,0,11,3,-17
43,2,-1,-1,2,-11,6,44
-23,6,-2,0,2,-3,5,-69
-30,0,3,1,-7,-1,-17,40
1,-2,-3,-3,2,8,9,13
7,-2,4,1,-11,-9,-12,-6
5,2,0,0,3,0,6,-25
19,-1,-6,-2,-2,-1,-11,5
5,3,0,-5,-3,5,12,-16
-6,-7,0,-1,3,-3,-9,11
-47,-3,-9,-7,-2,5,22,-21
17,-1,1,3,1,4,-28,-7
16,-1,3,-1,-5,-8,-1,22
-25,-3,-4,-3,-2,2,-2,-7
8,-8,-3,-2,0,-3,9,-8
39,2,-1,1,1,-3,26,45
-11,2,0,-2,2,0,-13,-16
5,-7,-5,-4,-5,0,-6,-9
-31,-9,-14,-11,-15,-20,-9,-25
78,12,0,1,3,0,27,73
-16,6,8,1,-7,-12,-39,-31
-9,5,2,2,5,6,13,6
-2,-9,-3,-2,-5,-1,-9,-1
23,-1,-6,-7,-1,-1,12,-4
-4,-8,-7,0,-2,0,15,-6
-38,1,2,1,5,-7,-18,-15
35,1,10,10,7,8,2,3
-38,0,-3,-5,-9,2,26,28
-6,-9,-4,-1,6,3,0,-39
-31,-13,-10,-5,-2,-3,-11,-31
30,-1,-1,0,3,4,10,19
-22,5,3,-3,-7,-4,-2,-7
45,12,2,-1,-4,1,17,59
-30,-14,-3,-1,-2,0,-16,-48
24,1,5,3,6,2,8,58
-21,1,-3,-4,3,3,-6,-56
-6,-3,-1,-2,-13,-10,4,39
-35,-1,1,-3,0,-2,0,-18
-17,-4,-4,2,4,0,-16,-96
4,-7,3,7,12,4,9,31
-1,4,-4,-9,-17,-3,-2,-24
29,5,-1,-7,-6,2,2,39
-28,-3,-2,-1,-3,1,-5,8
40,10,4,12,20,-17,-7,25
-62,-5,5,6,9,12,11,-84
-9,-8,-9,-5,-9,-11,2,33
5,4,-3,-5,-5,14,12,31
-1,0,0,-3,-9,6,-10,-35
-17,-3,3,4,3,-7,14,-22
50,13,6,3,1,-2,2,7
-27,-10,-4,-1,4,5,4,-18
-3,-3,-3,-1,-3,1,-5,12
-13,-9,-5,-1,-2,-7,-19,16
20,13,5,4,5,12,9,-8
-32,3,-3,-4,-4,-11,-1,11
19,-3,-7,-6,-6,-2,3,-9
24,-1,4,1,1,-1,3,22
-27,-9,0,5,0,-4,-15,-33
31,3,-1,0,3,-3,4,29
-33,-5,-6,-6,-8,-1,3,15
-31,-14,-11,-8,-9,1,-14,-52
63,16,1,1,-3,4,-7,34
-25,-6,-4,0,1,-10,-4,0
-13,-7,-1,-2,-9,-3,-13,-26
29,16,9,3,5,3,6,29
-18,-19,-7,-4,-5,0,8,-9
23,12,7,3,0,-5,-5,18
-6,5,1,-3,-4,0,-4,-23
59,3,0,6,7,3,2,51
-44,-12,-4,-3,-3,0,4,-13
10,-9,-9,-9,-18,-19,-13,-8
40,2,-1,2,4,-1,-2,16
-61,-1,2,-1,-2,-2,2,-43
80,12,4,5,7,6,8,49
-102,-17,-8,-3,2,-4,-19,-90
23,5,1,-2,-4,10,-1,13
37,6,0,0,0,-22,-13,64
-50,-7,-1,0,10,8,-1,-31
7,-1,0,-3,-11,0,-4,-31
-17,-8,-6,-2,2,-9,4,-37
-15,-14,-16,-4,4,11,8,28
-47,8,3,-7,-4,-9,-12,-51
34,11,11,9,4,3,-1,50
-16,-11,-2,6,7,7,0,12
17,-1,-3,-6,-12,-5,-20,-26
34,6,-5,-5,-15,-6,11,44
-5,-1,-7,-7,7,-5,2,-23
-51,-6,3,-1,-2,-1,-11,-18
21,4,4,3,6,-4,3,-4
21,-5,-1,5,1,4,19,10
19,0,-1,-1,-1,7,-5,10
9,6,1,1,1,7,12,-13
-50,-3,-1,-4,-7,-10,-28,-11
-11,-10,-4,2,10,6,3,-8
32,7,3,2,-3,1,20,23
-37,-14,-5,-2,4,3,-10,-26
6,6,6,2,2,5,4,5
26,9,-2,-1,-7,-6,-5,19
-11,-7,-2,-2,3,8,4,13
-12,-10,-8,-6,-6,-16,-8,-6
-10,16,9,1,-1,10,13,18
-3,-6,0,2,3,-5,-25,-36
1,-9,-6,-4,3,-9,14,-16
42,7,1,-4,-11,0,2,31
-9,-12,-7,-4,1,-1,2,-22
-1,3,0,-2,-5,-1,-1,3
-5,1,2,1,0,-1,7,12
-37,-11,-4,-3,-1,0,-34,-60
42,-2,0,2,0,6,-8,34
-9,6,9,6,8,-3,-5,4
9,7,1,-3,-5,5,-4,24
-6,5,-3,-3,-6,6,13,-1
-6,-13,-8,-1,-1,-1,15,-20
60,14,2,0,10,2,2,16
-77,-20,-5,0,-11,-9,-21,-60
29,5,3,0,9,0,29,60
-1,3,4,0,-4,0,-11,-35
9,1,-3,-2,5,5,8,43
2,-2,-10,-8,-10,-4,3,6
7,3,4,2,-9,-6,6,-27
-7,-5,-2,1,-1,3,-5,-19
-24,3,-1,-1,2,-8,-9,3
4,-4,1,1,8,4,-11,3
-18,-11,-2,1,-1,-6,-8,-27
31,10,6,6,7,0,2,38
5,4,-1,-4,-11,-2,-6,20
-16,-9,-7,-1,-1,-2,-4,-34
31,10,0,1,6,0,1,30
-7,-5,1,-2,-3,0,4,-16
-42,-7,-5,-2,-13,-10,0,-27
22,7,5,-2,-3,0,4,35
-3,0,-4,0,9,-3,-18,14
-26,-9,-11,-5,-3,-4,1,-12
-25,-13,-8,-10,-13,-5,1,-17
32,14,14,10,8,6,13,16
-41,-9,-3,-4,-6,0,-8,-55
-13,1,-1,-1,3,6,-11,10
-12,-12,-9,-3,-6,-20,-9,-7
17,5,1,0,3,6,-4,45
6,1,4,2,4,5,2,10
16,5,-1,-2,-9,-1,8,7
12,0,2,3,11,1,-7,22
-52,-8,-5,-1,-3,-8,-20,-83
25,0,-1,-2,-2,-5,4,12
12,-2,-1,-1,-3,0,-13,-9
40,2,-1,-5,-9,-1,15,58
-7,1,0,1,-2,0,0,6
-13,-2,-1,5,13,2,-2,-6
-19,1,-2,-6,-5,-7,6,-42
-11,-3,3,1,0,6,10,-55
19,3,6,1,3,4,3,26
2,-2,-8,-5,-3,11,-2,6
10,-6,-3,-1,-5,-28,8,30
2,-1,1,0,-3,7,-11,-7
23,-5,-4,-1,0,-1,5,19
-18,0,3,2,-4,-7,-10,-37
21,-2,-3,-2,-1,3,-14,37
-36,-3,-5,-4,-3,0,-2,-31
-15,-11,-2,-2,-3,-4,-3,14
38,15,11,8,10,3,11,0
-6,-2,-2,1,-1,-1,6,2
1,7,3,-4,-9,-4,-6,-22
3,1,-4,-4,-7,14,6,39
1,0,4,0,-3,-12,-10,19
-65,-9,0,2,1,1,-6,-41
34,-2,-2,4,3,-2,-1,31
14,11,4,3,3,6,-9,-1
-9,-15,-14,-9,-8,-2,6,32
19,10,1,-1,3,2,-1,-3
-22,-4,6,3,2,1,3,-23
10,-4,-2,0,0,-5,19,-9
-4,-4,-4,-7,-8,-9,-12,-12
5,-8,-11,-9,-4,0,7,3
-1,-5,0,3,1,-1,-6,3
14,6,-3,-5,-8,6,9,25
-10,-14,-4,1,5,-25,-21,-41
21,8,7,1,-8,1,8,3
-2,5,0,-3,-9,1,-10,-17
39,1,-6,3,14,-5,-1,13
10,5,5,3,0,9,21,45
-97,-23,-7,-3,3,-5,-25,-82
25,0,-4,-2,3,0,19,31
-45,-4,-1,-3,-7,-9,-14,-48
-4,4,3,0,-6,6,7,6
44,4,1,-2,-7,-19,10,10
-37,-8,-5,-5,3,14,-1,5
-22,-7,-3,0,-1,-8,-10,-46
19,2,0,2,1,7,4,23
1,8,2,0,-3,4,3,25
9,3,5,1,-3,-5,-1,-4
8,4,-1,-1,-3,-1,8,34
-43,-9,-7,-9,-5,-5,-11,-50
47,2,-4,2,-3,19,4,8
-20,-11,-5,-4,-5,-19,-11,0
-6,-1,0,-3,1,0,6,-7
-4,-1,0,-1,-3,-3,-3,-16
58,14,8,-1,-1,7,15,67
-22,-7,-3,-1,2,-3,4,-64
28,3,-1,0,2,1,-3,25
-60,-12,-14,-6,-6,-1,-7,-30
10,-8,-2,-3,-5,-19,-6,-10
30,12,8,5,4,7,13,32
-20,0,4,2,0,-4,-19,-52
6,-7,-2,-3,-7,5,7,21
-9,10,-3,-1,6,3,8,6
31,-1,-1,-2,0,-5,2,-4
-38,-14,-5,-2,-1,0,-12,8
21,-3,-4,-4,-4,-3,-9,-8
-11,-10,-2,2,2,6,3,20
-28,2,0,0,3,-3,-5,-9
42,7,-2,1,10,3,4,16
-11,-1,1,-1,-7,-2,4,-3
7,4,4,0,6,0,-6,-5
5,-3,-6,-2,-5,-3,-3,12
32,-2,3,2,1,1,13,17
-66,3,4,3,5,-5,-18,-18
3,-6,-10,-8,-9,-10,-8,24
10,-5,-5,-4,-1,7,0,-3
-9,-3,-5,-5,-4,-7,-7,-25
25,7,3,1,2,0,1,38
-28,-1,5,3,10,10,-12,-23
3,13,8,2,-4,-14,-20,21
-20,-7,-7,-9,-14,-9,-10,-49
39,-7,-7,-6,-6,-1,-2,-2
28,8,4,2,4,9,16,33
-9,-14,-5,0,4,3,1,6
-51,-5,-1,2,-3,2,4,-25
37,15,9,0,-7,-6,-10,11
-51,-15,-2,2,10,1,6,-17
14,11,5,2,0,-3,-3,3
30,1,-2,0,-3,-2,8,18
-18,-8,-9,-6,-7,-3,-3,-33
36,-8,-6,-4,-6,3,15,36
-46,-9,-5,-5,-5,-2,-12,-79
-2,0,3,0,6,1,-4,32
3,1,4,5,4,5,0,21
-18,0,-4,-4,-7,-7,-14,-13
15,1,-1,-1,-5,8,22,53
-40,-3,3,-1,-3,-14,-25,-28
58,6,-3,1,4,3,7,-1
-10,-2,-4,0,2,-3,-4,-27
-15,-7,-2,0,-4,3,1,-1
6,2,3,1,3,10,16,87
17,-1,-11,-7,-3,-10,-34,-71
-22,3,6,1,-2,-4,0,-15
44,2,1,2,7,0,-20,28
-25,-11,-7,-6,-7,-5,-2,-34
9,0,2,5,3,1,20,58
-18,-6,-1,-4,-8,6,-1,-55
-11,-6,-3,-1,1,-13,-18,-3
69,16,3,-1,-5,2,7,0
-76,-9,-3,-4,-6,-3,-1,-2
10,-5,-4,-1,-1,-3,3,-5
-3,-4,3,2,-5,9,22,3
8,1,-5,-1,3,-7,15,18
33,1,-5,-5,1,-3,6,-19
-33,11,13,12,8,1,-3,3
3,-6,-8,-6,-4,0,15,-2
20,-1,-3,2,-5,3,-4,29
-37,-2,2,4,0,3,3,1
46,6,1,0,1,-4,5,35
-41,5,-3,-2,6,1,-1,-33
32,-5,-4,-5,-10,-4,8,-7
21,6,3,1,6,2,3,29
-19,-10,-2,-6,-4,-8,-13,-22
-6,6,0,-6,-8,0,7,7
16,-14,-6,-4,3,-1,-6,-23
-62,-10,-4,-2,-6,-4,-3,-9
17,13,8,4,4,0,6,7
14,-2,4,4,2,4,-1,19
-20,-5,-1,1,-2,-2,-1,-37
5,-8,-7,-1,1,1,-17,16
-12,-12,-7,-5,-6,-3,-7,-38
28,4,2,-2,-15,-15,-2,24
-35,-4,0,6,7,3,-27,4
10,3,5,0,-5,-10,-2,-32
-31,-5,-10,-8,-5,-5,2,54
37,12,6,5,2,4,-5,11
1,-1,1,0,9,6,10,-7
-9,-4,-3,-5,-8,1,10,34
33,6,-2,1,2,-2,-7,4
-17,-6,1,0,3,5,3,-15
-18,5,3,0,1,-2,-10,17
50,4,0,1,5,1,4,8
-21,-4,-8,-9,-13,-6,-6,-45
-32,-13,-6,-6,3,4,-6,-19
25,1,1,3,-4,-16,-5,37
9,5,5,6,-3,7,15,-16
-29,-9,-5,-2,-4,-4,-3,-19
-2,6,1,-3,-1,-2,-6,-32
19,3,2,0,2,8,13,30
-20,-14,-2,0,-4,-11,-3,-26
32,3,3,2,2,-1,-6,18
-29,4,-3,-2,-2,-1,5,-7
14,-1,-6,-7,-7,-1,-7,-10
5,2,-6,-5,-3,-1,3,18
-15,-9,-4,2,0,4,9,18
20,-2,6,2,2,4,4,-26
-32,3,6,-3,-16,-10,2,-31
7,8,1,-1,5,0,-15,42
-24,-17,-10,-1,1,-3,-9,-8
2,-8,-8,-2,-7,-9,-6,-9
-35,3,-1,-2,4,3,1,-13
8,6,2,0,0,6,13,1
-6,2,3,6,-2,-3,4,10
31,3,3,0,-8,-3,-5,15
-24,4,1,-1,1,4,-1,-54
-30,-4,-1,-3,1,11,4,2
23,2,4,2,4,-1,-18,14
8,2,-2,0,5,2,15,58
-20,-8,-5,-4,-2,-4,-15,-62
0,2,-4,-2,-2,3,-3,-17
17,-1,0,-3,-6,3,15,31
5,4,0,1,2,-1,0,11
-15,-8,1,1,3,-1,-15,1
4,-7,-3,-3,-5,-5,-20,-15
-3,1,-2,2,11,-2,2,-27
6,4,-3,1,3,2,0,50
23,-3,-5,-7,-8,-5,7,14
-4,-8,-4,-3,-5,-9,-1,-47
48,9,5,6,14,8,7,64
-39,-6,0,-5,-11,1,-2,-42
18,4,-6,-1,1,1,8,16
-19,-1,3,-2,-3,-2,0,21
11,2,-5,-5,-3,-3,-3,1
-22,-12,-8,-3,-4,-6,2,-18
-6,2,8,5,0,1,-16,-27
29,10,5,3,1,0,-5,43
-2,6,1,-4,-11,-11,-7,-26
-17,-15,-10,-5,5,1,4,-26
5,-6,-4,-3,-4,-5,-20,47
-23,-3,1,1,3,5,-12,-30
-2,3,-3,0,15,2,3,11
9,-7,-7,-3,-1,-8,0,-25
-8,-1,-4,-5,-6,-5,3,11
-25,-1,4,4,-2,-3,0,-4
21,-1,1,-2,-8,-2,-7,2
-12,-3,-7,-1,0,-8,-18,-29
-1,4,2,0,4,0,-3,-16
-47,-11,-2,-1,-9,-6,13,-7
-20,-3,2,-5,-9,2,-11,-17
7,0,-5,-1,5,1,0,14
30,-5,-4,1,0,-2,8,17
1,6,11,3,3,6,18,-13
-2,8,3,1,-5,1,-3,15
12,2,0,-3,-6,-19,-2,9
-42,-8,-6,-2,1,-1,6,-62
17,-8,-6,-1,-1,-4,-3,3
-32,-2,-6,-7,-5,2,4,-20
36,4,0,-3,-6,-1,-7,24
32,4,-2,3,-2,-2,22,53
8,2,3,0,-1,6,11,-4
-8,0,-3,-3,-6,-1,-11,-45
-4,0,3,7,13,10,-5,-9
-35,-1,2,-2,-1,0,-2,-3
39,0,-4,1,4,5,18,23
5,-6,-7,-7,-6,-5,0,25
-13,-2,-3,7,8,6,-30,0
22,3,11,4,-1,-3,-1,-13
19,18,5,-4,-1,-2,-4,46
-15,-8,-7,-4,-1,-6,-6,-75
9,-4,-5,-7,-8,-3,-5,9
18,-2,-2,4,5,6,0,27
-37,-3,1,1,2,-5,-13,-8
14,-1,5,3,1,-5,12,17
0,7,2,-1,1,3,8,-12
18,-2,1,4,7,3,7,12
10,-1,-8,-7,-7,-3,-9,-32
-70,-4,-1,-2,-4,4,4,10
-1,-11,-2,-4,-7,-7,-2,-41
13,10,-2,-1,1,0,-11,32
-2,-8,-6,1,4,-5,-6,-21
22,3,6,6,1,5,17,24
-36,-1,3,-1,-3,-4,-30,20
-28,-9,-1,-1,5,3,6,4
73,6,-1,-2,-3,-2,7,3
-26,-7,-11,-6,-6,-9,-18,-8
-24,-4,4,1,0,1,11,-30
24,-6,-5,-4,-4,-4,-4,0
-5,7,1,3,2,0,7,52
-2,8,5,2,-3,2,-1,-26
6,-4,-1,-3,-8,0,-7,-7
-46,-1,4,2,3,-4,-2,17
24,-3,-10,-6,-5,0,4,-15
-21,-18,-6,1,3,5,-9,-66
15,9,0,-1,0,-17,10,22
-8,-6,-2,-4,-6,4,8,-15
-12,-2,2,2,5,-9,-56,19
20,5,2,5,7,-3,-14,28
8,0,1,1,1,2,11,9
7,4,-1,-7,-11,6,6,-17
-1,-4,3,3,0,-2,16,-22
-26,0,-2,-4,-7,-3,0,-14
-14,-13,-5,-3,1,-1,-1,-14
32,10,-1,-3,-9,-6,-9,2
-21,-5,1,-3,2,3,4,-3
-2,-5,-2,1,2,1,3,4
34,2,1,1,0,7,14,18
-32,-7,-8,-1,0,-4,-5,-24
-5,-3,-2,-4,-6,-3,0,9
20,-1,6,2,2,1,6,26
-6,10,3,-3,-3,3,7,16
-4,-6,0,1,3,1,-6,-14
32,6,-4,0,1,0,5,5
-59,-13,-2,1,-2,3,23,-49
20,-4,-5,-5,-9,-3,-22,35
22,8,3,1,0,1,3,17
-65,-18,-9,-5,-3,-4,-8,-59
35,4,-1,-2,0,1,3,2
8,6,1,1,2,3,7,7
-30,1,5,2,-4,-6,-11,-24
5,-8,-6,-6,-1,-8,-2,22
60,10,1,0,1,1,6,19
-93,-8,-1,0,-4,5,0,-16
60,2,-6,-1,5,-12,-30,0
-11,-4,2,4,0,6,1,-21
2,-7,-4,0,-4,-6,-2,34
33,8,0,-1,-1,2,5,-4
52,17,5,0,-2,-5,16,14
-45,-3,0,1,-3,4,-3,-18
18,-5,-6,-7,-9,-5,-13,-9
-27,-13,-8,-5,-3,-1,7,-22
-27,-4,-1,1,0,5,8,16
51,14,8,0,-3,-2,-7,10
-24,-2,-1,-1,0,-6,-6,13
49,5,-10,-7,-4,-2,-1,-20
-3,-8,-5,-4,-2,-9,9,-8
-35,3,-1,1,4,5,11,-15
26,6,4,1,2,-3,-19,33
-10,-10,-3,2,9,7,-1,-30
-26,-11,1,-1,-7,-7,7,26
28,5,-4,-4,-12,-7,-4,-6
6,9,7,1,3,5,9,20
-12,-2,1,2,3,-4,-3,-23
15,-1,-4,-2,-3,10,10,15
-13,-8,-4,-1,9,-9,4,25
-15,-6,-4,-5,-7,0,9,-13
11,-3,-3,-3,3,-8,-1,-9
-22,4,7,0,2,5,-11,-8
15,6,2,0,-2,2,3,-1
7,2,1,-1,-1,-5,-1,-4
-34,-14,-4,-6,-10,-5,3,-31
16,-1,-7,3,11,0,-11,14
-27,-9,0,-2,-4,2,-12,-17
1,0,-1,0,11,-4,-3,13
-1,2,-1,3,5,4,15,60
9,-1,-2,-7,-12,-5,-10,-47
9,-4,-1,-2,0,-3,1,7
-28,-4,-6,-2,3,11,-2,-21
52,3,3,6,4,8,-6,50
-21,-3,-3,-3,-4,-15,-21,-34
3,-2,5,1,1,0,1,24
8,9,1,0,-7,1,11,7
-21,0,0,-3,4,-6,5,-10
-19,-2,-2,0,3,11,7,4
19,-11,-10,-4,-1,-3,12,1
-30,-3,2,-1,-4,-3,-17,-32
42,7,6,1,-13,-6,-1,35
-30,7,4,2,6,-1,6,-26
-36,3,3,1,-2,-1,0,-7
22,-3,-7,1,6,-1,7,15
-32,-9,-3,0,3,6,0,-15
51,9,1,-2,-2,-2,4,5
-68,-18,-11,-5,0,-2,-10,-29
10,0,0,-3,-9,-6,-8,-39
-40,-9,1,1,-2,-4,6,-31
-6,2,-2,-1,-7,2,9,32
4,5,-1,-1,2,1,3,22
37,5,-1,1,2,-3,-6,-17
-33,-4,3,6,12,0,17,18
-6,1,3,3,0,5,-17,-21
4,4,-1,-4,-4,-4,-3,6
-6,-10,-3,-1,9,9,1,2
32,9,-10,-5,-9,-4,-3,33
-56,-19,-6,-4,-5,4,-12,13
24,14,12,0,-10,-20,-7,-33
3,3,8,3,-4,-1,9,42
21,9,-3,-5,4,7,-10,-34
-2,-13,-14,-4,-6,-10,10,26
0,-9,-4,0,-5,3,-1,-20
-42,-11,-4,-5,-5,-8,-2,-36
-9,-2,3,1,-2,-5,-21,25
11,3,-3,-3,-3,3,8,-15
31,-3,-5,-1,0,3,0,12
-22,-1,4,4,4,0,2,-8
-6,-6,-6,-4,2,2,12,-2
-15,-8,0,0,0,-11,-20,-19
55,13,2,1,1,1,6,45
9,-3,-5,-4,-4,-2,1,-32
17,4,-1,-4,-6,1,3,3
-21,4,4,2,4,0,10,15
-9,-7,-5,1,3,0,5,9
-8,1,2,2,11,1,-4,-7
27,3,7,2,-4,-4,-9,-2
-42,-7,-7,-11,-9,-8,4,-29
-10,-6,-7,-2,5,7,12,18
-14,10,-4,-8,-21,-13,-19,6
24,5,3,3,-1,-1,8,-13
9,1,5,2,2,6,-4,11
-23,-5,-7,-8,8,-8,-15,-1
16,-1,3,4,4,4,2,41
-63,-8,-2,-2,-4,-6,-1,-57
42,-6,-7,-6,-3,1,5,28
-12,-10,-5,-1,-2,3,0,-14
5,3,-3,-3,-1,1,-5,1
4,8,3,2,-3,-4,1,-4
38,3,1,0,0,1,-2,-11
11,0,3,-2,-3,3,1,9
-3,-15,-12,-11,-9,-13,-8,2
7,-6,-10,1,8,3,-4,10
-14,-4,8,3,1,1,7,-5
-2,18,11,5,3,6,3,-26
7,5,2,0,-4,7,-14,45
-22,-4,4,-3,-7,-21,-5,-11
3,-3,-3,4,4,1,1,-10
-19,-4,-6,-4,-5,-1,4,-13
13,-5,-11,-7,2,2,13,3
38,4,4,2,-2,3,-10,25
-34,-1,3,0,-3,-5,-4,5
15,2,4,4,0,-4,0,4
22,3,0,3,0,2,-13,2
-53,-13,-12,-10,-8,-1,-4,-27
-13,-1,2,1,-2,-1,3,-17
15,18,6,-3,-6,-1,4,18
-17,-10,-2,5,5,4,11,-6
3,3,-2,-1,4,-3,-14,-8
28,1,-6,2,5,1,1,15
-45,-18,-9,-5,-6,-3,-3,-23
19,-4,2,-1,-2,-1,13,-66
-9,6,3,2,5,5,-3,12
-19,-5,-2,-6,-15,-8,-2,-9
22,-5,-9,-2,1,-3,-5,1
18,3,2,-1,-2,0,10,18
-4,-3,-1,2,-2,3,4,-11
-20,-4,0,-1,5,0,-8,-40
-8,-4,2,-1,-8,1,6,23
1,-4,-2,0,2,-4,-5,39
-18,8,1,-2,3,1,-8,-60
34,5,0,1,0,1,2,53
0,-9,-2,-6,-8,-5,-12,-4
-3,8,0,-3,-2,2,14,-12
38,-1,-1,5,4,-3,2,52
8,-3,-8,-5,-7,-2,-11,-9
-50,-13,-7,-3,5,3,-11,5
-11,4,-1,-2,-6,-4,-6,-33
-1,4,7,2,-2,-4,9,2
10,4,3,4,8,3,5,-33
45,8,1,6,10,-4,3,32
-44,-11,-4,-4,-6,0,-12,-3
14,-1,1,-2,-6,0,-3,-10
-16,-3,-4,-1,-3,-2,3,39
25,9,2,3,1,-1,-1,-43
-71,-17,-3,-2,3,2,-6,2
2,0,-7,-6,-6,-8,-9,-29
56,25,16,5,1,1,23,38
-54,-14,-4,-4,-4,1,-11,-39
14,-3,-1,1,-1,-3,6,-4
15,2,-3,-2,-4,0,-9,13
-68,-13,-4,1,6,0,-26,-4
44,11,1,-3,-7,-4,1,5
-19,-3,6,6,4,-3,-5,-13
-6,-13,-4,-3,-1,2,11,-28
4,-3,-13,-6,5,-9,-13,-1
16,9,5,2,3,4,3,12
-8,-2,1,1,-2,-2,-5,1
1,1,0,-2,0,3,8,65
-9,-7,-8,-3,-1,-2,-5,-58
-16,-7,-7,-3,-7,-5,-9,-10
75,9,-3,-1,2,-3,4,38
-45,1,7,0,-5,8,6,-26
11,3,-5,-10,-6,0,-7,-8
36,-5,-6,-1,-3,-5,13,54
-43,-5,2,-2,-9,-4,-23,-65
22,7,1,0,3,2,-4,-20
-4,-6,-5,-4,-6,-1,7,36
13,-5,-3,-2,-4,-2,-15,-73
25,10,-5,-3,9,7,5,40
11,-13,-3,1,-5,-15,-4,49
-26,12,9,3,2,8,12,-46
-30,-9,-7,-6,-11,-6,-8,0
5,-4,1,4,5,3,6,18
-29,-4,3,-2,-7,-6,-22,-11
40,-1,-3,-3,-7,10,18,12
-25,-3,3,5,11,15,-10,-13
27,7,1,-1,-4,-27,-1,-4
-17,-4,-10,-5,-1,3,-4,22
24,-6,3,1,1,2,3,23
-23,8,13,7,9,5,5,-14
3,-6,-4,-6,-7,3,13,1
10,0,-5,0,1,-1,-4,-42
-14,-9,-5,-4,-8,-11,-32,24
21,1,0,-2,1,-1,-1,13
-48,1,0,-1,1,3,4,-1
22,-2,-4,-3,-1,-2,1,0
-27,-4,-5,-8,-7,1,6,-9
32,-4,-4,0,-7,-10,-13,12
-31,-9,0,-2,-4,0,-8,-4
25,13,10,0,-10,0,3,-24
-25,-9,-2,1,-1,-6,3,-13
15,5,1,-1,3,10,1,20
16,0,-6,0,-1,-8,-7,20
-9,-1,-4,-4,-2,-1,-12,4
35,7,-1,1,3,-2,14,29
-18,-10,-4,-3,-7,-2,2,-5
-3,0,3,-1,-1,4,-7,-40
-8,-3,-1,1,3,-1,1,7
-2,-2,4,5,2,-1,16,-17
-1,6,-5,-2,0,-7,-8,-11
40,4,5,3,3,8,7,57
-19,2,-4,-3,-1,-5,-1,-26
-13,-14,-7,2,6,1,4,-23
-1,8,4,-1,-3,-5,-7,0
9,3,3,0,-1,-1,-1,-9
10,4,4,3,5,4,19,36
10,-6,2,3,0,0,-26,-22
-12,8,-2,-3,2,2,23,50
-25,-9,-8,-4,-5,-6,-16,-74
0,-9,-5,-2,1,0,-4,20
-9,8,7,2,-1,-1,-11,22
-2,4,1,2,0,-3,1,-9
33,7,1,1,0,-1,9,30
-24,-7,-8,-5,-6,8,-5,-41
-23,-8,-1,-1,-5,-6,0,-22
-4,4,3,3,2,2,12,14
7,-1,-1,2,6,6,-3,23
26,-3,-3,1,7,12,13,24
-29,0,-1,-6,-5,-19,-28,-29
40,0,0,0,1,-15,4,-20
-24,-2,0,-2,-15,-4,8,10
-72,-10,-2,-5,-12,-12,-16,-49
38,-5,-5,-4,-1,11,8,16
-26,1,3,1,2,4,4,-28
52,-1,-4,0,6,1,11,51
29,14,11,3,9,0,4,34
-23,-5,-2,0,-3,-1,3,-17
-23,-17,-10,-5,2,-3,1,2
32,11,6,5,-2,-1,-13,-3
17,7,-1,-5,-5,5,11,21
-55,-10,0,-4,-3,-2,-8,-24
-10,-9,-4,2,12,1,-12,-22
-18,-2,-4,-8,-6,-3,-4,2
8,-6,-5,3,4,-2,0,-21
32,12,6,0,-7,-1,5,16
-12,-6,-3,-2,3,0,-10,7
-32,-3,-7,-7,-8,-2,-11,-26
3,-1,3,4,0,-9,-24,-14
21,7,0,3,3,8,21,24
-9,-1,-4,-7,-18,-5,-8,-44
2,-3,-2,1,3,1,3,23
10,-1,-6,-6,-8,-4,2,-8
2,-4,-2,2,2,-1,-3,4
6,-4,4,6,3,2,-5,9
1,10,6,1,3,1,3,-6
-5,2,1,2,-3,-6,2,7
-21,-7,-5,-6,-3,0,-7,-4
58,-1,-3,-2,-4,1,11,51
-81,-13,-8,-3,-3,1,-7,-55
11,6,2,3,5,-4,4,16
39,5,3,2,-2,-1,4,20
-24,-4,4,0,-7,2,9,-11
43,-2,-1,-1,5,4,6,18
-48,-7,-6,-5,-8,-12,-5,-42
45,5,-4,-4,0,-9,-2,30
-41,-11,-9,-6,-6,-4,-7,-57
7,2,9,2,-3,1,11,13
-3,5,4,3,8,7,-14,2
-18,-5,-5,-2,-1,4,6,-18
-18,1,-1,-3,0,-3,-4,10
-1,-9,-12,-5,-1,0,-1,-28
34,-10,-5,-5,-9,-4,6,67
-19,9,4,-1,0,-2,4,13
4,5,2,3,6,0,-11,-21
-8,4,5,4,-2,1,3,10
-9,-6,-4,-1,-3,0,-21,-19
-5,-9,-2,0,1,-3,-16,-2
-25,8,2,4,7,-3,4,0
42,1,0,-6,-6,-3,-13,2
-41,6,2,-4,-7,3,10,-8
30,-10,-6,1,5,1,-5,23
18,-3,-9,-3,-4,-3,-14,22
-20,-5,3,0,-4,1,-4,-22
16,0,2,3,8,2,10,-16
-13,-1,-1,-2,-3,-9,-1,10
33,9,-3,-2,-4,2,12,11
-26,-15,-9,-5,-2,11,9,16
-1,-11,-10,-4,-6,-24,-15,-20
-2,11,5,3,-3,5,8,-14
14,3,6,2,-2,2,-6,14
10,10,5,3,1,-6,0,-16
12,4,4,3,10,16,10,13
13,1,-5,-2,3,3,-3,6
2,-3,-5,-3,-10,-6,7,13
-88,-25,-8,-6,-7,-10,-6,-47
13,8,-1,-1,-8,-5,10,31
-45,-3,1,-1,4,-2,-6,-44
19,-1,-2,0,6,5,3,-13
13,5,0,-3,-1,-4,5,-6
-16,-4,-5,0,1,-1,-11,13
7,1,3,3,3,-1,1,2
-20,-6,2,-2,-9,6,1,-22
-3,-4,-8,-6,0,-3,-21,14
19,-3,-1,-2,-3,1,-15,10
14,8,6,3,-2,1,1,25
7,2,-2,-1,-4,2,16,-31
24,-1,-2,2,2,-4,-24,-41
-67,-5,-3,-3,-1,2,14,30
26,-2,-2,1,2,0,2,3
8,-2,2,1,-1,-5,1,21
-20,0,-6,-9,-14,-8,0,6
74,0,-1,-6,-11,-2,9,32
-83,-1,-1,2,14,-6,-24,-62
-19,-11,-5,-2,2,-7,-12,-17
11,1,5,4,7,9,3,14
-15,-7,-4,-1,1,5,3,-18
52,6,-5,-8,-19,-3,5,53
-20,-6,-2,0,6,6,-3,-23
-23,-1,-2,1,-3,-10,16,-10
17,-3,-2,0,-1,1,-2,-2
9,0,0,1,0,6,5,-4
-1,5,0,-1,1,-10,-12,-10
62,4,6,5,4,4,22,26
-93,-18,-9,-3,2,-2,-21,-92
23,-3,0,2,-2,11,27,27
-18,1,-2,-5,-8,-15,-13,14
-4,-3,-5,-4,-8,-3,7,20
64,9,6,3,10,0,7,8
-27,-9,-3,-5,-9,-6,-18,-57
5,3,-3,0,10,4,10,35
76,12,-1,1,-4,-2,1,55
-80,-10,-3,-6,-2,-6,-14,-53
36,0,-5,2,3,1,0,-12
21,4,3,-1,-5,2,13,47
-62,-11,-3,-3,-3,-3,-10,-20
14,7,8,4,1,8,8,2
8,15,5,-2,-2,-1,7,39
-16,-14,-7,0,-2,-5,-19,-40
53,5,3,3,3,6,5,25
-11,0,-4,-3,-9,-8,-10,-7
-23,-4,-3,-3,2,0,-11,-27
5,-2,2,2,-5,6,13,62
-13,7,4,1,1,6,-5,-24
0,-6,-4,-3,-3,-9,25,-15
-11,-7,-7,-7,-7,-2,-3,-25
